1.000000000000000000e+00
1.000000000000000000e+00
1.000000000000000000e+00
1.000000000000000000e+00
1.000000000000000000e+00
1.000000000000000000e+00
1.000000000000000000e+00
1.000000000000000000e+00
3.333333333333333148e-01
1.250000000000000000e-01
1.000000000000000000e+00
1.000000000000000056e-01
1.000000000000000000e+00
5.000000000000000000e-01
1.000000000000000000e+00
1.666666666666666574e-01
3.333333333333333148e-01
2.500000000000000000e-01
1.000000000000000000e+00
1.000000000000000000e+00
1.000000000000000000e+00
2.500000000000000000e-01
9.090909090909091161e-02
2.500000000000000000e-01
9.090909090909091161e-02
2.500000000000000000e-01
7.142857142857142461e-02
1.111111111111111049e-01
1.000000000000000000e+00
1.000000000000000000e+00
7.142857142857142461e-02
1.000000000000000000e+00
2.000000000000000111e-01
7.692307692307692735e-02
3.333333333333333148e-01
9.090909090909091161e-02
7.142857142857142461e-02
7.692307692307692735e-02
1.000000000000000000e+00
3.333333333333333148e-01
9.090909090909091161e-02
2.500000000000000000e-01
8.333333333333332871e-02
3.333333333333333148e-01
7.142857142857142461e-02
8.333333333333332871e-02
5.000000000000000000e-01
5.000000000000000000e-01
5.000000000000000000e-01
1.666666666666666574e-01
3.333333333333333148e-01
3.333333333333333148e-01
3.333333333333333148e-01
3.333333333333333148e-01
2.000000000000000111e-01
9.090909090909091161e-02
1.000000000000000000e+00
1.000000000000000000e+00
3.333333333333333148e-01
1.111111111111111049e-01
3.333333333333333148e-01
1.111111111111111049e-01
1.111111111111111049e-01
1.000000000000000000e+00
1.000000000000000056e-01
1.666666666666666574e-01
1.250000000000000000e-01
5.000000000000000000e-01
1.000000000000000000e+00
3.333333333333333148e-01
5.000000000000000000e-01
1.000000000000000000e+00
1.000000000000000000e+00
5.000000000000000000e-01
5.000000000000000000e-01
1.666666666666666574e-01
1.000000000000000000e+00
1.000000000000000056e-01
1.000000000000000000e+00
1.666666666666666574e-01
3.333333333333333148e-01
3.333333333333333148e-01
1.250000000000000000e-01
5.000000000000000000e-01
5.000000000000000000e-01
