1.000000000000000000e+00
3.333333333333333148e-01
3.333333333333333148e-01
3.333333333333333148e-01
1.000000000000000000e+00
5.000000000000000000e-01
1.000000000000000000e+00
1.000000000000000000e+00
1.000000000000000000e+00
5.000000000000000000e-01
5.000000000000000000e-01
1.000000000000000000e+00
4.761904761904761640e-02
2.000000000000000111e-01
1.000000000000000000e+00
1.000000000000000000e+00
5.000000000000000000e-01
1.000000000000000000e+00
2.000000000000000111e-01
1.000000000000000000e+00
3.333333333333333148e-01
1.000000000000000000e+00
1.538461538461538547e-02
1.000000000000000000e+00
1.000000000000000000e+00
1.470588235294117627e-02
1.000000000000000000e+00
1.408450704225352144e-02
1.449275362318840597e-02
1.388888888888888812e-02
5.000000000000000000e-01
1.408450704225352144e-02
1.408450704225352144e-02
1.408450704225352144e-02
1.000000000000000000e+00
1.000000000000000000e+00
1.408450704225352144e-02
1.408450704225352144e-02
5.000000000000000000e-01
1.408450704225352144e-02
1.388888888888888812e-02
1.388888888888888812e-02
3.333333333333333148e-01
1.428571428571428492e-01
1.408450704225352144e-02
1.408450704225352144e-02
1.408450704225352144e-02
1.408450704225352144e-02
1.428571428571428492e-01
1.408450704225352144e-02
1.388888888888888812e-02
1.388888888888888812e-02
1.428571428571428492e-01
1.388888888888888812e-02
1.408450704225352144e-02
1.408450704225352144e-02
1.408450704225352144e-02
1.408450704225352144e-02
1.408450704225352144e-02
2.000000000000000111e-01
1.428571428571428527e-02
1.449275362318840597e-02
1.408450704225352144e-02
1.428571428571428527e-02
1.000000000000000000e+00
1.449275362318840597e-02
5.000000000000000000e-01
5.000000000000000000e-01
1.612903225806451568e-02
1.428571428571428492e-01
1.408450704225352144e-02
1.408450704225352144e-02
1.408450704225352144e-02
1.000000000000000000e+00
5.000000000000000000e-01
1.000000000000000000e+00
1.408450704225352144e-02
1.408450704225352144e-02
1.000000000000000000e+00
1.388888888888888812e-02
1.000000000000000000e+00
1.000000000000000000e+00
5.000000000000000000e-01
1.408450704225352144e-02
1.408450704225352144e-02
1.000000000000000000e+00
1.000000000000000000e+00
1.408450704225352144e-02
1.408450704225352144e-02
1.000000000000000000e+00
1.428571428571428527e-02
2.083333333333333218e-02
1.388888888888888812e-02
1.408450704225352144e-02
1.428571428571428527e-02
1.408450704225352144e-02
1.408450704225352144e-02
1.408450704225352144e-02
1.000000000000000000e+00
1.408450704225352144e-02
1.408450704225352144e-02
1.428571428571428527e-02
1.000000000000000000e+00
1.408450704225352144e-02
1.408450704225352144e-02
1.470588235294117627e-02
1.428571428571428527e-02
1.408450704225352144e-02
1.428571428571428527e-02
1.000000000000000000e+00
1.428571428571428527e-02
5.000000000000000000e-01
1.428571428571428527e-02
1.428571428571428527e-02
1.388888888888888812e-02
1.000000000000000000e+00
1.000000000000000000e+00
1.388888888888888812e-02
1.000000000000000000e+00
1.000000000000000000e+00
1.000000000000000000e+00
1.000000000000000000e+00
1.408450704225352144e-02
2.500000000000000000e-01
5.000000000000000000e-01
1.666666666666666574e-01
1.000000000000000000e+00
1.000000000000000000e+00
1.666666666666666574e-01
2.500000000000000000e-01
2.000000000000000111e-01
1.000000000000000000e+00
1.428571428571428527e-02
1.000000000000000000e+00
1.408450704225352144e-02
1.000000000000000000e+00
1.408450704225352144e-02
1.000000000000000000e+00
2.500000000000000000e-01
1.000000000000000000e+00
1.250000000000000000e-01
1.000000000000000000e+00
2.500000000000000000e-01
1.408450704225352144e-02
2.000000000000000111e-01
1.000000000000000000e+00
3.333333333333333148e-01
1.000000000000000000e+00
1.000000000000000000e+00
3.333333333333333148e-01
3.333333333333333148e-01
2.500000000000000000e-01
1.250000000000000000e-01
1.000000000000000000e+00
1.000000000000000056e-01
3.333333333333333148e-01
3.333333333333333148e-01
1.000000000000000000e+00
5.000000000000000000e-01
5.000000000000000000e-01
1.000000000000000000e+00
5.000000000000000000e-01
1.000000000000000000e+00
5.000000000000000000e-01
5.000000000000000000e-01
3.333333333333333148e-01
1.000000000000000000e+00
1.666666666666666574e-01
3.333333333333333148e-01
2.500000000000000000e-01
1.000000000000000000e+00
5.000000000000000000e-01
1.000000000000000000e+00
1.408450704225352144e-02
1.000000000000000000e+00
2.000000000000000111e-01
1.000000000000000000e+00
2.500000000000000000e-01
9.090909090909091161e-02
2.500000000000000000e-01
9.090909090909091161e-02
1.000000000000000000e+00
2.500000000000000000e-01
5.000000000000000000e-01
7.142857142857142461e-02
1.111111111111111049e-01
1.000000000000000000e+00
1.000000000000000000e+00
1.000000000000000000e+00
3.333333333333333148e-01
3.333333333333333148e-01
1.000000000000000000e+00
7.142857142857142461e-02
5.000000000000000000e-01
3.333333333333333148e-01
1.000000000000000000e+00
1.000000000000000000e+00
1.000000000000000000e+00
2.000000000000000111e-01
7.692307692307692735e-02
3.333333333333333148e-01
9.090909090909091161e-02
5.000000000000000000e-01
1.000000000000000000e+00
1.000000000000000000e+00
7.142857142857142461e-02
1.000000000000000000e+00
7.692307692307692735e-02
1.000000000000000000e+00
3.333333333333333148e-01
9.090909090909091161e-02
2.500000000000000000e-01
8.333333333333332871e-02
3.333333333333333148e-01
1.000000000000000000e+00
7.142857142857142461e-02
5.000000000000000000e-01
8.333333333333332871e-02
5.000000000000000000e-01
5.000000000000000000e-01
5.000000000000000000e-01
1.666666666666666574e-01
3.333333333333333148e-01
3.333333333333333148e-01
1.000000000000000000e+00
3.333333333333333148e-01
3.333333333333333148e-01
3.333333333333333148e-01
3.333333333333333148e-01
1.000000000000000000e+00
2.000000000000000111e-01
9.090909090909091161e-02
5.000000000000000000e-01
3.333333333333333148e-01
1.000000000000000000e+00
3.333333333333333148e-01
1.000000000000000000e+00
3.333333333333333148e-01
3.333333333333333148e-01
3.333333333333333148e-01
1.428571428571428527e-02
1.000000000000000000e+00
1.111111111111111049e-01
3.333333333333333148e-01
1.111111111111111049e-01
1.111111111111111049e-01
1.000000000000000000e+00
1.000000000000000056e-01
1.666666666666666574e-01
1.000000000000000000e+00
5.000000000000000000e-01
2.500000000000000000e-01
1.250000000000000000e-01
2.500000000000000000e-01
2.500000000000000000e-01
1.000000000000000000e+00
5.000000000000000000e-01
1.000000000000000000e+00
1.250000000000000000e-01
3.333333333333333148e-01
1.000000000000000000e+00
5.000000000000000000e-01
2.500000000000000000e-01
3.333333333333333148e-01
1.000000000000000000e+00
1.250000000000000000e-01
1.000000000000000000e+00
1.250000000000000000e-01
1.000000000000000000e+00
1.250000000000000000e-01
1.000000000000000000e+00
1.250000000000000000e-01
3.333333333333333148e-01
1.250000000000000000e-01
1.000000000000000000e+00
3.333333333333333148e-01
1.250000000000000000e-01
5.000000000000000000e-01
1.000000000000000000e+00
1.000000000000000000e+00
1.000000000000000000e+00
1.000000000000000000e+00
1.000000000000000000e+00
3.333333333333333148e-01
3.333333333333333148e-01
5.000000000000000000e-01
5.000000000000000000e-01
3.333333333333333148e-01
5.000000000000000000e-01
1.250000000000000000e-01
5.000000000000000000e-01
1.000000000000000000e+00
1.666666666666666574e-01
1.000000000000000000e+00
1.000000000000000056e-01
1.000000000000000000e+00
1.000000000000000000e+00
5.000000000000000000e-01
3.333333333333333148e-01
1.000000000000000000e+00
1.000000000000000000e+00
1.000000000000000000e+00
1.666666666666666574e-01
3.333333333333333148e-01
1.000000000000000000e+00
1.000000000000000000e+00
1.000000000000000000e+00
1.000000000000000000e+00
1.000000000000000000e+00
1.000000000000000000e+00
1.000000000000000000e+00
3.333333333333333148e-01
3.333333333333333148e-01
1.000000000000000000e+00
1.111111111111111049e-01
1.000000000000000000e+00
2.500000000000000000e-01
1.000000000000000000e+00
1.000000000000000000e+00
2.000000000000000111e-01
1.250000000000000000e-01
1.000000000000000000e+00
1.000000000000000000e+00
1.000000000000000000e+00
1.000000000000000000e+00
1.111111111111111049e-01
2.500000000000000000e-01
2.500000000000000000e-01
1.250000000000000000e-01
2.500000000000000000e-01
5.000000000000000000e-01
5.000000000000000000e-01
5.000000000000000000e-01
1.000000000000000000e+00
1.000000000000000000e+00
1.111111111111111049e-01
1.000000000000000000e+00
3.333333333333333148e-01
3.333333333333333148e-01
3.333333333333333148e-01
1.000000000000000000e+00
5.000000000000000000e-01
1.000000000000000000e+00
5.000000000000000000e-01
1.000000000000000000e+00
3.333333333333333148e-01
1.000000000000000000e+00
1.250000000000000000e-01
1.428571428571428492e-01
1.000000000000000000e+00
5.000000000000000000e-01
1.000000000000000000e+00
1.666666666666666574e-01
5.000000000000000000e-01
1.000000000000000000e+00
1.000000000000000000e+00
1.000000000000000000e+00
1.250000000000000000e-01
1.000000000000000000e+00
1.000000000000000000e+00
5.000000000000000000e-01
5.000000000000000000e-01
1.000000000000000000e+00
5.000000000000000000e-01
1.000000000000000000e+00
1.000000000000000000e+00
5.000000000000000000e-01
1.000000000000000000e+00
1.000000000000000000e+00
1.000000000000000000e+00
1.000000000000000000e+00
1.000000000000000000e+00
1.000000000000000000e+00
