1.000000000000000000e+00
2.500000000000000000e-01
1.111111111111111049e-01
1.111111111111111049e-01
1.111111111111111049e-01
1.111111111111111049e-01
1.111111111111111049e-01
2.500000000000000000e-01
2.500000000000000000e-01
2.000000000000000111e-01
5.000000000000000000e-01
1.000000000000000056e-01
1.000000000000000056e-01
1.000000000000000056e-01
1.428571428571428492e-01
1.428571428571428492e-01
1.428571428571428492e-01
1.000000000000000000e+00
1.111111111111111049e-01
1.000000000000000056e-01
1.000000000000000000e+00
5.000000000000000000e-01
1.000000000000000000e+00
1.250000000000000000e-01
1.250000000000000000e-01
1.000000000000000000e+00
1.000000000000000000e+00
1.000000000000000000e+00
1.428571428571428492e-01
5.000000000000000000e-01
1.250000000000000000e-01
5.000000000000000000e-01
5.000000000000000000e-01
3.333333333333333148e-01
5.000000000000000000e-01
5.000000000000000000e-01
3.333333333333333148e-01
3.030303030303030387e-02
2.000000000000000111e-01
3.333333333333333148e-01
1.250000000000000000e-01
1.000000000000000000e+00
3.333333333333333148e-01
5.000000000000000000e-01
1.000000000000000000e+00
2.000000000000000111e-01
1.000000000000000000e+00
5.000000000000000000e-01
3.333333333333333148e-01
1.000000000000000000e+00
1.000000000000000000e+00
1.666666666666666574e-01
1.666666666666666574e-01
1.149425287356321823e-02
1.000000000000000000e+00
1.666666666666666574e-01
1.000000000000000000e+00
1.000000000000000000e+00
1.111111111111111154e-02
1.666666666666666574e-01
1.000000000000000000e+00
1.052631578947368397e-02
1.052631578947368397e-02
1.098901098901098987e-02
1.063829787234042527e-02
5.000000000000000000e-01
1.052631578947368397e-02
1.000000000000000000e+00
1.086956521739130405e-02
1.041666666666666609e-02
1.052631578947368397e-02
1.000000000000000000e+00
1.052631578947368397e-02
1.000000000000000000e+00
1.000000000000000000e+00
1.075268817204301161e-02
1.052631578947368397e-02
1.000000000000000000e+00
5.000000000000000000e-01
1.086956521739130405e-02
1.000000000000000000e+00
1.063829787234042527e-02
1.041666666666666609e-02
5.000000000000000000e-01
3.333333333333333148e-01
1.428571428571428492e-01
1.052631578947368397e-02
1.052631578947368397e-02
1.075268817204301161e-02
1.052631578947368397e-02
1.428571428571428492e-01
1.052631578947368397e-02
1.041666666666666609e-02
1.086956521739130405e-02
1.041666666666666609e-02
1.666666666666666574e-01
1.075268817204301161e-02
1.428571428571428492e-01
1.041666666666666609e-02
1.086956521739130405e-02
1.052631578947368397e-02
1.075268817204301161e-02
1.000000000000000000e+00
1.052631578947368397e-02
1.052631578947368397e-02
1.075268817204301161e-02
2.000000000000000111e-01
1.086956521739130405e-02
1.098901098901098987e-02
1.052631578947368397e-02
1.000000000000000000e+00
1.086956521739130405e-02
1.000000000000000000e+00
5.000000000000000000e-01
5.000000000000000000e-01
1.075268817204301161e-02
1.000000000000000000e+00
1.000000000000000000e+00
1.666666666666666574e-01
5.000000000000000000e-01
2.000000000000000111e-01
1.075268817204301161e-02
5.000000000000000000e-01
1.666666666666666574e-01
5.000000000000000000e-01
5.000000000000000000e-01
2.000000000000000111e-01
5.000000000000000000e-01
1.000000000000000000e+00
1.333333333333333419e-02
1.428571428571428492e-01
1.063829787234042527e-02
1.075268817204301161e-02
2.000000000000000111e-01
2.941176470588235253e-02
1.000000000000000000e+00
1.086956521739130405e-02
1.052631578947368397e-02
1.000000000000000000e+00
3.333333333333333148e-01
5.000000000000000000e-01
1.000000000000000000e+00
1.086956521739130405e-02
3.030303030303030387e-02
1.000000000000000000e+00
1.075268817204301161e-02
1.075268817204301161e-02
1.000000000000000000e+00
1.000000000000000000e+00
1.041666666666666609e-02
5.000000000000000000e-01
3.333333333333333148e-01
1.098901098901098987e-02
2.500000000000000000e-01
1.190476190476190410e-02
1.075268817204301161e-02
1.075268817204301161e-02
1.098901098901098987e-02
1.000000000000000000e+00
1.086956521739130405e-02
1.000000000000000000e+00
1.075268817204301161e-02
1.052631578947368397e-02
1.063829787234042527e-02
1.000000000000000000e+00
1.086956521739130405e-02
1.075268817204301161e-02
5.000000000000000000e-01
1.639344262295082053e-02
1.063829787234042527e-02
1.075268817204301161e-02
1.086956521739130405e-02
1.052631578947368397e-02
1.000000000000000000e+00
1.000000000000000000e+00
1.086956521739130405e-02
1.052631578947368397e-02
1.250000000000000000e-01
1.075268817204301161e-02
1.000000000000000000e+00
1.075268817204301161e-02
1.086956521739130405e-02
1.075268817204301161e-02
1.250000000000000000e-01
1.086956521739130405e-02
5.000000000000000000e-01
1.086956521739130405e-02
1.086956521739130405e-02
1.123595505617977497e-02
1.086956521739130405e-02
1.052631578947368397e-02
1.052631578947368397e-02
1.000000000000000056e-01
1.086956521739130405e-02
1.000000000000000000e+00
1.086956521739130405e-02
1.000000000000000056e-01
1.086956521739130405e-02
5.000000000000000000e-01
1.086956521739130405e-02
1.250000000000000000e-01
1.041666666666666609e-02
1.075268817204301161e-02
1.250000000000000000e-01
1.000000000000000000e+00
1.000000000000000000e+00
1.041666666666666609e-02
1.000000000000000000e+00
1.000000000000000000e+00
1.000000000000000000e+00
1.000000000000000000e+00
1.075268817204301161e-02
2.000000000000000111e-01
1.250000000000000000e-01
1.428571428571428492e-01
5.000000000000000000e-01
1.000000000000000000e+00
1.000000000000000000e+00
1.428571428571428492e-01
1.098901098901098987e-02
2.500000000000000000e-01
1.666666666666666574e-01
1.000000000000000000e+00
1.098901098901098987e-02
5.000000000000000000e-01
1.075268817204301161e-02
1.000000000000000000e+00
1.000000000000000000e+00
1.000000000000000000e+00
1.075268817204301161e-02
3.333333333333333148e-01
1.250000000000000000e-01
1.000000000000000000e+00
5.000000000000000000e-01
1.000000000000000000e+00
2.000000000000000111e-01
2.500000000000000000e-01
1.000000000000000000e+00
1.111111111111111049e-01
5.000000000000000000e-01
1.075268817204301161e-02
1.000000000000000000e+00
1.250000000000000000e-01
2.000000000000000111e-01
5.000000000000000000e-01
1.075268817204301161e-02
1.666666666666666574e-01
1.075268817204301161e-02
1.000000000000000056e-01
1.000000000000000000e+00
3.333333333333333148e-01
5.000000000000000000e-01
1.000000000000000000e+00
3.333333333333333148e-01
3.333333333333333148e-01
1.000000000000000000e+00
2.000000000000000111e-01
1.250000000000000000e-01
1.000000000000000000e+00
1.000000000000000056e-01
3.333333333333333148e-01
1.000000000000000000e+00
3.333333333333333148e-01
1.000000000000000000e+00
1.000000000000000000e+00
1.250000000000000000e-01
1.250000000000000000e-01
5.000000000000000000e-01
1.000000000000000000e+00
5.000000000000000000e-01
1.000000000000000000e+00
2.000000000000000111e-01
5.000000000000000000e-01
5.000000000000000000e-01
3.333333333333333148e-01
1.000000000000000000e+00
1.666666666666666574e-01
5.000000000000000000e-01
3.333333333333333148e-01
2.500000000000000000e-01
1.000000000000000000e+00
1.000000000000000000e+00
2.000000000000000111e-01
5.000000000000000000e-01
1.000000000000000000e+00
2.500000000000000000e-01
1.075268817204301161e-02
1.000000000000000000e+00
5.000000000000000000e-01
1.666666666666666574e-01
2.000000000000000111e-01
1.000000000000000000e+00
2.500000000000000000e-01
1.000000000000000000e+00
9.090909090909091161e-02
1.000000000000000000e+00
2.500000000000000000e-01
9.090909090909091161e-02
1.000000000000000000e+00
2.500000000000000000e-01
1.000000000000000000e+00
1.111111111111111049e-01
5.000000000000000000e-01
7.142857142857142461e-02
1.111111111111111049e-01
5.000000000000000000e-01
1.000000000000000000e+00
1.000000000000000000e+00
1.000000000000000000e+00
1.111111111111111049e-01
1.250000000000000000e-01
1.000000000000000000e+00
3.333333333333333148e-01
1.000000000000000000e+00
3.333333333333333148e-01
7.142857142857142461e-02
5.000000000000000000e-01
3.333333333333333148e-01
5.000000000000000000e-01
1.000000000000000000e+00
5.000000000000000000e-01
1.000000000000000000e+00
1.000000000000000000e+00
2.000000000000000111e-01
7.692307692307692735e-02
3.333333333333333148e-01
1.000000000000000000e+00
2.000000000000000111e-01
5.000000000000000000e-01
9.090909090909091161e-02
3.333333333333333148e-01
5.000000000000000000e-01
5.000000000000000000e-01
1.000000000000000000e+00
7.142857142857142461e-02
1.000000000000000000e+00
7.692307692307692735e-02
1.000000000000000000e+00
1.000000000000000000e+00
1.000000000000000000e+00
1.000000000000000000e+00
5.000000000000000000e-01
3.333333333333333148e-01
9.090909090909091161e-02
2.500000000000000000e-01
8.333333333333332871e-02
3.333333333333333148e-01
1.000000000000000000e+00
7.142857142857142461e-02
5.000000000000000000e-01
3.333333333333333148e-01
8.333333333333332871e-02
5.000000000000000000e-01
1.000000000000000000e+00
5.000000000000000000e-01
1.666666666666666574e-01
5.000000000000000000e-01
1.000000000000000000e+00
1.666666666666666574e-01
3.333333333333333148e-01
3.333333333333333148e-01
1.000000000000000000e+00
3.333333333333333148e-01
3.333333333333333148e-01
2.500000000000000000e-01
3.333333333333333148e-01
1.000000000000000000e+00
1.000000000000000000e+00
1.000000000000000000e+00
2.000000000000000111e-01
9.090909090909091161e-02
2.500000000000000000e-01
2.000000000000000111e-01
1.000000000000000000e+00
3.333333333333333148e-01
5.000000000000000000e-01
1.000000000000000000e+00
1.000000000000000000e+00
2.500000000000000000e-01
3.333333333333333148e-01
3.333333333333333148e-01
1.086956521739130405e-02
1.000000000000000000e+00
1.000000000000000000e+00
1.000000000000000000e+00
1.111111111111111049e-01
3.333333333333333148e-01
1.111111111111111049e-01
1.000000000000000000e+00
1.111111111111111049e-01
1.000000000000000000e+00
1.000000000000000000e+00
1.000000000000000056e-01
1.000000000000000000e+00
1.000000000000000000e+00
1.666666666666666574e-01
1.000000000000000000e+00
2.500000000000000000e-01
2.500000000000000000e-01
1.000000000000000000e+00
1.250000000000000000e-01
5.000000000000000000e-01
1.000000000000000000e+00
2.500000000000000000e-01
2.500000000000000000e-01
1.000000000000000000e+00
5.000000000000000000e-01
5.000000000000000000e-01
1.000000000000000000e+00
1.000000000000000000e+00
1.250000000000000000e-01
3.333333333333333148e-01
1.000000000000000000e+00
5.000000000000000000e-01
2.500000000000000000e-01
3.333333333333333148e-01
1.000000000000000000e+00
1.250000000000000000e-01
1.000000000000000000e+00
1.250000000000000000e-01
1.000000000000000000e+00
1.000000000000000000e+00
1.000000000000000000e+00
1.250000000000000000e-01
1.000000000000000000e+00
1.250000000000000000e-01
3.333333333333333148e-01
1.250000000000000000e-01
1.000000000000000000e+00
1.000000000000000000e+00
3.333333333333333148e-01
1.250000000000000000e-01
1.000000000000000000e+00
1.000000000000000000e+00
1.000000000000000000e+00
5.000000000000000000e-01
3.333333333333333148e-01
1.000000000000000000e+00
1.000000000000000000e+00
3.333333333333333148e-01
1.000000000000000000e+00
1.000000000000000000e+00
3.333333333333333148e-01
1.000000000000000000e+00
1.000000000000000000e+00
1.000000000000000000e+00
1.000000000000000000e+00
1.000000000000000000e+00
1.000000000000000000e+00
3.333333333333333148e-01
3.333333333333333148e-01
5.000000000000000000e-01
1.000000000000000000e+00
5.000000000000000000e-01
1.000000000000000000e+00
3.333333333333333148e-01
5.000000000000000000e-01
1.250000000000000000e-01
5.000000000000000000e-01
1.000000000000000000e+00
1.000000000000000000e+00
3.333333333333333148e-01
1.000000000000000000e+00
1.000000000000000000e+00
1.666666666666666574e-01
1.000000000000000000e+00
1.000000000000000056e-01
1.000000000000000000e+00
2.000000000000000111e-01
5.000000000000000000e-01
3.333333333333333148e-01
2.000000000000000111e-01
1.000000000000000000e+00
1.000000000000000000e+00
1.000000000000000000e+00
1.000000000000000000e+00
1.000000000000000000e+00
3.333333333333333148e-01
1.666666666666666574e-01
1.000000000000000000e+00
1.000000000000000000e+00
1.000000000000000000e+00
3.333333333333333148e-01
1.000000000000000000e+00
2.000000000000000111e-01
5.000000000000000000e-01
2.000000000000000111e-01
1.000000000000000000e+00
1.000000000000000000e+00
1.000000000000000000e+00
1.000000000000000000e+00
1.000000000000000000e+00
1.000000000000000000e+00
1.000000000000000000e+00
1.000000000000000000e+00
1.000000000000000000e+00
3.333333333333333148e-01
1.000000000000000000e+00
2.000000000000000111e-01
1.000000000000000000e+00
3.333333333333333148e-01
1.000000000000000000e+00
1.000000000000000000e+00
1.000000000000000000e+00
1.111111111111111049e-01
1.000000000000000000e+00
3.333333333333333148e-01
1.000000000000000000e+00
1.000000000000000000e+00
5.000000000000000000e-01
1.000000000000000000e+00
1.000000000000000000e+00
3.333333333333333148e-01
2.000000000000000111e-01
1.000000000000000000e+00
3.333333333333333148e-01
1.000000000000000000e+00
1.000000000000000000e+00
1.000000000000000000e+00
1.000000000000000000e+00
2.000000000000000111e-01
1.250000000000000000e-01
1.000000000000000000e+00
1.000000000000000000e+00
1.000000000000000000e+00
3.333333333333333148e-01
1.000000000000000000e+00
5.000000000000000000e-01
5.000000000000000000e-01
1.111111111111111049e-01
5.000000000000000000e-01
1.000000000000000000e+00
1.666666666666666574e-01
2.500000000000000000e-01
5.000000000000000000e-01
5.000000000000000000e-01
3.333333333333333148e-01
5.000000000000000000e-01
1.000000000000000000e+00
1.250000000000000000e-01
1.000000000000000000e+00
2.000000000000000111e-01
5.000000000000000000e-01
1.000000000000000000e+00
1.000000000000000000e+00
3.333333333333333148e-01
1.000000000000000000e+00
1.000000000000000000e+00
1.000000000000000000e+00
1.000000000000000000e+00
5.000000000000000000e-01
2.500000000000000000e-01
5.000000000000000000e-01
1.000000000000000000e+00
1.000000000000000000e+00
5.000000000000000000e-01
2.500000000000000000e-01
1.000000000000000000e+00
1.000000000000000000e+00
5.000000000000000000e-01
1.000000000000000000e+00
3.333333333333333148e-01
1.000000000000000000e+00
1.111111111111111049e-01
5.000000000000000000e-01
1.000000000000000000e+00
3.333333333333333148e-01
3.333333333333333148e-01
1.000000000000000000e+00
3.333333333333333148e-01
1.000000000000000000e+00
5.000000000000000000e-01
3.333333333333333148e-01
5.000000000000000000e-01
1.000000000000000000e+00
5.000000000000000000e-01
1.000000000000000000e+00
2.500000000000000000e-01
1.000000000000000000e+00
3.333333333333333148e-01
1.000000000000000000e+00
2.500000000000000000e-01
1.250000000000000000e-01
1.428571428571428492e-01
1.000000000000000000e+00
1.000000000000000000e+00
5.000000000000000000e-01
1.000000000000000000e+00
5.000000000000000000e-01
2.500000000000000000e-01
1.000000000000000000e+00
1.666666666666666574e-01
5.000000000000000000e-01
2.000000000000000111e-01
5.000000000000000000e-01
1.000000000000000000e+00
1.000000000000000000e+00
1.000000000000000000e+00
1.000000000000000000e+00
1.428571428571428492e-01
1.000000000000000000e+00
1.250000000000000000e-01
1.000000000000000000e+00
2.000000000000000111e-01
1.000000000000000000e+00
1.000000000000000000e+00
3.333333333333333148e-01
2.000000000000000111e-01
2.000000000000000111e-01
5.000000000000000000e-01
5.000000000000000000e-01
1.000000000000000000e+00
3.333333333333333148e-01
1.000000000000000000e+00
5.000000000000000000e-01
2.000000000000000111e-01
1.666666666666666574e-01
1.000000000000000000e+00
5.000000000000000000e-01
5.000000000000000000e-01
5.000000000000000000e-01
5.000000000000000000e-01
1.000000000000000000e+00
5.000000000000000000e-01
2.000000000000000111e-01
1.000000000000000000e+00
5.000000000000000000e-01
1.000000000000000000e+00
5.000000000000000000e-01
1.000000000000000000e+00
1.000000000000000000e+00
1.000000000000000000e+00
1.000000000000000000e+00
2.000000000000000111e-01
1.666666666666666574e-01
1.000000000000000000e+00
1.000000000000000000e+00
1.000000000000000000e+00
1.000000000000000000e+00
1.000000000000000000e+00
2.000000000000000111e-01
1.000000000000000000e+00
1.000000000000000000e+00
