1.000000000000000000e+00
3.333333333333333287e-02
2.000000000000000111e-01
3.125000000000000000e-02
5.000000000000000000e-01
3.125000000000000000e-02
3.125000000000000000e-02
3.125000000000000000e-02
3.125000000000000000e-02
3.125000000000000000e-02
3.225806451612903136e-02
3.125000000000000000e-02
1.666666666666666574e-01
3.125000000000000000e-02
5.000000000000000000e-01
3.125000000000000000e-02
3.125000000000000000e-02
3.125000000000000000e-02
1.000000000000000000e+00
1.666666666666666574e-01
3.125000000000000000e-02
3.125000000000000000e-02
5.000000000000000000e-01
2.000000000000000111e-01
1.666666666666666574e-01
3.333333333333333148e-01
5.263157894736841813e-02
3.225806451612903136e-02
4.347826086956521618e-02
3.225806451612903136e-02
8.333333333333332871e-02
5.263157894736841813e-02
3.571428571428571230e-02
5.555555555555555247e-02
3.333333333333333287e-02
3.846153846153846367e-02
9.090909090909091161e-02
7.692307692307692735e-02
4.545454545454545581e-02
3.703703703703703498e-02
1.000000000000000000e+00
7.142857142857142461e-02
3.225806451612903136e-02
5.555555555555555247e-02
3.225806451612903136e-02
5.000000000000000278e-02
1.000000000000000000e+00
5.000000000000000000e-01
5.000000000000000000e-01
6.250000000000000000e-02
3.125000000000000000e-02
7.692307692307692735e-02
4.347826086956521618e-02
1.000000000000000000e+00
8.333333333333332871e-02
1.000000000000000000e+00
1.000000000000000000e+00
1.000000000000000000e+00
1.000000000000000000e+00
1.000000000000000000e+00
5.000000000000000000e-01
2.127659574468085055e-02
3.703703703703703498e-02
2.040816326530612082e-02
3.571428571428571230e-02
2.040816326530612082e-02
2.040816326530612082e-02
2.040816326530612082e-02
3.703703703703703498e-02
7.692307692307692735e-02
3.333333333333333148e-01
2.040816326530612082e-02
2.040816326530612082e-02
3.333333333333333148e-01
2.040816326530612082e-02
2.040816326530612082e-02
2.040816326530612082e-02
2.040816326530612082e-02
2.040816326530612082e-02
4.545454545454545581e-02
2.040816326530612082e-02
8.333333333333332871e-02
2.040816326530612082e-02
2.040816326530612082e-02
2.040816326530612082e-02
2.040816326530612082e-02
2.040816326530612082e-02
3.333333333333333148e-01
2.040816326530612082e-02
2.083333333333333218e-02
2.127659574468085055e-02
1.000000000000000000e+00
2.040816326530612082e-02
2.040816326530612082e-02
5.000000000000000000e-01
2.040816326530612082e-02
2.040816326530612082e-02
2.040816326530612082e-02
5.000000000000000000e-01
2.040816326530612082e-02
2.040816326530612082e-02
2.083333333333333218e-02
2.040816326530612082e-02
2.040816326530612082e-02
2.040816326530612082e-02
2.040816326530612082e-02
5.000000000000000000e-01
2.040816326530612082e-02
2.040816326530612082e-02
2.040816326530612082e-02
2.040816326530612082e-02
2.040816326530612082e-02
4.166666666666666435e-02
2.040816326530612082e-02
2.272727272727272790e-02
2.127659574468085055e-02
2.040816326530612082e-02
1.000000000000000000e+00
4.347826086956521618e-02
2.040816326530612082e-02
1.000000000000000000e+00
2.040816326530612082e-02
3.030303030303030387e-02
1.666666666666666574e-01
4.347826086956521618e-02
2.040816326530612082e-02
2.127659574468085055e-02
1.000000000000000000e+00
5.555555555555555247e-02
1.000000000000000000e+00
6.250000000000000000e-02
5.000000000000000000e-01
2.000000000000000111e-01
5.000000000000000000e-01
1.000000000000000000e+00
5.000000000000000000e-01
4.347826086956521618e-02
5.000000000000000000e-01
2.000000000000000111e-01
3.333333333333333148e-01
5.000000000000000000e-01
1.000000000000000000e+00
5.000000000000000000e-01
7.142857142857142461e-02
3.333333333333333148e-01
5.000000000000000000e-01
3.333333333333333148e-01
4.545454545454545581e-02
1.000000000000000000e+00
1.000000000000000000e+00
2.000000000000000111e-01
4.545454545454545581e-02
4.347826086956521618e-02
4.347826086956521618e-02
5.000000000000000000e-01
1.000000000000000000e+00
5.000000000000000000e-01
1.075268817204301161e-02
1.000000000000000000e+00
5.882352941176470507e-02
1.000000000000000000e+00
4.545454545454545581e-02
1.000000000000000000e+00
1.000000000000000000e+00
1.000000000000000000e+00
1.098901098901098987e-02
4.545454545454545581e-02
5.000000000000000000e-01
1.000000000000000000e+00
8.333333333333332871e-02
1.000000000000000000e+00
6.250000000000000000e-02
4.000000000000000083e-02
5.000000000000000000e-01
9.900990099009901110e-03
1.000000000000000000e+00
5.000000000000000000e-01
9.615384615384615918e-03
1.010101010101010187e-02
3.333333333333333148e-01
1.000000000000000021e-02
4.347826086956521618e-02
5.000000000000000000e-01
9.900990099009901110e-03
1.000000000000000000e+00
1.010101010101010187e-02
1.000000000000000000e+00
5.882352941176470507e-02
2.040816326530612082e-02
9.523809523809524669e-03
4.347826086956521618e-02
4.347826086956521618e-02
9.900990099009901110e-03
1.000000000000000000e+00
2.083333333333333218e-02
4.347826086956521618e-02
2.000000000000000111e-01
9.900990099009901110e-03
1.000000000000000000e+00
1.000000000000000000e+00
1.000000000000000000e+00
1.030927835051546372e-02
9.900990099009901110e-03
1.000000000000000000e+00
5.000000000000000000e-01
1.030927835051546372e-02
1.000000000000000000e+00
9.708737864077669061e-03
9.708737864077669061e-03
4.347826086956521618e-02
5.000000000000000000e-01
3.333333333333333148e-01
1.428571428571428492e-01
9.900990099009901110e-03
4.347826086956521618e-02
2.941176470588235253e-02
1.250000000000000000e-01
1.000000000000000000e+00
4.545454545454545581e-02
9.900990099009901110e-03
4.347826086956521618e-02
1.000000000000000021e-02
9.900990099009901110e-03
4.347826086956521618e-02
1.428571428571428492e-01
9.900990099009901110e-03
9.708737864077669061e-03
1.030927835051546372e-02
9.900990099009901110e-03
4.347826086956521618e-02
1.010101010101010187e-02
1.428571428571428492e-01
9.708737864077669061e-03
1.030927835051546372e-02
5.000000000000000278e-02
9.900990099009901110e-03
2.380952380952380820e-02
4.347826086956521618e-02
1.000000000000000021e-02
2.857142857142857054e-02
5.000000000000000000e-01
4.347826086956521618e-02
1.000000000000000000e+00
4.000000000000000083e-02
1.000000000000000000e+00
4.000000000000000083e-02
4.761904761904761640e-02
9.803921568627450844e-03
9.900990099009901110e-03
6.666666666666666574e-02
1.030927835051546372e-02
2.439024390243902524e-02
4.166666666666666435e-02
4.000000000000000083e-02
1.000000000000000000e+00
2.000000000000000111e-01
1.234567901234567833e-02
4.761904761904761640e-02
1.041666666666666609e-02
3.846153846153846367e-02
1.052631578947368397e-02
9.900990099009901110e-03
1.111111111111111049e-01
1.428571428571428492e-01
3.333333333333333148e-01
2.000000000000000111e-01
1.886792452830188607e-02
1.000000000000000000e+00
1.000000000000000021e-02
1.000000000000000000e+00
5.000000000000000000e-01
5.000000000000000000e-01
1.010101010101010187e-02
3.846153846153846367e-02
1.000000000000000000e+00
5.000000000000000000e-01
1.000000000000000000e+00
2.439024390243902524e-02
4.347826086956521618e-02
3.703703703703703498e-02
5.000000000000000000e-01
5.000000000000000000e-01
3.846153846153846367e-02
2.000000000000000111e-01
1.020408163265306041e-02
1.666666666666666574e-01
1.000000000000000000e+00
3.225806451612903136e-02
1.000000000000000000e+00
2.500000000000000000e-01
1.666666666666666574e-01
1.428571428571428492e-01
4.761904761904761640e-02
5.000000000000000000e-01
1.000000000000000000e+00
1.315789473684210453e-02
4.347826086956521618e-02
4.545454545454545581e-02
1.428571428571428492e-01
1.010101010101010187e-02
2.500000000000000000e-01
1.020408163265306041e-02
5.000000000000000000e-01
6.250000000000000000e-02
2.325581395348837177e-02
1.000000000000000000e+00
4.347826086956521618e-02
1.000000000000000000e+00
1.030927835051546372e-02
9.900990099009901110e-03
1.000000000000000000e+00
9.090909090909091161e-02
3.333333333333333148e-01
5.000000000000000000e-01
4.545454545454545581e-02
1.000000000000000021e-02
1.063829787234042527e-02
2.380952380952380820e-02
1.250000000000000000e-01
1.000000000000000000e+00
9.803921568627450844e-03
4.545454545454545581e-02
1.000000000000000021e-02
9.900990099009901110e-03
5.000000000000000000e-01
9.900990099009901110e-03
1.000000000000000000e+00
1.000000000000000000e+00
9.615384615384615918e-03
5.000000000000000000e-01
2.000000000000000111e-01
1.041666666666666609e-02
8.333333333333332871e-02
1.063829787234042527e-02
2.500000000000000000e-01
1.020408163265306041e-02
1.000000000000000021e-02
1.010101010101010187e-02
1.000000000000000000e+00
1.000000000000000021e-02
5.000000000000000000e-01
2.500000000000000000e-01
9.708737864077669061e-03
1.000000000000000000e+00
1.000000000000000000e+00
8.333333333333332871e-02
1.020408163265306041e-02
9.900990099009901110e-03
9.900990099009901110e-03
2.222222222222222307e-02
1.000000000000000000e+00
1.000000000000000021e-02
9.900990099009901110e-03
5.000000000000000000e-01
1.666666666666666574e-01
1.000000000000000056e-01
1.639344262295082053e-02
9.900990099009901110e-03
1.010101010101010187e-02
1.041666666666666609e-02
9.900990099009901110e-03
1.000000000000000000e+00
1.000000000000000000e+00
1.030927835051546372e-02
9.803921568627450844e-03
7.142857142857142461e-02
1.000000000000000000e+00
9.900990099009901110e-03
1.000000000000000000e+00
1.010101010101010187e-02
1.000000000000000000e+00
1.000000000000000021e-02
1.000000000000000021e-02
5.000000000000000278e-02
1.000000000000000000e+00
1.000000000000000021e-02
1.428571428571428492e-01
1.030927835051546372e-02
1.030927835051546372e-02
2.000000000000000111e-01
1.123595505617977497e-02
1.010101010101010187e-02
9.803921568627450844e-03
9.708737864077669061e-03
5.555555555555555247e-02
1.000000000000000021e-02
1.000000000000000000e+00
1.000000000000000021e-02
5.000000000000000278e-02
1.020408163265306041e-02
5.000000000000000000e-01
1.041666666666666609e-02
9.708737864077669061e-03
5.000000000000000278e-02
2.500000000000000000e-01
5.000000000000000278e-02
1.250000000000000000e-01
9.615384615384615918e-03
1.020408163265306041e-02
7.692307692307692735e-02
1.000000000000000000e+00
1.000000000000000000e+00
9.615384615384615918e-03
5.000000000000000000e-01
1.000000000000000000e+00
1.000000000000000000e+00
5.000000000000000000e-01
1.000000000000000000e+00
5.000000000000000278e-02
1.428571428571428492e-01
5.000000000000000278e-02
1.000000000000000000e+00
9.900990099009901110e-03
2.000000000000000111e-01
2.000000000000000111e-01
6.250000000000000000e-02
1.428571428571428492e-01
1.250000000000000000e-01
1.000000000000000000e+00
5.000000000000000000e-01
1.000000000000000000e+00
1.428571428571428492e-01
1.000000000000000000e+00
1.052631578947368397e-02
5.000000000000000000e-01
1.111111111111111049e-01
1.000000000000000056e-01
2.500000000000000000e-01
1.000000000000000000e+00
3.333333333333333148e-01
1.666666666666666574e-01
1.000000000000000000e+00
1.250000000000000000e-01
1.086956521739130405e-02
5.000000000000000000e-01
2.439024390243902524e-02
9.900990099009901110e-03
1.000000000000000000e+00
1.000000000000000000e+00
1.000000000000000000e+00
1.000000000000000000e+00
5.000000000000000000e-01
2.000000000000000111e-01
1.000000000000000000e+00
5.000000000000000000e-01
1.010101010101010187e-02
3.333333333333333148e-01
6.250000000000000000e-02
5.555555555555555247e-02
1.000000000000000000e+00
1.000000000000000000e+00
5.000000000000000000e-01
1.000000000000000056e-01
1.000000000000000000e+00
2.000000000000000111e-01
1.000000000000000056e-01
1.000000000000000056e-01
1.000000000000000000e+00
1.111111111111111049e-01
5.000000000000000000e-01
1.000000000000000000e+00
1.020408163265306041e-02
1.000000000000000000e+00
5.000000000000000000e-01
6.250000000000000000e-02
1.000000000000000000e+00
2.000000000000000111e-01
5.000000000000000000e-01
5.000000000000000000e-01
5.000000000000000000e-01
9.900990099009901110e-03
1.666666666666666574e-01
9.900990099009901110e-03
4.761904761904761640e-02
1.000000000000000000e+00
1.000000000000000056e-01
2.000000000000000111e-01
3.333333333333333148e-01
5.000000000000000000e-01
2.000000000000000111e-01
1.000000000000000000e+00
3.333333333333333148e-01
1.000000000000000000e+00
3.333333333333333148e-01
1.428571428571428492e-01
1.000000000000000000e+00
1.000000000000000000e+00
1.000000000000000000e+00
1.000000000000000000e+00
2.000000000000000111e-01
5.263157894736841813e-02
1.250000000000000000e-01
1.000000000000000000e+00
1.000000000000000000e+00
1.000000000000000056e-01
3.333333333333333148e-01
1.000000000000000000e+00
5.000000000000000000e-01
1.000000000000000000e+00
3.333333333333333148e-01
5.000000000000000000e-01
2.000000000000000111e-01
1.000000000000000000e+00
5.000000000000000000e-01
5.263157894736841813e-02
6.666666666666666574e-02
1.111111111111111049e-01
1.000000000000000000e+00
5.263157894736841813e-02
5.000000000000000000e-01
5.263157894736841813e-02
1.000000000000000000e+00
5.000000000000000000e-01
1.000000000000000000e+00
1.000000000000000056e-01
1.666666666666666574e-01
5.000000000000000000e-01
3.333333333333333148e-01
5.000000000000000000e-01
1.000000000000000000e+00
1.666666666666666574e-01
3.333333333333333148e-01
3.333333333333333148e-01
5.263157894736841813e-02
2.500000000000000000e-01
7.692307692307692735e-02
1.000000000000000000e+00
4.545454545454545581e-02
1.000000000000000000e+00
2.000000000000000111e-01
2.000000000000000111e-01
5.000000000000000000e-01
1.000000000000000000e+00
5.000000000000000000e-01
2.000000000000000111e-01
2.000000000000000111e-01
9.900990099009901110e-03
1.000000000000000000e+00
1.000000000000000000e+00
5.000000000000000000e-01
2.000000000000000111e-01
6.666666666666666574e-02
1.000000000000000056e-01
4.347826086956521618e-02
2.000000000000000111e-01
1.000000000000000000e+00
2.500000000000000000e-01
1.000000000000000000e+00
1.000000000000000000e+00
9.090909090909091161e-02
1.000000000000000000e+00
1.000000000000000000e+00
3.333333333333333148e-01
2.500000000000000000e-01
1.000000000000000000e+00
9.090909090909091161e-02
1.000000000000000000e+00
5.882352941176470507e-02
1.000000000000000000e+00
2.500000000000000000e-01
1.000000000000000000e+00
1.000000000000000000e+00
4.545454545454545581e-02
5.000000000000000000e-01
1.250000000000000000e-01
7.142857142857142461e-02
1.111111111111111049e-01
1.428571428571428492e-01
1.000000000000000000e+00
8.333333333333332871e-02
1.000000000000000056e-01
1.000000000000000000e+00
1.000000000000000000e+00
4.545454545454545581e-02
5.882352941176470507e-02
5.000000000000000000e-01
3.333333333333333148e-01
1.666666666666666574e-01
1.000000000000000000e+00
5.000000000000000000e-01
2.500000000000000000e-01
7.142857142857142461e-02
1.666666666666666574e-01
5.000000000000000000e-01
3.333333333333333148e-01
5.000000000000000000e-01
1.000000000000000000e+00
5.000000000000000000e-01
5.000000000000000000e-01
1.000000000000000000e+00
1.000000000000000000e+00
2.000000000000000111e-01
4.545454545454545581e-02
5.000000000000000000e-01
7.692307692307692735e-02
3.333333333333333148e-01
1.000000000000000000e+00
1.000000000000000000e+00
1.666666666666666574e-01
1.666666666666666574e-01
9.090909090909091161e-02
1.428571428571428492e-01
2.500000000000000000e-01
5.000000000000000000e-01
5.000000000000000000e-01
1.000000000000000000e+00
7.142857142857142461e-02
1.000000000000000000e+00
7.692307692307692735e-02
1.000000000000000000e+00
1.428571428571428492e-01
1.000000000000000000e+00
1.000000000000000000e+00
1.000000000000000000e+00
1.000000000000000000e+00
5.000000000000000000e-01
3.333333333333333148e-01
9.090909090909091161e-02
1.000000000000000000e+00
1.000000000000000000e+00
2.500000000000000000e-01
8.333333333333332871e-02
3.333333333333333148e-01
5.000000000000000000e-01
5.000000000000000000e-01
7.142857142857142461e-02
3.333333333333333148e-01
1.428571428571428492e-01
8.333333333333332871e-02
5.000000000000000000e-01
5.000000000000000000e-01
5.000000000000000000e-01
1.666666666666666574e-01
5.000000000000000000e-01
1.000000000000000000e+00
5.000000000000000000e-01
1.000000000000000000e+00
1.666666666666666574e-01
2.500000000000000000e-01
3.333333333333333148e-01
1.000000000000000000e+00
5.000000000000000000e-01
1.000000000000000000e+00
3.333333333333333148e-01
1.428571428571428492e-01
1.000000000000000000e+00
5.000000000000000000e-01
1.000000000000000000e+00
1.000000000000000000e+00
3.333333333333333148e-01
2.000000000000000111e-01
3.333333333333333148e-01
1.000000000000000000e+00
3.333333333333333148e-01
1.000000000000000000e+00
1.000000000000000000e+00
2.000000000000000111e-01
2.500000000000000000e-01
9.090909090909091161e-02
1.250000000000000000e-01
5.000000000000000000e-01
1.666666666666666574e-01
2.000000000000000111e-01
8.333333333333332871e-02
1.000000000000000000e+00
1.000000000000000000e+00
3.333333333333333148e-01
1.000000000000000000e+00
5.000000000000000000e-01
1.000000000000000000e+00
1.000000000000000000e+00
5.000000000000000000e-01
2.000000000000000111e-01
1.000000000000000000e+00
2.000000000000000111e-01
3.333333333333333148e-01
3.333333333333333148e-01
3.333333333333333148e-01
1.000000000000000000e+00
1.052631578947368397e-02
1.000000000000000000e+00
3.333333333333333148e-01
5.000000000000000000e-01
5.000000000000000000e-01
2.000000000000000111e-01
1.000000000000000000e+00
1.000000000000000000e+00
1.000000000000000000e+00
1.111111111111111049e-01
1.000000000000000000e+00
2.000000000000000111e-01
3.333333333333333148e-01
1.000000000000000000e+00
1.111111111111111049e-01
1.000000000000000000e+00
1.111111111111111049e-01
1.000000000000000000e+00
1.000000000000000000e+00
1.000000000000000000e+00
1.000000000000000056e-01
1.000000000000000000e+00
2.500000000000000000e-01
1.000000000000000000e+00
1.666666666666666574e-01
1.000000000000000000e+00
1.000000000000000000e+00
3.333333333333333148e-01
5.000000000000000000e-01
5.000000000000000000e-01
1.000000000000000000e+00
2.000000000000000111e-01
1.000000000000000000e+00
1.000000000000000000e+00
2.000000000000000111e-01
2.500000000000000000e-01
1.000000000000000000e+00
1.250000000000000000e-01
3.333333333333333148e-01
5.000000000000000000e-01
2.000000000000000111e-01
1.000000000000000000e+00
3.333333333333333148e-01
1.000000000000000000e+00
1.000000000000000000e+00
1.000000000000000000e+00
2.500000000000000000e-01
2.500000000000000000e-01
5.000000000000000000e-01
1.000000000000000000e+00
5.000000000000000000e-01
5.000000000000000000e-01
1.000000000000000000e+00
1.000000000000000000e+00
1.000000000000000000e+00
1.250000000000000000e-01
3.333333333333333148e-01
1.000000000000000000e+00
5.000000000000000000e-01
1.000000000000000000e+00
2.500000000000000000e-01
3.333333333333333148e-01
1.000000000000000000e+00
1.250000000000000000e-01
5.000000000000000000e-01
1.000000000000000000e+00
3.333333333333333148e-01
1.250000000000000000e-01
1.000000000000000000e+00
1.000000000000000000e+00
1.000000000000000000e+00
1.250000000000000000e-01
1.000000000000000000e+00
1.250000000000000000e-01
3.333333333333333148e-01
3.333333333333333148e-01
1.250000000000000000e-01
1.000000000000000000e+00
1.000000000000000000e+00
1.000000000000000000e+00
3.333333333333333148e-01
1.000000000000000000e+00
1.000000000000000000e+00
3.333333333333333148e-01
1.000000000000000000e+00
1.250000000000000000e-01
1.000000000000000000e+00
1.000000000000000000e+00
1.000000000000000000e+00
1.000000000000000000e+00
1.000000000000000000e+00
2.500000000000000000e-01
1.000000000000000000e+00
1.000000000000000000e+00
1.000000000000000000e+00
5.000000000000000000e-01
3.333333333333333148e-01
1.000000000000000000e+00
1.000000000000000000e+00
1.000000000000000000e+00
2.500000000000000000e-01
2.500000000000000000e-01
1.000000000000000000e+00
3.333333333333333148e-01
5.000000000000000000e-01
1.000000000000000000e+00
1.000000000000000000e+00
3.333333333333333148e-01
5.000000000000000000e-01
1.000000000000000000e+00
1.000000000000000000e+00
1.000000000000000000e+00
1.000000000000000000e+00
1.000000000000000000e+00
1.000000000000000000e+00
2.000000000000000111e-01
2.000000000000000111e-01
1.000000000000000000e+00
1.000000000000000000e+00
1.000000000000000000e+00
1.000000000000000000e+00
1.000000000000000000e+00
1.000000000000000000e+00
3.333333333333333148e-01
5.000000000000000000e-01
1.000000000000000000e+00
3.333333333333333148e-01
5.000000000000000000e-01
1.000000000000000000e+00
5.000000000000000000e-01
5.000000000000000000e-01
1.000000000000000000e+00
1.000000000000000000e+00
3.333333333333333148e-01
5.000000000000000000e-01
1.250000000000000000e-01
5.000000000000000000e-01
1.000000000000000000e+00
1.000000000000000000e+00
5.000000000000000000e-01
3.333333333333333148e-01
1.000000000000000000e+00
1.000000000000000000e+00
1.000000000000000000e+00
1.666666666666666574e-01
1.000000000000000000e+00
1.000000000000000000e+00
1.000000000000000000e+00
1.000000000000000000e+00
1.000000000000000056e-01
2.500000000000000000e-01
1.000000000000000000e+00
5.000000000000000000e-01
2.500000000000000000e-01
1.000000000000000000e+00
1.000000000000000000e+00
5.000000000000000000e-01
2.000000000000000111e-01
1.000000000000000000e+00
5.000000000000000000e-01
3.333333333333333148e-01
2.000000000000000111e-01
2.000000000000000111e-01
1.000000000000000000e+00
1.000000000000000000e+00
5.000000000000000000e-01
1.000000000000000000e+00
2.500000000000000000e-01
5.000000000000000000e-01
1.000000000000000000e+00
1.000000000000000000e+00
1.000000000000000000e+00
1.000000000000000000e+00
1.000000000000000000e+00
5.000000000000000000e-01
1.000000000000000000e+00
2.000000000000000111e-01
1.666666666666666574e-01
1.000000000000000000e+00
1.000000000000000000e+00
1.000000000000000000e+00
3.333333333333333148e-01
1.000000000000000000e+00
1.000000000000000000e+00
1.000000000000000000e+00
1.000000000000000000e+00
1.000000000000000000e+00
2.000000000000000111e-01
5.000000000000000000e-01
2.000000000000000111e-01
1.000000000000000000e+00
2.000000000000000111e-01
1.000000000000000000e+00
1.000000000000000000e+00
1.000000000000000000e+00
1.000000000000000000e+00
1.000000000000000000e+00
2.500000000000000000e-01
5.000000000000000000e-01
2.000000000000000111e-01
1.000000000000000000e+00
1.000000000000000000e+00
1.000000000000000000e+00
1.000000000000000000e+00
1.000000000000000000e+00
1.000000000000000000e+00
2.000000000000000111e-01
5.000000000000000000e-01
1.000000000000000000e+00
5.000000000000000000e-01
1.000000000000000000e+00
5.000000000000000000e-01
3.333333333333333148e-01
2.000000000000000111e-01
3.333333333333333148e-01
1.000000000000000000e+00
2.000000000000000111e-01
1.000000000000000000e+00
1.000000000000000000e+00
3.333333333333333148e-01
5.000000000000000000e-01
5.000000000000000000e-01
1.000000000000000000e+00
1.000000000000000000e+00
1.000000000000000000e+00
1.000000000000000000e+00
1.111111111111111049e-01
5.000000000000000000e-01
1.000000000000000000e+00
1.000000000000000000e+00
1.000000000000000000e+00
3.333333333333333148e-01
2.500000000000000000e-01
2.500000000000000000e-01
5.000000000000000000e-01
5.000000000000000000e-01
1.000000000000000000e+00
5.000000000000000000e-01
3.333333333333333148e-01
5.000000000000000000e-01
1.000000000000000000e+00
5.000000000000000000e-01
2.500000000000000000e-01
1.000000000000000000e+00
2.500000000000000000e-01
5.000000000000000000e-01
5.000000000000000000e-01
1.000000000000000000e+00
1.000000000000000000e+00
3.333333333333333148e-01
1.000000000000000000e+00
1.000000000000000000e+00
2.000000000000000111e-01
2.000000000000000111e-01
2.500000000000000000e-01
1.000000000000000000e+00
2.000000000000000111e-01
1.000000000000000000e+00
1.000000000000000000e+00
1.000000000000000000e+00
1.000000000000000000e+00
1.000000000000000000e+00
1.000000000000000000e+00
1.000000000000000000e+00
1.000000000000000000e+00
1.000000000000000000e+00
1.000000000000000000e+00
1.000000000000000000e+00
5.000000000000000000e-01
2.000000000000000111e-01
1.250000000000000000e-01
1.000000000000000000e+00
1.000000000000000000e+00
3.333333333333333148e-01
1.000000000000000000e+00
1.000000000000000000e+00
2.000000000000000111e-01
1.000000000000000000e+00
1.000000000000000000e+00
5.000000000000000000e-01
3.333333333333333148e-01
3.333333333333333148e-01
1.111111111111111049e-01
1.000000000000000000e+00
3.333333333333333148e-01
1.000000000000000000e+00
1.666666666666666574e-01
2.500000000000000000e-01
2.500000000000000000e-01
5.000000000000000000e-01
3.333333333333333148e-01
1.000000000000000000e+00
3.333333333333333148e-01
5.000000000000000000e-01
5.000000000000000000e-01
1.000000000000000000e+00
1.000000000000000000e+00
1.000000000000000000e+00
3.333333333333333148e-01
1.250000000000000000e-01
1.000000000000000000e+00
1.000000000000000000e+00
2.000000000000000111e-01
3.333333333333333148e-01
5.000000000000000000e-01
5.000000000000000000e-01
3.333333333333333148e-01
1.000000000000000000e+00
1.000000000000000000e+00
1.666666666666666574e-01
1.000000000000000000e+00
2.000000000000000111e-01
1.000000000000000000e+00
2.000000000000000111e-01
1.000000000000000000e+00
5.000000000000000000e-01
5.000000000000000000e-01
1.000000000000000000e+00
1.000000000000000000e+00
1.000000000000000000e+00
2.000000000000000111e-01
1.000000000000000000e+00
1.000000000000000000e+00
1.000000000000000000e+00
5.000000000000000000e-01
2.000000000000000111e-01
5.000000000000000000e-01
1.000000000000000000e+00
5.000000000000000000e-01
5.000000000000000000e-01
1.000000000000000000e+00
1.000000000000000000e+00
3.333333333333333148e-01
1.000000000000000000e+00
1.000000000000000000e+00
1.000000000000000000e+00
1.000000000000000000e+00
5.000000000000000000e-01
1.000000000000000000e+00
2.000000000000000111e-01
1.000000000000000000e+00
1.000000000000000000e+00
5.000000000000000000e-01
1.000000000000000000e+00
1.000000000000000000e+00
2.000000000000000111e-01
1.000000000000000000e+00
1.000000000000000000e+00
1.111111111111111049e-01
1.000000000000000000e+00
1.000000000000000000e+00
1.000000000000000000e+00
1.000000000000000000e+00
5.000000000000000000e-01
1.000000000000000000e+00
3.333333333333333148e-01
3.333333333333333148e-01
1.000000000000000000e+00
1.000000000000000000e+00
3.333333333333333148e-01
1.000000000000000000e+00
3.333333333333333148e-01
3.333333333333333148e-01
5.000000000000000000e-01
1.000000000000000000e+00
5.000000000000000000e-01
1.000000000000000000e+00
2.500000000000000000e-01
2.000000000000000111e-01
1.000000000000000000e+00
5.000000000000000000e-01
3.333333333333333148e-01
5.000000000000000000e-01
2.000000000000000111e-01
2.500000000000000000e-01
1.250000000000000000e-01
1.000000000000000000e+00
1.000000000000000000e+00
1.000000000000000000e+00
1.428571428571428492e-01
1.000000000000000000e+00
1.000000000000000000e+00
1.000000000000000000e+00
1.000000000000000000e+00
3.333333333333333148e-01
1.000000000000000000e+00
2.000000000000000111e-01
3.333333333333333148e-01
3.333333333333333148e-01
3.333333333333333148e-01
1.000000000000000000e+00
5.000000000000000000e-01
1.666666666666666574e-01
1.000000000000000000e+00
1.250000000000000000e-01
1.666666666666666574e-01
5.000000000000000000e-01
1.666666666666666574e-01
1.000000000000000000e+00
1.666666666666666574e-01
1.000000000000000000e+00
1.000000000000000000e+00
3.333333333333333148e-01
5.000000000000000000e-01
3.333333333333333148e-01
1.000000000000000000e+00
1.000000000000000000e+00
1.000000000000000000e+00
1.428571428571428492e-01
1.000000000000000000e+00
1.000000000000000000e+00
1.000000000000000000e+00
5.000000000000000000e-01
1.250000000000000000e-01
1.000000000000000000e+00
1.000000000000000000e+00
1.000000000000000000e+00
5.000000000000000000e-01
1.111111111111111049e-01
1.000000000000000000e+00
1.250000000000000000e-01
1.000000000000000000e+00
1.000000000000000000e+00
1.000000000000000000e+00
5.000000000000000000e-01
1.428571428571428492e-01
1.000000000000000000e+00
1.000000000000000000e+00
1.000000000000000000e+00
2.000000000000000111e-01
1.000000000000000000e+00
1.000000000000000000e+00
1.000000000000000000e+00
2.500000000000000000e-01
3.333333333333333148e-01
3.333333333333333148e-01
5.000000000000000000e-01
5.000000000000000000e-01
2.000000000000000111e-01
1.666666666666666574e-01
5.000000000000000000e-01
5.000000000000000000e-01
2.500000000000000000e-01
3.333333333333333148e-01
1.000000000000000000e+00
3.333333333333333148e-01
3.333333333333333148e-01
5.000000000000000000e-01
1.428571428571428492e-01
1.250000000000000000e-01
1.000000000000000000e+00
1.000000000000000000e+00
3.333333333333333148e-01
1.000000000000000000e+00
5.000000000000000000e-01
5.000000000000000000e-01
1.000000000000000000e+00
2.500000000000000000e-01
5.000000000000000000e-01
5.000000000000000000e-01
2.500000000000000000e-01
1.000000000000000000e+00
5.000000000000000000e-01
5.000000000000000000e-01
5.000000000000000000e-01
1.000000000000000000e+00
5.000000000000000000e-01
1.000000000000000000e+00
1.000000000000000000e+00
1.000000000000000000e+00
5.000000000000000000e-01
1.250000000000000000e-01
1.000000000000000000e+00
1.000000000000000000e+00
1.000000000000000000e+00
1.000000000000000000e+00
5.000000000000000000e-01
1.000000000000000000e+00
1.000000000000000000e+00
5.000000000000000000e-01
2.500000000000000000e-01
5.000000000000000000e-01
1.000000000000000000e+00
1.000000000000000000e+00
1.000000000000000000e+00
1.000000000000000000e+00
1.000000000000000000e+00
1.428571428571428492e-01
1.111111111111111049e-01
1.000000000000000000e+00
1.000000000000000000e+00
1.000000000000000000e+00
1.000000000000000000e+00
1.000000000000000000e+00
1.000000000000000000e+00
5.000000000000000000e-01
1.000000000000000000e+00
1.000000000000000000e+00
1.000000000000000000e+00
1.000000000000000000e+00
1.250000000000000000e-01
2.500000000000000000e-01
5.000000000000000000e-01
1.000000000000000000e+00
5.000000000000000000e-01
1.000000000000000000e+00
5.000000000000000000e-01
1.000000000000000000e+00
2.500000000000000000e-01
1.000000000000000000e+00
1.000000000000000000e+00
5.000000000000000000e-01
