1, 2, 46.88307
1, 3, 23.08127
1, 4, 11.74533
1, 5, 6.26853
1, 6, -0.23607
1, 7, -1.18265
1, 8, -2.03341
1, 9, -0.64999
1, 10, -1.16124
1, 11, -0.66489
1, 12, -0.36939
1, 13, -0.55185
1, 14, 1.63278
1, 15, -1.19926
1, 16, -1.67262
1, 17, -1.25379
1, 18, -0.65602
1, 19, -0.65687
1, 20, -1.32541
1, 21, -1.06850
1, 22, -1.99916
1, 23, -1.55024
1, 24, -1.96608
1, 25, -1.52681
1, 26, -1.97839
1, 27, 0.70244
1, 28, -0.99967
1, 29, -0.87947
1, 30, -1.50778
1, 31, 0.16158
1, 32, -1.74929
1, 33, -1.07883
1, 34, -1.32682
1, 35, -1.31936
1, 36, -1.41986
1, 37, -1.36459
1, 38, -1.54176
1, 39, -1.68237
1, 40, -0.85835
1, 41, -1.76761
1, 42, -1.20525
1, 43, -1.29262
1, 44, -1.01077
1, 45, -1.41707
1, 46, -1.48610
1, 47, -2.31625
1, 48, -1.61838
1, 49, -0.86811
1, 50, -1.72183
1, 51, -1.95525
1, 52, -0.45463
1, 53, -1.68645
1, 54, -0.81756
1, 55, -1.45398
1, 56, -2.12149
1, 57, -1.16978
1, 58, -1.37369
1, 59, -0.69061
1, 60, -0.51066
1, 61, -1.55659
1, 62, -2.45761
1, 63, -1.74426
1, 64, -1.61950
1, 65, -0.26560
1, 66, -1.34965
1, 67, -1.07532
1, 68, -0.83440
1, 69, -1.42664
1, 70, -1.56633
1, 71, -1.17026
1, 72, -2.32916
1, 73, -2.20289
1, 74, -1.28737
1, 75, -1.01907
1, 76, -1.73159
2, 3, 32.33527
2, 4, 15.18164
2, 5, 7.80452
2, 6, 0.39332
2, 7, -0.36280
2, 8, -1.92844
2, 9, -1.06585
2, 10, -1.17251
2, 11, -1.76704
2, 12, -1.15652
2, 13, -1.90171
2, 14, -1.12820
2, 15, -0.88236
2, 16, -2.24991
2, 17, -0.17156
2, 18, -1.23727
2, 19, -1.25342
2, 20, -1.34493
2, 21, -1.34643
2, 22, -1.66035
2, 23, -0.96732
2, 24, -1.74412
2, 25, -1.57016
2, 26, -1.92441
2, 27, -1.61640
2, 28, -1.23572
2, 29, -1.59211
2, 30, -1.91346
2, 31, -1.33275
2, 32, -1.73076
2, 33, -0.70236
2, 34, -2.15251
2, 35, -1.43075
2, 36, -1.70961
2, 37, -0.51860
2, 38, -1.45612
2, 39, -1.53481
2, 40, -1.69814
2, 41, -1.65806
2, 42, -1.70127
2, 43, -0.98648
2, 44, -1.58625
2, 45, -0.26284
2, 46, -1.47368
2, 47, -2.70731
2, 48, -2.22367
2, 49, -1.14129
2, 50, -1.09833
2, 51, -2.07461
2, 52, -1.30295
2, 53, -1.81409
2, 54, -1.54501
2, 55, -1.44968
2, 56, -2.14488
2, 57, -1.14505
2, 58, -1.31600
2, 59, -1.44236
2, 60, -1.67334
2, 61, -2.33017
2, 62, -1.41726
2, 63, -1.42980
2, 64, -1.63486
2, 65, -1.67895
2, 66, -1.38935
2, 67, -1.41370
2, 68, -1.00382
2, 69, -1.17148
2, 70, -1.73399
2, 71, -0.77620
2, 72, -2.13262
2, 73, -2.24503
2, 74, -0.39387
2, 75, -1.45727
2, 76, -1.58571
3, 4, 26.41446
3, 5, 11.93900
3, 6, 0.47801
3, 7, 0.99287
3, 8, -1.31767
3, 9, -0.90655
3, 10, -1.20946
3, 11, -1.59349
3, 12, -1.36761
3, 13, -1.73120
3, 14, -0.70095
3, 15, -0.97990
3, 16, -1.78184
3, 17, -1.15921
3, 18, -1.28617
3, 19, -1.40500
3, 20, -1.11262
3, 21, -1.27225
3, 22, -0.10423
3, 23, -1.02282
3, 24, -1.49400
3, 25, -1.10997
3, 26, -0.65813
3, 27, -1.76602
3, 28, -2.09024
3, 29, -1.27781
3, 30, -1.74978
3, 31, -1.98380
3, 32, -1.73319
3, 33, -0.97003
3, 34, -1.82981
3, 35, -1.53375
3, 36, -1.96866
3, 37, -1.79852
3, 38, -1.90081
3, 39, -0.58371
3, 40, -1.83550
3, 41, -1.92534
3, 42, -1.23978
3, 43, -1.71406
3, 44, -0.57229
3, 45, -1.69347
3, 46, -0.76855
3, 47, -2.07546
3, 48, -2.27052
3, 49, -0.40224
3, 50, -0.49205
3, 51, -2.00583
3, 52, -1.23741
3, 53, -1.21037
3, 54, -0.94221
3, 55, -0.78730
3, 56, -2.16850
3, 57, -1.47357
3, 58, -1.18864
3, 59, -1.45683
3, 60, -1.67504
3, 61, -1.78641
3, 62, -1.91780
3, 63, -1.64822
3, 64, -1.03969
3, 65, -1.42075
3, 66, -1.38947
3, 67, -1.47447
3, 68, -1.69646
3, 69, -1.30408
3, 70, -1.81210
3, 71, -1.35858
3, 72, -0.71111
3, 73, -0.62402
3, 74, -1.54846
3, 75, -1.22198
3, 76, -1.26799
4, 5, 23.27238
4, 6, 0.84125
4, 7, 1.48355
4, 8, -0.08033
4, 9, -0.31042
4, 10, -1.23454
4, 11, -0.06988
4, 12, -1.41830
4, 13, -1.55165
4, 14, -1.25617
4, 15, -0.56492
4, 16, -1.54779
4, 17, -0.88616
4, 18, -1.10879
4, 19, -1.28312
4, 20, -0.83102
4, 21, -0.69257
4, 22, -0.87540
4, 23, -1.48569
4, 24, -1.14633
4, 25, -0.97468
4, 26, -1.85483
4, 27, -1.93043
4, 28, -1.46997
4, 29, -1.76575
4, 30, -0.89797
4, 31, -0.97150
4, 32, -0.14333
4, 33, -0.86146
4, 34, -1.81577
4, 35, -0.10976
4, 36, -1.85827
4, 37, -0.37464
4, 38, -1.42325
4, 39, -1.06495
4, 40, -1.45456
4, 41, -1.77368
4, 42, -0.98244
4, 43, -0.75671
4, 44, -1.12346
4, 45, -1.43532
4, 46, -0.17754
4, 47, -1.58951
4, 48, -2.31280
4, 49, -1.17634
4, 50, -1.10867
4, 51, -1.77290
4, 52, -0.81824
4, 53, -1.27896
4, 54, -1.64130
4, 55, -1.20469
4, 56, -1.31325
4, 57, -0.83754
4, 58, -1.04261
4, 59, -1.38373
4, 60, -1.37534
4, 61, -1.47334
4, 62, -1.11288
4, 63, -0.82787
4, 64, -0.07861
4, 65, -0.24947
4, 66, -1.14873
4, 67, -0.93115
4, 68, -1.08776
4, 69, -1.42959
4, 70, -1.62414
4, 71, -1.41955
4, 72, -1.06535
4, 73, -2.45186
4, 74, -1.20048
4, 75, -0.45460
4, 76, -1.53288
5, 6, 3.26136
5, 7, 2.74541
5, 8, 4.45362
5, 9, -0.50751
5, 10, -0.93311
5, 11, 1.13526
5, 12, 0.16264
5, 13, -0.76705
5, 14, -0.92232
5, 15, -0.32774
5, 16, -1.45447
5, 17, -1.10482
5, 18, -0.91756
5, 19, 0.17989
5, 20, -1.06094
5, 21, 0.33564
5, 22, -0.37461
5, 23, -1.49479
5, 24, -1.96551
5, 25, -1.38238
5, 26, -0.85163
5, 27, -1.39888
5, 28, -1.27903
5, 29, -1.34512
5, 30, -1.46901
5, 31, -0.85422
5, 32, -1.31692
5, 33, -0.75692
5, 34, -1.79095
5, 35, 1.23356
5, 36, -1.68223
5, 37, -0.67329
5, 38, -1.39260
5, 39, -1.09144
5, 40, -1.58369
5, 41, -0.99006
5, 42, 1.42883
5, 43, -0.38378
5, 44, -0.52236
5, 45, -0.54765
5, 46, -0.89813
5, 47, -1.57196
5, 48, -1.66522
5, 49, -0.74506
5, 50, -1.23626
5, 51, -0.81184
5, 52, -1.41883
5, 53, -0.47653
5, 54, -0.82851
5, 55, -1.35301
5, 56, -1.37234
5, 57, -0.52705
5, 58, -0.67932
5, 59, -0.97509
5, 60, -0.72928
5, 61, -0.65757
5, 62, -1.39939
5, 63, -1.63118
5, 64, -0.72508
5, 65, -1.09761
5, 66, -1.07237
5, 67, -0.23137
5, 68, -1.86365
5, 69, -0.80601
5, 70, -0.22141
5, 71, -1.15960
5, 72, -1.67124
5, 73, -1.35490
5, 74, -0.64899
5, 75, -0.78126
5, 76, -0.39257
6, 7, 0.37525
6, 8, 1.90929
6, 9, -0.34316
6, 10, -0.33572
6, 11, 1.75530
6, 12, 5.17021
6, 13, -0.94397
6, 14, -1.14470
6, 15, 1.10542
6, 16, -0.61274
6, 17, 1.06960
6, 18, -0.14844
6, 19, 1.46126
6, 20, -0.40146
6, 21, -0.50398
6, 22, -1.08737
6, 23, -1.05862
6, 24, 0.04750
6, 25, -1.02221
6, 26, -1.33637
6, 27, -0.67242
6, 28, -1.09363
6, 29, -0.39403
6, 30, 0.90826
6, 31, -0.26051
6, 32, -1.17762
6, 33, 0.09007
6, 34, -0.57100
6, 35, 2.94151
6, 36, -1.03443
6, 37, 0.10800
6, 38, 0.03797
6, 39, -0.47649
6, 40, -0.53609
6, 41, -0.37611
6, 42, 2.48918
6, 43, -0.10291
6, 44, 0.54105
6, 45, 0.30018
6, 46, -0.58028
6, 47, -1.76075
6, 48, -1.71645
6, 49, -0.48245
6, 50, -1.40801
6, 51, -0.79043
6, 52, 0.21136
6, 53, 3.12384
6, 54, -1.39679
6, 55, -0.17418
6, 56, -0.50478
6, 57, -0.19610
6, 58, -0.22360
6, 59, 0.04134
6, 60, 0.19452
6, 61, 0.40276
6, 62, -1.29956
6, 63, 0.56439
6, 64, -0.34060
6, 65, -1.86137
6, 66, 0.42695
6, 67, 0.59712
6, 68, -0.81294
6, 69, -0.95401
6, 70, 0.75907
6, 71, -0.26350
6, 72, -1.01235
6, 73, 1.57407
6, 74, -0.47293
6, 75, -0.48855
6, 76, -0.63263
7, 8, 7.69715
7, 9, -0.33159
7, 10, -0.92660
7, 11, -0.50247
7, 12, 5.25291
7, 13, -1.01424
7, 14, -0.85923
7, 15, -0.59791
7, 16, -1.22313
7, 17, -0.95792
7, 18, -0.26351
7, 19, 3.81288
7, 20, -0.93796
7, 21, 1.40667
7, 22, -1.45047
7, 23, -0.15167
7, 24, -0.38746
7, 25, 4.11429
7, 26, -0.43280
7, 27, -0.71206
7, 28, 1.31753
7, 29, -1.50209
7, 30, -0.15529
7, 31, 0.55059
7, 32, -0.79172
7, 33, -1.10736
7, 34, -0.24777
7, 35, 0.65467
7, 36, -0.85210
7, 37, -1.29265
7, 38, -1.45702
7, 39, -0.27787
7, 40, -1.22499
7, 41, 0.62325
7, 42, 0.49042
7, 43, 0.47300
7, 44, -1.02767
7, 45, -0.55974
7, 46, -0.54441
7, 47, -1.23477
7, 48, -0.68251
7, 49, 2.72290
7, 50, 1.28889
7, 51, -1.23238
7, 52, -0.76478
7, 53, -0.89945
7, 54, -0.57887
7, 55, 0.67517
7, 56, 0.25518
7, 57, -0.51099
7, 58, -1.16973
7, 59, 0.84704
7, 60, 2.09983
7, 61, -1.41765
7, 62, -1.65610
7, 63, -0.62985
7, 64, 0.43817
7, 65, -0.73965
7, 66, -1.11984
7, 67, -0.88010
7, 68, -0.23823
7, 69, -0.49903
7, 70, -0.39499
7, 71, -0.25463
7, 72, 0.96122
7, 73, -1.55261
7, 74, -0.65411
7, 75, -0.75379
7, 76, -0.09247
8, 9, -0.05852
8, 10, 8.72067
8, 11, 2.26147
8, 12, 3.09769
8, 13, 1.86946
8, 14, -0.24873
8, 15, 2.74474
8, 16, 0.57204
8, 17, -1.10628
8, 18, -1.02799
8, 19, 2.78622
8, 20, 1.17322
8, 21, -0.58856
8, 22, -0.98599
8, 23, 2.58539
8, 24, -1.96416
8, 25, 5.79864
8, 26, -0.98324
8, 27, -0.55175
8, 28, 0.33054
8, 29, 1.06575
8, 30, 0.59905
8, 31, -0.45168
8, 32, 0.82913
8, 33, -0.89766
8, 34, -2.16416
8, 35, -0.17769
8, 36, -1.03236
8, 37, -1.53886
8, 38, -1.85377
8, 39, -2.01782
8, 40, -1.93173
8, 41, 1.34437
8, 42, -0.96741
8, 43, -1.47624
8, 44, 1.25104
8, 45, -1.70498
8, 46, -1.21166
8, 47, -0.37411
8, 48, 0.54709
8, 49, -1.89791
8, 50, -2.14862
8, 51, 0.08700
8, 52, -1.60780
8, 53, -0.63408
8, 54, -1.81012
8, 55, -1.76625
8, 56, -2.03249
8, 57, -1.06717
8, 58, -2.07218
8, 59, 0.71037
8, 60, -0.03194
8, 61, -1.73890
8, 62, -0.53535
8, 63, -1.00946
8, 64, -1.09943
8, 65, 0.81722
8, 66, -1.44231
8, 67, -0.10008
8, 68, -1.47615
8, 69, -1.36691
8, 70, -0.25057
8, 71, 0.04738
8, 72, 5.27227
8, 73, -1.15519
8, 74, -1.49159
8, 75, 0.02634
8, 76, -0.79707
9, 10, 0.60217
9, 11, -0.36572
9, 12, 0.24485
9, 13, 1.46867
9, 14, -0.82649
9, 15, -0.03700
9, 16, 1.00777
9, 17, 0.71838
9, 18, 4.82284
9, 19, 1.33134
9, 20, -0.84646
9, 21, -0.24561
9, 22, 0.50198
9, 23, -0.56550
9, 24, 0.98458
9, 25, -0.20674
9, 26, -0.26539
9, 27, -1.19255
9, 28, -0.10008
9, 29, -0.96819
9, 30, -0.92682
9, 31, -1.18056
9, 32, -0.95353
9, 33, -0.47973
9, 34, -1.04144
9, 35, 0.10267
9, 36, -0.56889
9, 37, -1.00632
9, 38, -0.98053
9, 39, -0.33603
9, 40, -1.50182
9, 41, -0.99066
9, 42, -0.25273
9, 43, 0.17576
9, 44, 0.00503
9, 45, -0.45448
9, 46, 1.94244
9, 47, -0.74722
9, 48, 1.83196
9, 49, 0.40161
9, 50, 1.73205
9, 51, 0.79506
9, 52, -1.09171
9, 53, 0.09288
9, 54, 0.04127
9, 55, 0.48046
9, 56, 1.18088
9, 57, 0.03802
9, 58, 0.53986
9, 59, -0.23724
9, 60, -0.47469
9, 61, 0.03798
9, 62, -1.46477
9, 63, 1.20170
9, 64, 1.79776
9, 65, -0.87487
9, 66, -0.85412
9, 67, -0.44591
9, 68, -0.72852
9, 69, 0.09841
9, 70, -0.95568
9, 71, 0.68279
9, 72, 1.84027
9, 73, 0.06269
9, 74, 0.13979
9, 75, 0.18570
9, 76, 1.15453
10, 11, -0.45912
10, 12, 1.79948
10, 13, -0.64105
10, 14, -0.74199
10, 15, -0.62479
10, 16, -0.59467
10, 17, 0.57831
10, 18, -0.44083
10, 19, 3.17884
10, 20, -0.52130
10, 21, -0.75454
10, 22, -1.42787
10, 23, -1.50796
10, 24, 4.28773
10, 25, 3.78740
10, 26, -1.60969
10, 27, 0.98289
10, 28, -0.99987
10, 29, -1.58768
10, 30, 0.71169
10, 31, -0.28596
10, 32, -0.35964
10, 33, -0.60223
10, 34, 2.28688
10, 35, 1.26696
10, 36, -1.21687
10, 37, -1.16907
10, 38, -0.72817
10, 39, -0.97655
10, 40, 0.47288
10, 41, -0.72685
10, 42, 1.10852
10, 43, -0.86277
10, 44, -1.12258
10, 45, -0.41269
10, 46, -0.96701
10, 47, -1.91430
10, 48, -2.11825
10, 49, 4.03187
10, 50, 1.72921
10, 51, -0.37709
10, 52, -0.41182
10, 53, 0.36951
10, 54, -1.42888
10, 55, -0.22072
10, 56, -0.78662
10, 57, -0.55854
10, 58, -0.36114
10, 59, -1.91148
10, 60, -1.24912
10, 61, -1.96482
10, 62, -0.95047
10, 63, -0.69081
10, 64, -0.70551
10, 65, -1.11442
10, 66, -0.00606
10, 67, -1.23232
10, 68, 1.64229
10, 69, 2.77954
10, 70, -0.61251
10, 71, 5.51750
10, 72, -1.63699
10, 73, 1.15005
10, 74, 0.70316
10, 75, -0.02407
10, 76, 1.44971
11, 12, -0.05434
11, 13, 4.03668
11, 14, 6.23582
11, 15, -0.25640
11, 16, 0.07268
11, 17, -1.13251
11, 18, 0.26822
11, 19, -0.74782
11, 20, 1.43578
11, 21, -0.66371
11, 22, -1.37243
11, 23, 0.95825
11, 24, -1.86780
11, 25, -1.87583
11, 26, -0.18119
11, 27, -0.42424
11, 28, 3.12033
11, 29, -0.84012
11, 30, -1.75733
11, 31, -0.98856
11, 32, 0.98179
11, 33, -0.91160
11, 34, -1.13214
11, 35, -0.41781
11, 36, -1.70532
11, 37, -0.90521
11, 38, -1.89306
11, 39, -0.95271
11, 40, -0.73189
11, 41, -0.54740
11, 42, -1.59044
11, 43, -1.40640
11, 44, -0.23598
11, 45, -0.74969
11, 46, -0.30732
11, 47, 2.38322
11, 48, 0.05014
11, 49, -1.06543
11, 50, -0.74568
11, 51, 1.11617
11, 52, -0.86134
11, 53, -0.07900
11, 54, 0.98533
11, 55, 0.49791
11, 56, -1.51718
11, 57, -0.86515
11, 58, 1.77809
11, 59, 0.25032
11, 60, -0.73175
11, 61, 0.44733
11, 62, -1.52288
11, 63, 1.41416
11, 64, -0.90366
11, 65, 5.57214
11, 66, -1.52955
11, 67, 0.02910
11, 68, -0.13721
11, 69, 6.35321
11, 70, -1.62961
11, 71, -1.46405
11, 72, 4.91938
11, 73, -2.23010
11, 74, -0.82750
11, 75, -0.91210
11, 76, -0.15525
12, 13, -0.42352
12, 14, 7.58069
12, 15, -0.09698
12, 16, -0.39432
12, 17, 1.43411
12, 18, 0.37702
12, 19, 1.41944
12, 20, 0.18285
12, 21, -0.85738
12, 22, -1.69666
12, 23, 2.23715
12, 24, -1.19283
12, 25, -1.05509
12, 26, -1.06315
12, 27, -0.02069
12, 28, -0.85246
12, 29, 0.38271
12, 30, -1.10180
12, 31, -0.31302
12, 32, -0.64856
12, 33, -0.72689
12, 34, -0.75967
12, 35, -0.18645
12, 36, -0.98823
12, 37, -1.12367
12, 38, -1.56669
12, 39, 1.34651
12, 40, -1.69643
12, 41, -0.33503
12, 42, -0.70155
12, 43, 1.24415
12, 44, 0.71315
12, 45, 1.51351
12, 46, -0.73901
12, 47, -1.70783
12, 48, -0.20571
12, 49, -0.38893
12, 50, -1.20651
12, 51, 2.18084
12, 52, -0.73205
12, 53, -0.27736
12, 54, -0.12780
12, 55, -0.82163
12, 56, 1.26038
12, 57, -0.25518
12, 58, -0.20590
12, 59, -0.32197
12, 60, -0.39758
12, 61, -1.31464
12, 62, -0.48820
12, 63, -0.69016
12, 64, -1.03030
12, 65, -1.36022
12, 66, -1.46439
12, 67, -0.32529
12, 68, -0.60323
12, 69, 1.83390
12, 70, -0.55334
12, 71, -0.68384
12, 72, 0.10871
12, 73, -0.10544
12, 74, 0.60935
12, 75, -0.69979
12, 76, -1.13983
13, 14, 3.78176
13, 15, 1.80531
13, 16, 3.10338
13, 17, 0.81452
13, 18, -0.80364
13, 19, -0.15327
13, 20, 0.05626
13, 21, 0.37945
13, 22, 0.08349
13, 23, 1.90092
13, 24, 1.61176
13, 25, -1.36814
13, 26, -0.28548
13, 27, -1.11318
13, 28, -0.88010
13, 29, 2.03897
13, 30, -0.73141
13, 31, 2.12131
13, 32, 2.26307
13, 33, 2.77181
13, 34, 0.58334
13, 35, -1.57074
13, 36, 6.45830
13, 37, 0.55070
13, 38, -0.54541
13, 39, -1.43636
13, 40, 2.67600
13, 41, -0.78529
13, 42, -0.31953
13, 43, -1.08160
13, 44, -1.29658
13, 45, -1.10079
13, 46, -0.27454
13, 47, 0.18090
13, 48, 0.35404
13, 49, -1.25522
13, 50, -1.19660
13, 51, -0.98194
13, 52, -1.51715
13, 53, -0.01050
13, 54, -1.55004
13, 55, 1.22021
13, 56, -1.48375
13, 57, 0.41264
13, 58, 1.45809
13, 59, -0.74680
13, 60, -1.18874
13, 61, -0.78309
13, 62, 0.49921
13, 63, -1.22485
13, 64, -1.75992
13, 65, -1.12497
13, 66, -0.15868
13, 67, -1.30795
13, 68, 1.36035
13, 69, -0.46811
13, 70, 0.75904
13, 71, -1.87683
13, 72, -0.42062
13, 73, -1.22648
13, 74, -1.17258
13, 75, -0.76559
13, 76, -1.61027
14, 15, 3.45346
14, 16, 2.76599
14, 17, 0.02806
14, 18, 0.41026
14, 19, 0.28732
14, 20, -0.81308
14, 21, 4.16521
14, 22, 1.14860
14, 23, 1.25068
14, 24, 0.33569
14, 25, -1.30174
14, 26, 0.06896
14, 27, -1.26060
14, 28, -1.69278
14, 29, 0.69704
14, 30, -1.77173
14, 31, 0.40841
14, 32, -0.70000
14, 33, -0.83977
14, 34, -1.04117
14, 35, -0.64602
14, 36, 2.78544
14, 37, 0.65686
14, 38, 0.13349
14, 39, -1.55746
14, 40, 0.72313
14, 41, -1.54439
14, 42, -0.56572
14, 43, -0.25865
14, 44, -0.00361
14, 45, -1.10003
14, 46, -1.09696
14, 47, -0.82804
14, 48, -0.35063
14, 49, 0.02167
14, 50, -1.25054
14, 51, -1.74601
14, 52, -1.31884
14, 53, -0.14453
14, 54, 0.61704
14, 55, -0.98495
14, 56, -1.68526
14, 57, -0.51996
14, 58, -0.93215
14, 59, -1.00018
14, 60, -0.89042
14, 61, 1.21606
14, 62, -1.84582
14, 63, -1.21947
14, 64, -0.89371
14, 65, 1.20086
14, 66, 0.35485
14, 67, -0.68645
14, 68, -1.10482
14, 69, 1.03275
14, 70, -1.43593
14, 71, 0.46408
14, 72, 0.42780
14, 73, -2.09638
14, 74, -0.68865
14, 75, -0.65942
14, 76, 2.24604
15, 16, 2.21739
15, 17, 0.26958
15, 18, -0.06550
15, 19, -0.16049
15, 20, -0.11869
15, 21, -0.55967
15, 22, -1.29818
15, 23, -0.08080
15, 24, -0.82806
15, 25, 0.20152
15, 26, -0.58322
15, 27, -0.22072
15, 28, -0.32173
15, 29, 1.20664
15, 30, -0.64762
15, 31, -0.76527
15, 32, 0.95319
15, 33, -0.16595
15, 34, -0.94124
15, 35, -0.59082
15, 36, -0.32197
15, 37, 1.56644
15, 38, -1.00043
15, 39, -0.60073
15, 40, 1.95581
15, 41, -0.72231
15, 42, -0.23752
15, 43, 0.71585
15, 44, -0.22324
15, 45, -0.06542
15, 46, 0.41218
15, 47, 0.06836
15, 48, 0.02474
15, 49, 0.73345
15, 50, -0.03415
15, 51, -0.95424
15, 52, 0.39967
15, 53, -0.37934
15, 54, -0.25727
15, 55, -0.54898
15, 56, 1.02029
15, 57, -0.33680
15, 58, -0.32443
15, 59, -0.24017
15, 60, 0.37730
15, 61, -1.25272
15, 62, 0.99341
15, 63, -0.70591
15, 64, -0.40296
15, 65, 1.06976
15, 66, -0.74991
15, 67, -0.45179
15, 68, 1.01696
15, 69, -0.81440
15, 70, -0.44116
15, 71, -0.20269
15, 72, -0.57516
15, 73, -1.11971
15, 74, 1.51387
15, 75, -0.35969
15, 76, -0.32141
16, 17, 2.74998
16, 18, -0.36259
16, 19, -0.78780
16, 20, -0.68958
16, 21, -1.16091
16, 22, -2.20456
16, 23, -1.18796
16, 24, 2.41497
16, 25, -0.67960
16, 26, -0.28396
16, 27, -1.16530
16, 28, 0.02152
16, 29, 1.46705
16, 30, 0.00269
16, 31, 0.48143
16, 32, 2.09987
16, 33, -0.53275
16, 34, 1.03949
16, 35, 0.95710
16, 36, 15.61566
16, 37, -1.07997
16, 38, 0.61035
16, 39, 0.46053
16, 40, -0.88440
16, 41, -0.21038
16, 42, -1.15629
16, 43, 2.28766
16, 44, -0.99713
16, 45, -1.19487
16, 46, -0.76267
16, 47, 0.71465
16, 48, -2.39769
16, 49, -1.39227
16, 50, -0.35949
16, 51, 3.15468
16, 52, -1.26327
16, 53, -0.20377
16, 54, -1.50291
16, 55, -1.12268
16, 56, -0.62432
16, 57, 0.20180
16, 58, -0.73927
16, 59, -1.58990
16, 60, 0.98533
16, 61, 2.89422
16, 62, -1.41523
16, 63, -1.43882
16, 64, -1.18632
16, 65, 0.45346
16, 66, -1.63289
16, 67, -0.88164
16, 68, -0.50745
16, 69, -0.68654
16, 70, -1.06910
16, 71, -0.57927
16, 72, -1.13039
16, 73, 1.75363
16, 74, 0.22977
16, 75, -0.99549
16, 76, -0.50209
17, 18, 2.11867
17, 19, 0.05762
17, 20, -1.34082
17, 21, -0.79521
17, 22, -1.56907
17, 23, -1.20954
17, 24, -0.87195
17, 25, -0.55614
17, 26, -0.44075
17, 27, -1.74700
17, 28, -0.87104
17, 29, 1.12958
17, 30, -0.27373
17, 31, -1.25944
17, 32, 0.97802
17, 33, -1.03418
17, 34, -1.33475
17, 35, 1.52187
17, 36, 1.02128
17, 37, -1.25520
17, 38, -0.83924
17, 39, 0.26848
17, 40, -0.43404
17, 41, -0.98419
17, 42, 2.01850
17, 43, -0.25447
17, 44, 0.43603
17, 45, -0.80948
17, 46, -0.96965
17, 47, 5.19464
17, 48, -1.08639
17, 49, -0.68329
17, 50, -0.92540
17, 51, -0.24062
17, 52, 0.83583
17, 53, 3.00427
17, 54, -0.16766
17, 55, -0.74324
17, 56, -1.39646
17, 57, 0.80813
17, 58, -0.55559
17, 59, -1.24699
17, 60, -0.75347
17, 61, -1.76351
17, 62, -1.30081
17, 63, -0.80887
17, 64, 1.46731
17, 65, 1.28141
17, 66, 0.04032
17, 67, -0.11606
17, 68, 2.68736
17, 69, -0.75947
17, 70, 2.83512
17, 71, 1.18081
17, 72, -1.01433
17, 73, 2.98416
17, 74, -0.56099
17, 75, 0.78792
17, 76, 0.62203
18, 19, -0.16741
18, 20, 1.84272
18, 21, 0.46967
18, 22, 0.60398
18, 23, 0.80638
18, 24, -1.67887
18, 25, -1.33772
18, 26, -0.97417
18, 27, -0.07290
18, 28, -0.86903
18, 29, -0.83854
18, 30, -0.66378
18, 31, -0.30697
18, 32, -0.22587
18, 33, -0.59532
18, 34, 0.28266
18, 35, 0.82839
18, 36, -0.85093
18, 37, -0.19693
18, 38, -0.26643
18, 39, 1.69405
18, 40, -1.16135
18, 41, -0.50432
18, 42, 0.41866
18, 43, 1.41677
18, 44, -0.02736
18, 45, 0.35657
18, 46, -1.28991
18, 47, -0.68249
18, 48, 0.64197
18, 49, 0.69180
18, 50, 2.02650
18, 51, -1.42731
18, 52, -0.47258
18, 53, -0.51706
18, 54, -1.35402
18, 55, -0.00334
18, 56, 2.79107
18, 57, 1.28508
18, 58, -0.63851
18, 59, 1.04160
18, 60, 0.25190
18, 61, -0.73510
18, 62, 0.73021
18, 63, 1.46946
18, 64, -0.38536
18, 65, -1.17906
18, 66, 1.91597
18, 67, 0.49166
18, 68, -1.26518
18, 69, -0.90842
18, 70, 0.83958
18, 71, -0.11435
18, 72, 2.12090
18, 73, -0.34352
18, 74, -0.54795
18, 75, -1.11149
18, 76, -0.95979
19, 20, -0.73141
19, 21, -0.34477
19, 22, 0.69515
19, 23, -0.95049
19, 24, 1.62331
19, 25, -0.72704
19, 26, -0.26602
19, 27, 0.28054
19, 28, -0.54365
19, 29, -0.20785
19, 30, 0.82268
19, 31, 0.14542
19, 32, -0.91279
19, 33, 0.55118
19, 34, -0.51607
19, 35, -0.91971
19, 36, -1.43085
19, 37, -0.70543
19, 38, -0.15809
19, 39, -0.70956
19, 40, -0.20191
19, 41, -1.33378
19, 42, -1.31814
19, 43, -0.21494
19, 44, 0.74640
19, 45, -0.13544
19, 46, -0.03914
19, 47, -1.78333
19, 48, -0.04033
19, 49, -1.08081
19, 50, -1.21488
19, 51, -0.97167
19, 52, 3.24608
19, 53, -1.33695
19, 54, -0.76918
19, 55, -0.57849
19, 56, 1.43157
19, 57, -0.68343
19, 58, -1.10420
19, 59, -0.76889
19, 60, 1.59169
19, 61, 1.13287
19, 62, -0.36464
19, 63, 0.32263
19, 64, -0.87694
19, 65, 0.26864
19, 66, -1.19538
19, 67, -1.24424
19, 68, -0.79115
19, 69, 0.35283
19, 70, 0.30345
19, 71, -0.46606
19, 72, 1.96155
19, 73, 3.83126
19, 74, -0.71828
19, 75, -0.13953
19, 76, 1.15201
20, 21, -0.77856
20, 22, -0.99661
20, 23, 1.46685
20, 24, -0.14650
20, 25, -1.41507
20, 26, -0.67575
20, 27, 2.80129
20, 28, 1.62630
20, 29, 0.03353
20, 30, -0.44537
20, 31, 0.05743
20, 32, -1.46057
20, 33, 0.41371
20, 34, -1.47232
20, 35, -0.84787
20, 36, 0.02807
20, 37, 2.02004
20, 38, -0.05556
20, 39, -1.29091
20, 40, 1.10013
20, 41, -0.25650
20, 42, -0.51801
20, 43, 0.49670
20, 44, -0.22950
20, 45, -0.87252
20, 46, -0.83819
20, 47, -0.45646
20, 48, 0.12592
20, 49, 1.08366
20, 50, -1.40404
20, 51, -1.19955
20, 52, -1.28019
20, 53, -0.60558
20, 54, -0.71952
20, 55, 2.22735
20, 56, 1.18016
20, 57, -0.96889
20, 58, 0.55456
20, 59, -0.94687
20, 60, 0.82323
20, 61, 1.85947
20, 62, 1.84759
20, 63, -0.88152
20, 64, -0.36515
20, 65, 1.57868
20, 66, -0.42506
20, 67, 0.66628
20, 68, -1.56030
20, 69, 7.59498
20, 70, 1.33687
20, 71, -0.72057
20, 72, -0.81880
20, 73, 0.54932
20, 74, -1.09387
20, 75, -1.10714
20, 76, 2.23483
21, 22, -1.40298
21, 23, 1.01375
21, 24, -1.45963
21, 25, -0.52661
21, 26, 1.13928
21, 27, -0.46293
21, 28, -1.32603
21, 29, 0.31720
21, 30, 0.78306
21, 31, -0.65969
21, 32, 1.42965
21, 33, -0.17196
21, 34, -0.50711
21, 35, 0.83597
21, 36, -0.27932
21, 37, 0.75248
21, 38, 2.97632
21, 39, 0.44363
21, 40, -0.96452
21, 41, 0.00803
21, 42, -0.57442
21, 43, 0.07698
21, 44, -0.03390
21, 45, 0.08895
21, 46, 1.40746
21, 47, 1.35241
21, 48, -0.80506
21, 49, 0.74165
21, 50, -0.58503
21, 51, -0.79602
21, 52, 0.74137
21, 53, -0.72007
21, 54, -0.41306
21, 55, 0.12089
21, 56, 0.90455
21, 57, -0.32525
21, 58, 1.12837
21, 59, -1.39404
21, 60, -0.63316
21, 61, 0.45812
21, 62, -1.00197
21, 63, 2.16397
21, 64, 0.14076
21, 65, 0.11385
21, 66, 1.08857
21, 67, 0.08759
21, 68, 0.33014
21, 69, 0.01325
21, 70, 0.61702
21, 71, -0.26313
21, 72, -0.85990
21, 73, -0.07926
21, 74, 0.89796
21, 75, -0.30250
21, 76, -0.85757
22, 23, 3.68898
22, 24, 5.89675
22, 25, 1.86487
22, 26, -0.80166
22, 27, -0.95094
22, 28, -0.72610
22, 29, -1.50693
22, 30, 0.23000
22, 31, -0.94944
22, 32, -0.68798
22, 33, 0.16555
22, 34, 18.46743
22, 35, -0.72939
22, 36, -1.70730
22, 37, -0.29468
22, 38, 0.99555
22, 39, -0.14614
22, 40, 0.29319
22, 41, -0.24821
22, 42, -1.37970
22, 43, 0.20402
22, 44, -1.02066
22, 45, -1.18439
22, 46, -0.67080
22, 47, -0.10063
22, 48, -0.12385
22, 49, -0.94585
22, 50, -2.09417
22, 51, 0.37791
22, 52, -2.25777
22, 53, -1.19413
22, 54, -0.12337
22, 55, -0.00122
22, 56, -1.83289
22, 57, -0.70677
22, 58, 2.72600
22, 59, 2.59230
22, 60, -0.74787
22, 61, -0.97783
22, 62, -1.68316
22, 63, -0.98105
22, 64, 0.71293
22, 65, -1.56672
22, 66, 3.82449
22, 67, -0.98992
22, 68, -0.02719
22, 69, -0.92916
22, 70, 0.46401
22, 71, 4.26164
22, 72, 0.28795
22, 73, 3.99516
22, 74, -0.47337
22, 75, -1.38106
22, 76, -1.26592
23, 24, 2.99072
23, 25, 0.62483
23, 26, 1.02428
23, 27, -0.15042
23, 28, 2.16480
23, 29, 2.21964
23, 30, -0.24728
23, 31, 0.82008
23, 32, 0.67853
23, 33, 1.88513
23, 34, 0.85614
23, 35, -0.14572
23, 36, 0.00891
23, 37, 0.30990
23, 38, -1.20304
23, 39, -0.20991
23, 40, -1.33385
23, 41, -0.69168
23, 42, -1.04611
23, 43, -0.67231
23, 44, -1.15225
23, 45, -0.99119
23, 46, 0.01316
23, 47, -1.33885
23, 48, 2.77020
23, 49, -1.48545
23, 50, 1.34864
23, 51, 0.50172
23, 52, -0.67994
23, 53, -0.13275
23, 54, -0.25940
23, 55, -0.97645
23, 56, -0.95015
23, 57, -1.37133
23, 58, -1.10592
23, 59, 0.90585
23, 60, -1.21440
23, 61, 0.51144
23, 62, -0.44415
23, 63, -1.20596
23, 64, -0.65943
23, 65, 0.81788
23, 66, 0.14938
23, 67, -0.92890
23, 68, -1.63212
23, 69, 0.04383
23, 70, -0.32452
23, 71, 1.71083
23, 72, 0.11598
23, 73, -0.85123
23, 74, -1.23757
23, 75, -0.31919
23, 76, -0.89541
24, 25, 0.97507
24, 26, -0.18011
24, 27, -1.52483
24, 28, 2.68093
24, 29, 1.58721
24, 30, 0.39135
24, 31, -1.24291
24, 32, -1.57704
24, 33, -0.81262
24, 34, 10.55499
24, 35, 0.80341
24, 36, -0.92284
24, 37, 0.47058
24, 38, 1.15624
24, 39, -1.54431
24, 40, -2.17332
24, 41, -1.43592
24, 42, 0.07297
24, 43, -1.08906
24, 44, 0.71739
24, 45, -0.05480
24, 46, -0.53565
24, 47, 0.72972
24, 48, 1.32852
24, 49, 0.34856
24, 50, -1.47463
24, 51, 1.06386
24, 52, 0.29586
24, 53, -0.97897
24, 54, 0.65177
24, 55, -1.42746
24, 56, 0.07416
24, 57, 0.79032
24, 58, 0.27253
24, 59, 0.40631
24, 60, -0.05898
24, 61, -1.72034
24, 62, -2.08153
24, 63, -2.11153
24, 64, -0.86770
24, 65, -0.42391
24, 66, 0.82320
24, 67, 2.21305
24, 68, -0.52372
24, 69, -1.69859
24, 70, 0.40217
24, 71, -1.14996
24, 72, -1.77497
24, 73, -1.81891
24, 74, 2.49587
24, 75, -1.05880
24, 76, -0.22861
25, 26, 0.98833
25, 27, -0.59338
25, 28, 4.00125
25, 29, -0.06761
25, 30, -0.63033
25, 31, 3.54211
25, 32, 0.29279
25, 33, -0.09370
25, 34, -1.18303
25, 35, -0.34631
25, 36, -0.81238
25, 37, -1.30055
25, 38, 0.81667
25, 39, 2.07681
25, 40, -2.03433
25, 41, 0.02028
25, 42, -0.31529
25, 43, 0.40490
25, 44, -0.67616
25, 45, 2.70937
25, 46, -1.58349
25, 47, -1.58589
25, 48, -0.16692
25, 49, -1.04500
25, 50, -1.71956
25, 51, -1.04426
25, 52, -1.26739
25, 53, -0.47485
25, 54, -0.60871
25, 55, -0.53172
25, 56, -1.13052
25, 57, -0.66052
25, 58, -0.94522
25, 59, 1.18119
25, 60, 5.37645
25, 61, -0.26812
25, 62, 2.52216
25, 63, -0.71775
25, 64, 0.72041
25, 65, -1.09903
25, 66, -0.55736
25, 67, 2.78415
25, 68, -0.47339
25, 69, -1.46349
25, 70, 0.28604
25, 71, 0.54529
25, 72, -1.89560
25, 73, 0.22723
25, 74, -0.41976
25, 75, 1.74912
25, 76, -0.97281
26, 27, 1.54969
26, 28, 4.83822
26, 29, -0.91703
26, 30, 0.94495
26, 31, 0.27002
26, 32, 1.97461
26, 33, 0.70179
26, 34, -2.07695
26, 35, -0.19845
26, 36, -0.84208
26, 37, -1.11344
26, 38, -0.97823
26, 39, -0.18799
26, 40, -1.31917
26, 41, 2.30364
26, 42, 1.53471
26, 43, -0.29108
26, 44, -1.09357
26, 45, 3.85373
26, 46, 0.94912
26, 47, 4.03969
26, 48, 0.45914
26, 49, 1.49691
26, 50, 0.24125
26, 51, 0.75531
26, 52, 0.62894
26, 53, -0.19931
26, 54, -1.22008
26, 55, -0.09066
26, 56, -0.47273
26, 57, 0.38778
26, 58, -0.59270
26, 59, 4.39125
26, 60, 0.36974
26, 61, -1.40365
26, 62, -0.40541
26, 63, -0.44622
26, 64, 0.47952
26, 65, 0.43976
26, 66, -0.11343
26, 67, 0.42029
26, 68, -1.28678
26, 69, -0.81699
26, 70, -0.98681
26, 71, -1.40917
26, 72, 1.36943
26, 73, -0.59641
26, 74, -0.54070
26, 75, 0.37584
26, 76, -0.76786
27, 28, 2.45003
27, 29, 2.72204
27, 30, 4.70703
27, 31, -0.75585
27, 32, -1.08830
27, 33, -0.59475
27, 34, -0.46899
27, 35, -0.09568
27, 36, -1.19902
27, 37, -1.66543
27, 38, -0.83543
27, 39, 0.82872
27, 40, -0.30205
27, 41, -0.22606
27, 42, 0.37288
27, 43, -0.62815
27, 44, -1.32592
27, 45, -0.06759
27, 46, -1.02083
27, 47, -1.41961
27, 48, -0.21359
27, 49, -0.59333
27, 50, -0.58141
27, 51, 2.34052
27, 52, -0.92014
27, 53, 0.72849
27, 54, 2.09530
27, 55, 1.43138
27, 56, 18.37388
27, 57, 0.11662
27, 58, 1.71515
27, 59, -1.07781
27, 60, -0.28589
27, 61, -0.36540
27, 62, -2.10421
27, 63, -0.35008
27, 64, -0.20117
27, 65, -1.24138
27, 66, -0.59012
27, 67, -0.33513
27, 68, -0.49157
27, 69, 0.12707
27, 70, -0.34682
27, 71, -1.30612
27, 72, 0.71348
27, 73, -0.32682
27, 74, -1.10388
27, 75, -0.54488
27, 76, -0.54890
28, 29, -1.17407
28, 30, -0.30987
28, 31, 2.87663
28, 32, 0.56205
28, 33, 0.28463
28, 34, 1.60334
28, 35, 1.04937
28, 36, -1.64644
28, 37, -0.03555
28, 38, -1.90388
28, 39, 1.42892
28, 40, -0.10874
28, 41, -1.66617
28, 42, -1.30778
28, 43, 0.46569
28, 44, -1.17049
28, 45, -1.36378
28, 46, -1.02408
28, 47, 2.10914
28, 48, -1.28663
28, 49, 0.14427
28, 50, -0.03996
28, 51, 2.13343
28, 52, 0.24968
28, 53, -0.59602
28, 54, -1.26330
28, 55, -0.86000
28, 56, -1.72056
28, 57, -1.32491
28, 58, 0.13454
28, 59, 0.58222
28, 60, 2.72172
28, 61, 0.18036
28, 62, 1.73691
28, 63, -1.53143
28, 64, -1.47326
28, 65, -0.36741
28, 66, -0.71029
28, 67, -0.60631
28, 68, -1.11150
28, 69, -1.41800
28, 70, -1.31918
28, 71, 0.18605
28, 72, 3.15149
28, 73, 1.05818
28, 74, -1.23780
28, 75, -1.40738
28, 76, 2.17006
29, 30, 1.31386
29, 31, -0.75847
29, 32, 1.56766
29, 33, 0.75491
29, 34, -1.15212
29, 35, 0.22922
29, 36, 1.70094
29, 37, 0.75250
29, 38, -1.72032
29, 39, 0.95172
29, 40, -0.91718
29, 41, 0.31988
29, 42, -1.28779
29, 43, 2.27290
29, 44, -0.29677
29, 45, -0.59211
29, 46, 0.28129
29, 47, -1.83720
29, 48, 1.57617
29, 49, -0.78257
29, 50, 4.16687
29, 51, -1.57645
29, 52, 0.94202
29, 53, -1.04771
29, 54, -1.45430
29, 55, -0.60113
29, 56, -0.71218
29, 57, -1.29014
29, 58, -0.92296
29, 59, 0.53939
29, 60, 0.73586
29, 61, 0.76565
29, 62, -1.50368
29, 63, -0.24646
29, 64, 1.98699
29, 65, 1.25699
29, 66, 2.52294
29, 67, 2.38804
29, 68, -1.69210
29, 69, -1.34479
29, 70, -0.64855
29, 71, -1.12254
29, 72, 2.27049
29, 73, -0.76223
29, 74, -1.36566
29, 75, -1.11848
29, 76, -0.89772
30, 31, -0.75934
30, 32, -0.18184
30, 33, 0.30695
30, 34, -1.61443
30, 35, 0.78086
30, 36, -1.45554
30, 37, -0.40924
30, 38, -0.61636
30, 39, 1.52894
30, 40, -0.61572
30, 41, -1.13525
30, 42, 0.48252
30, 43, -0.09122
30, 44, -0.09809
30, 45, 2.13849
30, 46, 0.78764
30, 47, 3.89455
30, 48, -1.64842
30, 49, 0.83474
30, 50, -0.87142
30, 51, 0.41309
30, 52, 0.33661
30, 53, 0.24089
30, 54, 1.10486
30, 55, -0.74915
30, 56, 0.36820
30, 57, 2.84657
30, 58, 0.42658
30, 59, -1.56049
30, 60, -1.40279
30, 61, -1.15716
30, 62, 0.34973
30, 63, 0.56933
30, 64, 0.53838
30, 65, -1.05890
30, 66, -0.65226
30, 67, -0.16590
30, 68, 0.36308
30, 69, -0.98104
30, 70, 4.10951
30, 71, -0.68950
30, 72, 0.37829
30, 73, 0.90858
30, 74, -0.27422
30, 75, 1.49314
30, 76, -0.90878
31, 32, 2.95630
31, 33, 1.27650
31, 34, -1.15131
31, 35, -0.30476
31, 36, -1.83381
31, 37, -0.80242
31, 38, -0.54429
31, 39, -0.62674
31, 40, 0.68438
31, 41, -1.27006
31, 42, 0.36984
31, 43, -0.98461
31, 44, -0.60818
31, 45, -0.97328
31, 46, -1.08035
31, 47, -0.05056
31, 48, -1.08826
31, 49, 0.20358
31, 50, -1.20235
31, 51, -1.23104
31, 52, -1.19597
31, 53, 0.30490
31, 54, -0.93623
31, 55, -0.60821
31, 56, -1.85009
31, 57, -0.95787
31, 58, -0.31717
31, 59, -1.32870
31, 60, -0.24665
31, 61, -0.24140
31, 62, 13.94762
31, 63, -0.54053
31, 64, 3.69263
31, 65, 2.97245
31, 66, -1.57615
31, 67, -0.65496
31, 68, -0.22540
31, 69, -0.12519
31, 70, -1.26130
31, 71, -1.36641
31, 72, 1.00669
31, 73, 1.07365
31, 74, -0.80316
31, 75, -0.34668
31, 76, 4.31599
32, 33, 1.57206
32, 34, 0.46691
32, 35, -0.53093
32, 36, -0.05803
32, 37, 2.12143
32, 38, -1.72382
32, 39, -0.76028
32, 40, 2.13868
32, 41, 0.98355
32, 42, 1.36918
32, 43, -1.04017
32, 44, 1.83412
32, 45, -0.73278
32, 46, -1.06933
32, 47, -0.09622
32, 48, 0.23150
32, 49, 0.02082
32, 50, 3.01632
32, 51, -1.11661
32, 52, -0.24139
32, 53, 0.62525
32, 54, -0.43616
32, 55, -0.43955
32, 56, -1.08038
32, 57, -0.99518
32, 58, -1.21906
32, 59, 0.89442
32, 60, -0.96954
32, 61, 0.19398
32, 62, 2.56665
32, 63, -0.04298
32, 64, -0.39373
32, 65, -1.38313
32, 66, 0.25211
32, 67, -0.82554
32, 68, 0.95848
32, 69, -0.15269
32, 70, -1.24592
32, 71, -1.18325
32, 72, -1.40902
32, 73, -0.07424
32, 74, -0.14818
32, 75, -0.97307
32, 76, 0.64439
33, 34, -0.51571
33, 35, 0.92563
33, 36, 4.07353
33, 37, -0.51699
33, 38, -0.89416
33, 39, -0.61761
33, 40, -0.90888
33, 41, -0.52972
33, 42, 0.85136
33, 43, 1.05888
33, 44, -0.51017
33, 45, -0.82357
33, 46, -0.39558
33, 47, 2.20680
33, 48, -0.22483
33, 49, 0.00325
33, 50, 2.16450
33, 51, 1.17305
33, 52, 0.04329
33, 53, 0.17791
33, 54, -0.75397
33, 55, 1.08804
33, 56, -1.23522
33, 57, -0.48927
33, 58, -0.84869
33, 59, -0.04827
33, 60, -0.25836
33, 61, -1.20565
33, 62, 1.17375
33, 63, 0.82355
33, 64, -0.55600
33, 65, 0.21176
33, 66, -0.39708
33, 67, -0.55813
33, 68, -0.63115
33, 69, 1.35720
33, 70, -0.70306
33, 71, -1.12258
33, 72, 0.17290
33, 73, -0.82958
33, 74, 1.62491
33, 75, -0.42148
33, 76, -0.63873
34, 35, 1.17787
34, 36, -1.55447
34, 37, 3.23334
34, 38, 9.56288
34, 39, -1.07582
34, 40, -2.40905
34, 41, -1.21034
34, 42, -1.22994
34, 43, -1.48772
34, 44, 2.17686
34, 45, -1.02642
34, 46, -1.37098
34, 47, -2.13385
34, 48, -0.47179
34, 49, -1.45705
34, 50, -1.13872
34, 51, -2.03863
34, 52, 0.27054
34, 53, 1.39824
34, 54, 0.16431
34, 55, 0.19103
34, 56, 1.91294
34, 57, 2.60629
34, 58, 0.37018
34, 59, 0.62863
34, 60, -1.14526
34, 61, -1.28816
34, 62, -1.62340
34, 63, -1.08938
34, 64, -1.19152
34, 65, -0.80253
34, 66, 0.08177
34, 67, -0.58417
34, 68, -1.45380
34, 69, -1.62060
34, 70, 1.04367
34, 71, -0.92068
34, 72, -0.95038
34, 73, 0.23827
34, 74, -0.54461
34, 75, 1.27039
34, 76, -1.54623
35, 36, -0.78720
35, 37, -0.85337
35, 38, 0.32380
35, 39, 0.98986
35, 40, -0.47636
35, 41, 0.10728
35, 42, -0.25874
35, 43, 1.15676
35, 44, -0.40686
35, 45, 1.03195
35, 46, -0.17722
35, 47, -1.39013
35, 48, -1.25812
35, 49, -0.58198
35, 50, 1.34644
35, 51, -1.33300
35, 52, -0.03796
35, 53, 0.44473
35, 54, -0.55910
35, 55, -0.01591
35, 56, 0.09879
35, 57, 1.42756
35, 58, -0.86865
35, 59, -0.94216
35, 60, -0.54289
35, 61, -0.06897
35, 62, -0.95485
35, 63, -0.44069
35, 64, 0.25579
35, 65, 1.96787
35, 66, -0.49305
35, 67, -0.32047
35, 68, -1.38683
35, 69, 1.40786
35, 70, 1.86025
35, 71, -0.66230
35, 72, -0.44625
35, 73, 0.46604
35, 74, -0.08150
35, 75, -0.15965
35, 76, -0.74517
36, 37, 1.90609
36, 38, -0.64604
36, 39, 3.62546
36, 40, 1.70993
36, 41, -1.40022
36, 42, 0.01653
36, 43, -0.53788
36, 44, -0.49372
36, 45, 2.48187
36, 46, -1.84729
36, 47, -0.34930
36, 48, 2.31336
36, 49, 0.05559
36, 50, -0.13692
36, 51, -1.31901
36, 52, 2.11447
36, 53, -1.12807
36, 54, 1.65349
36, 55, 0.03988
36, 56, -1.61592
36, 57, 3.14307
36, 58, -1.10923
36, 59, -0.59706
36, 60, -0.81110
36, 61, -1.44707
36, 62, -0.88379
36, 63, -0.76142
36, 64, 0.40194
36, 65, -0.63071
36, 66, 0.63124
36, 67, -0.40619
36, 68, -1.34871
36, 69, -1.50151
36, 70, -0.61086
36, 71, -0.85951
36, 72, -1.30685
36, 73, 5.10185
36, 74, -0.29847
36, 75, -1.48887
36, 76, -1.16679
37, 38, -1.29184
37, 39, 1.09805
37, 40, 0.88856
37, 41, 2.47385
37, 42, 0.31667
37, 43, 0.14691
37, 44, -0.89426
37, 45, -0.66292
37, 46, 1.74916
37, 47, 1.56425
37, 48, 1.46855
37, 49, -1.30014
37, 50, -1.26231
37, 51, 0.43926
37, 52, 1.05106
37, 53, -0.78169
37, 54, 3.71237
37, 55, -0.82190
37, 56, 0.95310
37, 57, 0.24547
37, 58, -0.07130
37, 59, 6.38205
37, 60, -0.57765
37, 61, -0.11638
37, 62, -1.47526
37, 63, 0.02102
37, 64, -0.56663
37, 65, 1.77008
37, 66, -1.48277
37, 67, -0.70087
37, 68, -0.05903
37, 69, -0.72571
37, 70, -0.49662
37, 71, -1.56503
37, 72, -0.51069
37, 73, -0.33501
37, 74, -1.29608
37, 75, 0.77485
37, 76, -1.07398
38, 39, 1.22823
38, 40, -0.62803
38, 41, -1.93216
38, 42, 9.51914
38, 43, 2.12517
38, 44, -0.74518
38, 45, -0.78548
38, 46, -1.16227
38, 47, -2.50326
38, 48, 3.41434
38, 49, 0.45796
38, 50, 1.09796
38, 51, -0.41829
38, 52, -0.82172
38, 53, -0.11793
38, 54, -0.82719
38, 55, 0.13413
38, 56, 2.72948
38, 57, -0.09653
38, 58, -0.26208
38, 59, 0.02202
38, 60, -0.89508
38, 61, 2.85003
38, 62, -1.99098
38, 63, 2.85753
38, 64, 3.42514
38, 65, -1.13064
38, 66, 0.22404
38, 67, -0.71349
38, 68, -1.95365
38, 69, -0.50242
38, 70, 0.97330
38, 71, 1.11190
38, 72, -1.46899
38, 73, -1.97752
38, 74, -0.84492
38, 75, 2.82853
38, 76, 2.21309
39, 40, 2.87836
39, 41, -1.02344
39, 42, 0.48650
39, 43, 1.20445
39, 44, -0.17032
39, 45, 1.06765
39, 46, 0.43953
39, 47, 1.77746
39, 48, 0.70434
39, 49, 0.33362
39, 50, 0.88044
39, 51, -0.03203
39, 52, -0.11464
39, 53, -0.87163
39, 54, -0.91148
39, 55, 0.87145
39, 56, -1.04134
39, 57, 0.54752
39, 58, -1.15501
39, 59, -0.64068
39, 60, -0.00988
39, 61, 0.08703
39, 62, -0.52589
39, 63, -0.24540
39, 64, -1.02554
39, 65, -1.05954
39, 66, -1.03101
39, 67, 0.07987
39, 68, 1.93082
39, 69, -1.06689
39, 70, 1.06577
39, 71, -1.05558
39, 72, -0.96344
39, 73, -0.51125
39, 74, 0.38951
39, 75, 0.66566
39, 76, 1.95670
40, 41, 4.06011
40, 42, 0.96376
40, 43, -0.76156
40, 44, 4.32498
40, 45, 2.98978
40, 46, 7.67200
40, 47, 7.97086
40, 48, 2.25865
40, 49, 0.29722
40, 50, 4.88062
40, 51, 2.49547
40, 52, -1.82684
40, 53, -1.15508
40, 54, 0.63851
40, 55, -0.84992
40, 56, 0.13823
40, 57, -0.40531
40, 58, -1.20896
40, 59, 0.13108
40, 60, -1.30527
40, 61, 0.49500
40, 62, -1.62669
40, 63, -1.82380
40, 64, -1.34616
40, 65, -1.64731
40, 66, -0.67293
40, 67, -1.74475
40, 68, 1.74795
40, 69, -0.18972
40, 70, -1.98631
40, 71, -1.72123
40, 72, 2.17601
40, 73, -2.04163
40, 74, -1.69408
40, 75, -1.37470
40, 76, -1.19801
41, 42, -0.59286
41, 43, -0.58662
41, 44, 1.71877
41, 45, 0.31856
41, 46, 1.80610
41, 47, -0.83401
41, 48, 4.86628
41, 49, -1.70424
41, 50, 1.47851
41, 51, 1.42326
41, 52, -0.60727
41, 53, 0.69739
41, 54, 4.18743
41, 55, 2.65000
41, 56, -0.57904
41, 57, 1.06548
41, 58, 2.04895
41, 59, 3.46521
41, 60, -1.02856
41, 61, 1.36215
41, 62, 0.47069
41, 63, -0.10921
41, 64, -0.69990
41, 65, -1.21553
41, 66, -0.36320
41, 67, -0.36845
41, 68, -1.02272
41, 69, 0.81000
41, 70, -1.40773
41, 71, 0.30229
41, 72, -1.39027
41, 73, 1.68122
41, 74, 1.65269
41, 75, -0.25223
41, 76, -1.28557
42, 43, 0.80742
42, 44, 0.95497
42, 45, 1.16497
42, 46, -0.90272
42, 47, -0.24981
42, 48, -0.77262
42, 49, -1.05175
42, 50, -0.58816
42, 51, -1.00508
42, 52, -0.70025
42, 53, -0.80757
42, 54, -0.74780
42, 55, -0.98048
42, 56, 1.19689
42, 57, 0.37692
42, 58, -0.71306
42, 59, -0.19663
42, 60, 1.08953
42, 61, -1.58467
42, 62, -0.49529
42, 63, -0.32855
42, 64, 0.05920
42, 65, -0.20624
42, 66, -1.02289
42, 67, 1.03642
42, 68, -1.31039
42, 69, 1.04931
42, 70, -0.28649
42, 71, -0.11498
42, 72, -1.24744
42, 73, 1.16815
42, 74, 1.31413
42, 75, -0.12435
42, 76, 1.75144
43, 44, 2.14433
43, 45, -0.54277
43, 46, 3.90935
43, 47, -0.92615
43, 48, -0.90766
43, 49, 0.00096
43, 50, -0.22661
43, 51, -1.42234
43, 52, 0.31370
43, 53, -0.12639
43, 54, 1.49493
43, 55, 2.83693
43, 56, -0.77804
43, 57, 1.95565
43, 58, 1.89284
43, 59, -0.57183
43, 60, -0.71538
43, 61, -0.51137
43, 62, 0.21427
43, 63, -0.24336
43, 64, 0.95153
43, 65, 0.97063
43, 66, -0.74289
43, 67, -0.66407
43, 68, -0.97012
43, 69, -0.38498
43, 70, -0.11291
43, 71, -0.85425
43, 72, -1.09273
43, 73, -1.10940
43, 74, -0.19287
43, 75, -0.70159
43, 76, -0.74221
44, 45, 0.14529
44, 46, 5.83992
44, 47, -0.24360
44, 48, 1.47247
44, 49, -0.66526
44, 50, -0.59378
44, 51, -0.27183
44, 52, -0.17841
44, 53, 0.50077
44, 54, 0.94095
44, 55, 0.64068
44, 56, -0.84680
44, 57, 0.95936
44, 58, -0.97055
44, 59, -0.57712
44, 60, -0.89603
44, 61, -0.15312
44, 62, 1.94831
44, 63, -0.81475
44, 64, 2.62104
44, 65, -1.07608
44, 66, 2.01214
44, 67, -0.43612
44, 68, 0.36757
44, 69, -0.22207
44, 70, -1.09465
44, 71, -1.10496
44, 72, -1.60919
44, 73, -1.26906
44, 74, 0.25932
44, 75, -0.67981
44, 76, -0.94505
45, 46, 1.63524
45, 47, 0.85952
45, 48, -0.98374
45, 49, 1.40895
45, 50, 0.48488
45, 51, 1.49581
45, 52, 0.15732
45, 53, 0.30299
45, 54, -0.94814
45, 55, 3.08337
45, 56, -1.05776
45, 57, 2.30482
45, 58, -0.03618
45, 59, -0.60807
45, 60, -0.59329
45, 61, -1.36578
45, 62, -1.16262
45, 63, 1.70211
45, 64, -0.45091
45, 65, 0.13479
45, 66, -1.16277
45, 67, -0.03426
45, 68, -0.50772
45, 69, -0.89325
45, 70, -0.55828
45, 71, 0.19072
45, 72, -0.47089
45, 73, -0.01606
45, 74, -0.18725
45, 75, 1.70657
45, 76, -0.36943
46, 47, -0.88449
46, 48, 0.23961
46, 49, 1.17366
46, 50, -0.96135
46, 51, 0.44157
46, 52, 0.63975
46, 53, 1.86414
46, 54, 2.46638
46, 55, -0.78627
46, 56, -1.08658
46, 57, 0.06696
46, 58, -0.51030
46, 59, -0.96456
46, 60, 0.00456
46, 61, -0.69781
46, 62, -0.18722
46, 63, 1.92781
46, 64, 0.04690
46, 65, -1.69282
46, 66, -0.87363
46, 67, -0.47315
46, 68, 2.18289
46, 69, 1.93717
46, 70, -0.87006
46, 71, -1.23280
46, 72, -0.45097
46, 73, -1.13385
46, 74, -0.88110
46, 75, -0.63154
46, 76, -0.08291
47, 48, 2.02942
47, 49, 3.61050
47, 50, 1.64325
47, 51, 0.48119
47, 52, 4.00263
47, 53, -0.96444
47, 54, 2.33819
47, 55, -1.44533
47, 56, -1.85675
47, 57, -1.40363
47, 58, 1.06130
47, 59, -1.50808
47, 60, -0.78939
47, 61, -2.28305
47, 62, -1.44873
47, 63, -1.58100
47, 64, -1.62939
47, 65, -2.00735
47, 66, -2.07406
47, 67, -1.10062
47, 68, 4.15052
47, 69, 1.34958
47, 70, -1.63298
47, 71, -0.84328
47, 72, 2.76138
47, 73, 1.80762
47, 74, -0.72283
47, 75, -0.54802
47, 76, 1.47354
48, 49, -0.42479
48, 50, 4.45351
48, 51, 3.08887
48, 52, 1.13873
48, 53, 0.90525
48, 54, 2.12648
48, 55, 1.29876
48, 56, -2.17213
48, 57, -0.48134
48, 58, 1.80123
48, 59, 2.91068
48, 60, -1.00644
48, 61, -1.56891
48, 62, 1.15891
48, 63, -2.14604
48, 64, -1.41821
48, 65, -1.17703
48, 66, 1.22543
48, 67, -1.66383
48, 68, 0.93332
48, 69, 0.65534
48, 70, -1.73554
48, 71, -0.94377
48, 72, -1.76918
48, 73, -2.45743
48, 74, 0.04440
48, 75, -1.82910
48, 76, -1.15934
49, 50, 2.08233
49, 51, 0.17032
49, 52, 0.76899
49, 53, -0.81409
49, 54, -1.11051
49, 55, -0.33491
49, 56, -1.49280
49, 57, -0.48791
49, 58, -0.33408
49, 59, -1.18715
49, 60, -1.04439
49, 61, 0.08083
49, 62, 1.15086
49, 63, 1.84386
49, 64, -0.19352
49, 65, -0.71073
49, 66, -0.90250
49, 67, -0.33667
49, 68, 0.75888
49, 69, -0.07092
49, 70, 1.97358
49, 71, -0.50137
49, 72, 0.73994
49, 73, -0.20872
49, 74, 3.78224
49, 75, -0.63585
49, 76, 0.86472
50, 51, 1.40227
50, 52, 2.25909
50, 53, 1.32023
50, 54, 1.54686
50, 55, -1.18555
50, 56, -1.32476
50, 57, 0.51322
50, 58, -1.53924
50, 59, -0.89291
50, 60, -0.01382
50, 61, -1.72170
50, 62, 0.12616
50, 63, 1.17781
50, 64, -1.02506
50, 65, 0.11305
50, 66, -0.71449
50, 67, -0.36945
50, 68, -0.23290
50, 69, 0.56343
50, 70, -1.25243
50, 71, -1.92879
50, 72, -0.81015
50, 73, -0.28342
50, 74, -1.57127
50, 75, -1.02459
50, 76, 1.82165
51, 52, 4.07888
51, 53, 3.07208
51, 54, -0.45765
51, 55, 0.05053
51, 56, -0.62606
51, 57, -0.05309
51, 58, -1.04637
51, 59, 1.75384
51, 60, 0.63672
51, 61, 0.33864
51, 62, -0.71158
51, 63, -0.26919
51, 64, -1.21882
51, 65, -0.56687
51, 66, -1.35959
51, 67, 2.64676
51, 68, -0.71363
51, 69, -0.94787
51, 70, 0.56394
51, 71, -0.72291
51, 72, -1.68305
51, 73, -0.30757
51, 74, 2.82540
51, 75, -0.62346
51, 76, 0.20595
52, 53, -0.28538
52, 54, -0.22172
52, 55, -0.48081
52, 56, 1.50531
52, 57, -0.06454
52, 58, -1.46855
52, 59, -0.18757
52, 60, -1.28106
52, 61, 2.02561
52, 62, -1.60563
52, 63, -0.64585
52, 64, 0.37407
52, 65, 0.76133
52, 66, 0.16243
52, 67, -0.99575
52, 68, 1.69775
52, 69, -1.26635
52, 70, -0.85140
52, 71, 0.42046
52, 72, 0.66743
52, 73, -2.11351
52, 74, 3.43147
52, 75, 3.33004
52, 76, 0.00764
53, 54, -0.25827
53, 55, 2.29439
53, 56, 0.71804
53, 57, 0.81789
53, 58, 0.23372
53, 59, 0.10033
53, 60, 0.18713
53, 61, -0.86712
53, 62, -1.05715
53, 63, 1.37760
53, 64, -0.24096
53, 65, 0.14682
53, 66, -0.36907
53, 67, 1.25808
53, 68, 0.11353
53, 69, -1.17701
53, 70, -0.16105
53, 71, 1.32951
53, 72, -0.12254
53, 73, 0.68408
53, 74, 0.48829
53, 75, 0.01968
53, 76, -0.87277
54, 55, -0.00190
54, 56, 3.42650
54, 57, -0.62530
54, 58, 2.01680
54, 59, 2.82969
54, 60, -0.73523
54, 61, 2.25849
54, 62, -0.58239
54, 63, -0.92658
54, 64, 0.33551
54, 65, 0.02346
54, 66, 0.92449
54, 67, -0.85404
54, 68, -1.32202
54, 69, -0.63025
54, 70, -0.26075
54, 71, 0.18684
54, 72, 0.05204
54, 73, -1.39517
54, 74, 0.87894
54, 75, -0.70500
54, 76, -1.03992
55, 56, -0.23338
55, 57, 1.29875
55, 58, 0.59296
55, 59, -0.18607
55, 60, 1.88763
55, 61, 0.43553
55, 62, -1.17855
55, 63, 2.27761
55, 64, 0.30719
55, 65, -1.12114
55, 66, -0.18890
55, 67, 0.24331
55, 68, 1.02074
55, 69, -1.06160
55, 70, -0.78323
55, 71, -0.05073
55, 72, 1.76389
55, 73, -0.97653
55, 74, 1.33580
55, 75, -0.42109
55, 76, -0.49407
56, 57, 5.30078
56, 58, 4.56395
56, 59, 1.84894
56, 60, 0.84917
56, 61, -0.53888
56, 62, -1.92299
56, 63, 0.06424
56, 64, 0.87655
56, 65, -1.64811
56, 66, -1.67637
56, 67, 1.03926
56, 68, -1.05493
56, 69, -1.14778
56, 70, -0.23431
56, 71, -1.72955
56, 72, 2.89844
56, 73, -0.57297
56, 74, -1.19192
56, 75, -0.66518
56, 76, -1.10681
57, 58, 0.29334
57, 59, -0.62781
57, 60, -0.35483
57, 61, 0.53635
57, 62, -0.69035
57, 63, -0.29813
57, 64, -0.06592
57, 65, -0.90014
57, 66, 1.43431
57, 67, 0.10978
57, 68, 0.17843
57, 69, -1.28587
57, 70, -0.22972
57, 71, -0.40627
57, 72, -1.71012
57, 73, -1.25555
57, 74, -0.19834
57, 75, -0.63222
57, 76, -0.64229
58, 59, -0.57942
58, 60, -0.16033
58, 61, -0.54846
58, 62, 1.39174
58, 63, -0.29894
58, 64, 1.20212
58, 65, 0.05444
58, 66, -0.28320
58, 67, 0.15905
58, 68, -0.60502
58, 69, -1.07643
58, 70, 2.10749
58, 71, -0.76888
58, 72, 0.67556
58, 73, -1.40147
58, 74, 2.74541
58, 75, 3.51484
58, 76, -0.46409
59, 60, -0.71295
59, 61, 5.89062
59, 62, -1.09145
59, 63, -0.78428
59, 64, -1.22344
59, 65, -1.46379
59, 66, -1.34179
59, 67, -0.63701
59, 68, -0.96858
59, 69, -0.33929
59, 70, 0.22811
59, 71, 0.25770
59, 72, -1.40446
59, 73, -2.25484
59, 74, 0.14932
59, 75, 0.92636
59, 76, 0.83343
60, 61, 0.23151
60, 62, 3.20245
60, 63, 4.80135
60, 64, 0.49627
60, 65, -1.27307
60, 66, -0.79429
60, 67, 4.73305
60, 68, -0.81397
60, 69, 1.29940
60, 70, 1.32903
60, 71, -0.14771
60, 72, -1.24126
60, 73, -0.92516
60, 74, -0.44568
60, 75, 2.09218
60, 76, -0.54815
61, 62, 1.95402
61, 63, -0.69578
61, 64, 4.45397
61, 65, 2.53706
61, 66, 4.71236
61, 67, 1.01455
61, 68, 4.91798
61, 69, -1.19724
61, 70, -1.19536
61, 71, -0.68530
61, 72, -1.73900
61, 73, 2.30759
61, 74, 0.55364
61, 75, -0.76724
61, 76, -1.80855
62, 63, 0.94469
62, 64, 3.03683
62, 65, 5.43709
62, 66, 1.12481
62, 67, -1.13173
62, 68, 2.77392
62, 69, 0.24683
62, 70, 0.42657
62, 71, -1.34555
62, 72, -0.94062
62, 73, 1.80694
62, 74, -1.16505
62, 75, -0.33852
62, 76, 2.82441
63, 64, -0.20198
63, 65, -0.81100
63, 66, 7.37807
63, 67, 1.06389
63, 68, -0.48326
63, 69, -0.13728
63, 70, 1.95750
63, 71, 0.12030
63, 72, 0.04190
63, 73, 1.60092
63, 74, -0.08176
63, 75, -0.14275
63, 76, 0.70903
64, 65, 3.05869
64, 66, -0.51425
64, 67, 0.59491
64, 68, 1.10539
64, 69, -1.03132
64, 70, -0.54015
64, 71, -0.51222
64, 72, -1.53399
64, 73, 1.08720
64, 74, -0.24329
64, 75, 0.02094
64, 76, -0.53519
65, 66, -0.23598
65, 67, 0.65674
65, 68, -0.30768
65, 69, 4.14793
65, 70, -0.70072
65, 71, 1.15361
65, 72, 3.05579
65, 73, 1.57206
65, 74, -0.43611
65, 75, -0.84826
65, 76, -1.94499
66, 67, 6.44937
66, 68, -1.33536
66, 69, -0.46974
66, 70, 2.98651
66, 71, 2.86128
66, 72, -1.39084
66, 73, -0.33789
66, 74, 0.57209
66, 75, -0.32982
66, 76, -0.56274
67, 68, -0.25168
67, 69, -0.76187
67, 70, 1.00509
67, 71, 2.50598
67, 72, -0.83281
67, 73, -1.52127
67, 74, -0.15141
67, 75, 0.51578
67, 76, 0.05867
68, 69, 1.73347
68, 70, -0.45487
68, 71, 7.32730
68, 72, -0.43948
68, 73, 2.10927
68, 74, -0.59518
68, 75, 0.81631
68, 76, -0.48100
69, 70, 2.11372
69, 71, -0.42002
69, 72, 2.53993
69, 73, -0.14700
69, 74, -0.18264
69, 75, 0.58028
69, 76, -0.58817
70, 71, 1.76645
70, 72, -1.19759
70, 73, 1.34227
70, 74, 2.04176
70, 75, 0.94505
70, 76, 1.51886
71, 72, 2.08328
71, 73, -0.80744
71, 74, -0.16219
71, 75, 6.58377
71, 76, 1.58631
72, 73, 1.79329
72, 74, 1.20221
72, 75, -0.28594
72, 76, -0.10613
73, 74, -0.34303
73, 75, 0.86775
73, 76, 5.72640
74, 75, 1.74084
74, 76, 0.71181
75, 76, 2.02858
