8.547008547008547868e-03
7.352941176470588133e-03
1.298701298701298787e-02
6.289308176100629269e-03
6.289308176100629269e-03
4.545454545454545581e-02
6.535947712418300852e-03
4.545454545454545581e-02
1.515151515151515194e-02
6.578947368421052266e-03
1.000000000000000000e+00
7.142857142857142634e-03
7.407407407407407690e-03
1.724137931034482735e-02
6.944444444444444059e-03
7.633587786259541687e-03
1.063829787234042527e-02
7.042253521126760722e-03
6.666666666666666574e-02
1.123595505617977497e-02
7.462686567164178962e-03
6.535947712418300852e-03
1.449275362318840597e-02
1.052631578947368397e-02
7.042253521126760722e-03
9.090909090909090468e-03
7.142857142857142634e-03
1.098901098901098987e-02
7.194244604316547137e-03
7.194244604316547137e-03
1.369863013698630061e-02
2.173913043478260809e-02
6.666666666666667095e-03
2.173913043478260809e-02
9.708737864077669061e-03
7.462686567164178962e-03
7.194244604316547137e-03
7.142857142857142634e-03
1.000000000000000000e+00
1.265822784810126563e-02
1.162790697674418589e-02
1.111111111111111154e-02
7.246376811594202987e-03
1.265822784810126563e-02
9.090909090909090468e-03
7.092198581560283516e-03
1.162790697674418589e-02
7.692307692307692735e-02
1.515151515151515194e-02
1.492537313432835792e-02
9.090909090909090468e-03
7.246376811594202987e-03
6.535947712418300852e-03
5.000000000000000000e-01
7.194244604316547137e-03
6.993006993006993001e-03
7.092198581560283516e-03
1.612903225806451568e-02
7.194244604316547137e-03
9.090909090909090468e-03
7.246376811594202987e-03
5.882352941176470507e-02
1.020408163265306041e-02
1.234567901234567833e-02
2.941176470588235253e-02
6.993006993006993001e-03
8.620689655172413673e-03
2.702702702702702853e-02
1.030927835051546372e-02
2.941176470588235253e-02
1.219512195121951262e-02
7.575757575757575968e-03
9.009009009009008931e-03
8.547008547008547868e-03
1.010101010101010187e-02
5.555555555555555247e-02
9.615384615384615918e-03
1.408450704225352144e-02
8.849557522123893682e-03
1.666666666666666574e-01
1.123595505617977497e-02
6.578947368421052266e-03
9.090909090909090468e-03
1.030927835051546372e-02
1.388888888888888812e-02
1.111111111111111154e-02
1.176470588235294101e-02
8.403361344537814762e-03
1.538461538461538547e-02
1.030927835051546372e-02
8.547008547008547868e-03
9.090909090909090468e-03
9.090909090909090468e-03
9.433962264150943036e-03
8.771929824561403022e-03
2.857142857142857054e-02
1.030927835051546372e-02
7.299270072992700489e-03
7.246376811594202987e-03
1.162790697674418589e-02
3.333333333333333148e-01
6.896551724137930939e-03
1.086956521739130405e-02
7.299270072992700489e-03
1.219512195121951262e-02
1.388888888888888812e-02
1.428571428571428492e-01
6.944444444444444059e-03
1.204819277108433798e-02
7.352941176470588133e-03
1.162790697674418589e-02
1.785714285714285615e-02
1.492537313432835792e-02
1.030927835051546372e-02
2.564102564102564014e-02
7.092198581560283516e-03
1.449275362318840597e-02
2.702702702702702853e-02
1.162790697674418589e-02
8.264462809917355601e-03
8.547008547008547868e-03
1.176470588235294101e-02
1.219512195121951262e-02
1.818181818181818094e-02
1.388888888888888812e-02
1.190476190476190410e-02
1.111111111111111154e-02
1.282051282051282007e-02
7.246376811594202987e-03
1.030927835051546372e-02
1.063829787234042527e-02
1.282051282051282007e-02
7.246376811594202987e-03
1.639344262295082053e-02
1.030927835051546372e-02
7.352941176470588133e-03
1.030927835051546372e-02
1.388888888888888812e-02
1.000000000000000000e+00
1.369863013698630061e-02
1.666666666666666574e-01
9.433962264150943036e-03
1.063829787234042527e-02
1.369863013698630061e-02
1.162790697674418589e-02
1.041666666666666609e-02
3.225806451612903136e-02
1.111111111111111154e-02
8.928571428571428076e-03
1.282051282051282007e-02
1.250000000000000069e-02
7.092198581560283516e-03
1.428571428571428527e-02
1.063829787234042527e-02
1.219512195121951262e-02
7.194244604316547137e-03
1.111111111111111154e-02
5.555555555555555247e-02
5.000000000000000000e-01
9.174311926605505096e-03
1.408450704225352144e-02
1.030927835051546372e-02
1.785714285714285615e-02
1.111111111111111154e-02
1.162790697674418589e-02
1.470588235294117627e-02
9.803921568627450844e-03
1.265822784810126563e-02
5.882352941176470507e-02
6.666666666666666574e-02
7.246376811594202987e-03
1.219512195121951262e-02
1.190476190476190410e-02
1.136363636363636395e-02
9.708737864077669061e-03
1.470588235294117627e-02
1.587301587301587213e-02
1.086956521739130405e-02
9.523809523809524669e-03
9.708737864077669061e-03
9.009009009009008931e-03
1.388888888888888812e-02
2.325581395348837177e-02
1.149425287356321823e-02
7.246376811594202987e-03
1.612903225806451568e-02
1.298701298701298787e-02
1.111111111111111154e-02
2.127659574468085055e-02
1.052631578947368397e-02
5.555555555555555247e-02
8.849557522123893682e-03
1.315789473684210453e-02
1.149425287356321823e-02
5.000000000000000000e-01
1.388888888888888812e-02
1.219512195121951262e-02
1.219512195121951262e-02
9.523809523809524669e-03
1.098901098901098987e-02
2.000000000000000111e-01
7.462686567164178962e-03
1.176470588235294101e-02
1.000000000000000000e+00
2.857142857142857054e-02
1.265822784810126563e-02
1.388888888888888812e-02
6.250000000000000000e-02
1.136363636363636395e-02
1.960784313725490169e-02
1.041666666666666609e-02
1.265822784810126563e-02
9.090909090909090468e-03
4.166666666666666435e-02
2.000000000000000111e-01
8.849557522123893682e-03
1.176470588235294101e-02
1.428571428571428527e-02
2.127659574468085055e-02
1.219512195121951262e-02
1.136363636363636395e-02
9.900990099009901110e-03
6.250000000000000000e-02
1.162790697674418589e-02
1.063829787234042527e-02
1.219512195121951262e-02
7.462686567164178962e-03
1.369863013698630061e-02
9.174311926605505096e-03
4.166666666666666435e-02
1.612903225806451568e-02
1.219512195121951262e-02
1.666666666666666574e-01
7.352941176470588133e-03
1.204819277108433798e-02
1.818181818181818094e-02
1.136363636363636395e-02
5.555555555555555247e-02
8.849557522123893682e-03
7.299270072992700489e-03
1.111111111111111154e-02
1.449275362318840597e-02
1.298701298701298787e-02
1.369863013698630061e-02
1.250000000000000069e-02
1.219512195121951262e-02
5.882352941176470507e-02
7.194244604316547137e-03
1.136363636363636395e-02
5.555555555555555247e-02
1.234567901234567833e-02
6.250000000000000000e-02
1.219512195121951262e-02
1.190476190476190410e-02
6.666666666666666574e-02
1.219512195121951262e-02
8.264462809917355601e-03
6.993006993006993001e-03
7.246376811594202987e-03
1.234567901234567833e-02
1.666666666666666574e-01
1.111111111111111049e-01
5.882352941176470507e-02
1.219512195121951262e-02
1.666666666666666574e-01
2.040816326530612082e-02
2.500000000000000139e-02
1.234567901234567833e-02
3.125000000000000000e-02
7.142857142857142634e-03
1.639344262295082053e-02
1.111111111111111049e-01
1.219512195121951262e-02
5.000000000000000000e-01
1.176470588235294101e-02
1.250000000000000069e-02
5.555555555555555247e-02
1.219512195121951262e-02
1.149425287356321823e-02
1.428571428571428527e-02
1.612903225806451568e-02
5.000000000000000000e-01
1.428571428571428527e-02
1.333333333333333419e-02
1.219512195121951262e-02
3.571428571428571230e-02
1.282051282051282007e-02
6.666666666666666574e-02
3.225806451612903136e-02
1.219512195121951262e-02
8.928571428571428076e-03
1.136363636363636395e-02
1.666666666666666574e-01
1.219512195121951262e-02
7.352941176470588133e-03
1.219512195121951262e-02
6.250000000000000000e-02
1.190476190476190410e-02
5.555555555555555247e-02
1.149425287356321823e-02
6.250000000000000000e-02
7.246376811594202987e-03
8.771929824561403022e-03
1.351351351351351426e-02
1.000000000000000000e+00
1.176470588235294101e-02
6.250000000000000000e-02
1.111111111111111049e-01
1.204819277108433798e-02
4.545454545454545581e-02
1.612903225806451568e-02
1.234567901234567833e-02
1.666666666666666644e-02
1.250000000000000069e-02
5.882352941176470507e-02
1.149425287356321823e-02
9.090909090909091161e-02
2.702702702702702853e-02
8.333333333333333218e-03
1.234567901234567833e-02
1.204819277108433798e-02
1.234567901234567833e-02
1.010101010101010187e-02
1.265822784810126563e-02
1.470588235294117627e-02
7.142857142857142461e-02
2.173913043478260809e-02
1.449275362318840597e-02
7.246376811594202987e-03
1.219512195121951262e-02
1.176470588235294101e-02
9.259259259259258745e-03
1.333333333333333419e-02
1.162790697674418589e-02
7.142857142857142461e-02
1.315789473684210453e-02
1.265822784810126563e-02
1.351351351351351426e-02
1.000000000000000000e+00
1.234567901234567833e-02
9.523809523809524669e-03
1.886792452830188607e-02
1.351351351351351426e-02
1.190476190476190410e-02
3.333333333333333148e-01
5.882352941176470507e-02
1.111111111111111154e-02
1.666666666666666574e-01
2.325581395348837177e-02
2.631578947368420907e-02
1.639344262295082053e-02
2.127659574468085055e-02
1.492537313432835792e-02
5.263157894736841813e-02
7.352941176470588133e-03
7.142857142857142461e-02
1.408450704225352144e-02
9.433962264150943036e-03
5.555555555555555247e-02
1.111111111111111154e-02
1.219512195121951262e-02
6.666666666666666574e-02
7.936507936507936067e-03
1.388888888888888812e-02
6.666666666666666574e-02
8.333333333333332871e-02
7.142857142857142461e-02
1.298701298701298787e-02
1.666666666666666574e-01
1.428571428571428492e-01
1.219512195121951262e-02
7.692307692307692735e-02
1.250000000000000069e-02
1.470588235294117627e-02
7.042253521126760722e-03
1.351351351351351426e-02
1.219512195121951262e-02
1.000000000000000000e+00
9.090909090909091161e-02
7.692307692307692735e-02
1.234567901234567833e-02
1.282051282051282007e-02
1.234567901234567833e-02
1.408450704225352144e-02
1.298701298701298787e-02
1.219512195121951262e-02
7.692307692307692735e-02
1.315789473684210453e-02
1.449275362318840597e-02
1.000000000000000056e-01
7.194244604316547137e-03
7.092198581560283516e-03
1.470588235294117627e-02
5.882352941176470507e-02
1.234567901234567833e-02
1.176470588235294101e-02
9.615384615384615918e-03
7.633587786259541687e-03
1.694915254237288130e-02
1.492537313432835792e-02
1.136363636363636395e-02
1.190476190476190410e-02
1.219512195121951262e-02
1.666666666666666574e-01
1.000000000000000000e+00
1.204819277108433798e-02
1.923076923076923184e-02
6.666666666666666574e-02
1.190476190476190410e-02
1.666666666666666574e-01
7.874015748031495954e-03
1.923076923076923184e-02
1.234567901234567833e-02
5.882352941176470507e-02
1.265822784810126563e-02
7.142857142857142461e-02
1.666666666666666574e-01
8.333333333333332871e-02
1.923076923076923184e-02
9.433962264150943036e-03
5.555555555555555247e-02
1.388888888888888812e-02
8.333333333333332871e-02
1.333333333333333419e-02
9.090909090909091161e-02
1.470588235294117627e-02
1.219512195121951262e-02
1.282051282051282007e-02
6.666666666666666574e-02
1.098901098901098987e-02
7.142857142857142461e-02
6.666666666666666574e-02
7.692307692307692735e-02
1.234567901234567833e-02
1.282051282051282007e-02
1.190476190476190410e-02
6.666666666666666574e-02
5.000000000000000000e-01
4.545454545454545581e-02
1.666666666666666574e-01
2.380952380952380820e-02
5.882352941176470507e-02
1.000000000000000000e+00
6.250000000000000000e-02
1.219512195121951262e-02
5.555555555555555247e-02
1.282051282051282007e-02
1.298701298701298787e-02
1.298701298701298787e-02
1.818181818181818094e-02
1.162790697674418589e-02
1.351351351351351426e-02
1.428571428571428492e-01
1.176470588235294101e-02
1.234567901234567833e-02
1.315789473684210453e-02
5.000000000000000000e-01
1.204819277108433798e-02
5.000000000000000000e-01
1.000000000000000000e+00
1.282051282051282007e-02
2.040816326530612082e-02
2.941176470588235253e-02
1.315789473684210453e-02
2.380952380952380820e-02
1.333333333333333419e-02
7.874015748031495954e-03
3.703703703703703498e-02
1.000000000000000000e+00
4.761904761904761640e-02
1.000000000000000000e+00
1.149425287356321823e-02
5.000000000000000000e-01
2.631578947368420907e-02
7.751937984496123923e-03
1.315789473684210453e-02
1.388888888888888812e-02
1.176470588235294101e-02
1.388888888888888812e-02
1.282051282051282007e-02
4.166666666666666435e-02
3.125000000000000000e-02
1.136363636363636395e-02
2.000000000000000111e-01
2.000000000000000111e-01
1.176470588235294101e-02
1.000000000000000000e+00
2.000000000000000111e-01
2.000000000000000111e-01
1.333333333333333419e-02
8.547008547008547868e-03
1.041666666666666609e-02
2.000000000000000111e-01
1.282051282051282007e-02
2.000000000000000042e-02
1.265822784810126563e-02
1.000000000000000000e+00
1.265822784810126563e-02
7.299270072992700489e-03
7.246376811594202987e-03
3.333333333333333148e-01
1.000000000000000000e+00
2.500000000000000000e-01
1.000000000000000000e+00
3.225806451612903136e-02
1.000000000000000000e+00
3.333333333333333148e-01
1.000000000000000000e+00
1.000000000000000000e+00
1.923076923076923184e-02
9.090909090909090468e-03
3.333333333333333148e-01
3.333333333333333148e-01
1.000000000000000000e+00
1.030927835051546372e-02
3.333333333333333148e-01
6.896551724137930939e-03
3.333333333333333287e-02
2.439024390243902524e-02
9.174311926605505096e-03
5.000000000000000000e-01
1.000000000000000000e+00
5.000000000000000000e-01
1.123595505617977497e-02
1.298701298701298787e-02
3.448275862068965469e-02
9.345794392523363789e-03
8.547008547008547868e-03
9.009009009009008931e-03
1.298701298701298787e-02
1.123595505617977497e-02
2.564102564102564014e-02
5.882352941176470507e-02
1.149425287356321823e-02
1.639344262295082053e-02
7.874015748031495954e-03
3.125000000000000000e-02
7.462686567164178962e-03
1.000000000000000000e+00
3.030303030303030387e-02
1.075268817204301161e-02
1.041666666666666609e-02
1.041666666666666609e-02
8.849557522123893682e-03
1.190476190476190410e-02
1.851851851851851749e-02
3.225806451612903136e-02
7.246376811594202987e-03
