9.873999999999999444e-02
1.656499999999999917e-01
1.166399999999999937e-01
2.297099999999999975e-01
2.896599999999999731e-01
2.688999999999999724e-01
2.289499999999999869e-01
3.150700000000000167e-01
2.282099999999999962e-01
2.037499999999999867e-01
2.252599999999999880e-01
2.643400000000000194e-01
2.883800000000000252e-01
1.068899999999999989e-01
2.451399999999999968e-01
2.189000000000000112e-01
3.145499999999999963e-01
1.181200000000000028e-01
3.342399999999999816e-01
-4.525000000000000376e-03
-9.605000000000000690e-03
1.249100000000000037e-02
-1.627500000000000127e-02
-2.716299999999999965e-02
-2.367799999999999905e-01
-1.738500000000000045e-01
1.693199999999999983e-01
8.305200000000000082e-02
1.699099999999999916e-02
-2.101200000000000012e-01
1.703800000000000037e-01
1.387200000000000100e-01
-1.952299999999999869e-01
4.329000000000000209e-02
2.875799999999999884e-02
-2.857700000000000240e-01
2.561400000000000135e-02
5.863000000000000156e-03
1.093400000000000066e-01
1.332200000000000051e-01
9.963600000000000234e-02
3.033299999999999885e-02
1.579699999999999993e-01
7.649999999999999682e-03
-5.698899999999999799e-02
7.791900000000000215e-02
1.203400000000000025e-01
-1.893500000000000044e-02
4.536099999999999854e-02
3.984800000000000147e-02
8.922199999999999576e-02
7.467000000000000026e-02
5.625999999999999751e-02
1.083199999999999996e-01
8.292800000000000171e-02
1.157699999999999979e-01
7.862800000000000344e-02
1.755899999999999961e-01
1.537399999999999878e-01
6.864900000000000169e-02
9.633899999999999408e-02
1.492300000000000015e-01
2.325599999999999890e-01
1.456800000000000039e-01
-8.443100000000000604e-02
1.569599999999999884e-01
9.909800000000000553e-02
1.794600000000000084e-01
-3.518899999999999806e-02
-1.860100000000000087e-01
1.301100000000000034e-01
3.692600000000000049e-02
1.639700000000000046e-01
-4.341800000000000104e-01
1.541899999999999937e-01
1.691999999999999893e-01
1.439400000000000124e-01
1.665699999999999958e-01
7.282099999999999684e-02
9.636500000000000621e-02
1.574800000000000089e-01
2.437199999999999922e-01
9.034000000000000363e-02
1.336799999999999933e-01
1.025800000000000045e-01
4.166500000000000065e-02
1.377299999999999913e-01
1.536899999999999933e-01
1.695299999999999863e-01
1.235200000000000048e-01
1.739100000000000090e-01
2.346000000000000030e-01
1.328799999999999981e-01
1.350899999999999879e-01
1.731399999999999884e-01
1.613900000000000057e-01
1.308300000000000018e-01
-1.321799999999999919e-01
-4.945499999999999896e-01
1.636900000000000160e-02
1.175999999999999962e-01
-4.540500000000000091e-01
-4.762600000000000167e-01
1.702899999999999969e-01
2.253400000000000125e-01
1.451400000000000086e-02
1.759100000000000108e-01
-3.417499999999999982e-01
1.093500000000000028e-01
-4.036100000000000243e-01
1.209100000000000036e-01
-8.406900000000000484e-01
6.855700000000000682e-02
-4.034900000000000153e-01
8.905100000000000515e-02
2.564199999999999813e-01
5.011999999999999789e-02
1.508599999999999941e-01
1.573299999999999976e-01
1.585499999999999965e-01
1.913100000000000078e-01
2.888000000000000012e-01
2.860199999999999965e-01
2.365400000000000003e-01
1.028799999999999992e-01
1.170800000000000035e-01
4.948999999999999927e-02
1.092700000000000060e-01
2.348500000000000032e-01
4.626000000000000251e-02
2.611800000000000233e-01
1.257800000000000029e-01
1.588600000000000012e-01
-1.346499999999999919e-01
-1.490700000000000081e-01
-3.138199999999999878e-01
-3.100800000000000223e-01
-9.765500000000000569e-02
-2.509199999999999764e-01
-1.646299999999999986e-01
-1.309800000000000131e-01
1.225300000000000000e-01
-7.901500000000000190e-02
-2.656899999999999817e-01
-2.756399999999999961e-01
-1.379299999999999971e-01
-5.020000000000000157e-02
-1.179299999999999932e-01
-8.665699999999999792e-02
-2.954600000000000004e-01
-1.697299999999999920e-01
-1.772600000000000009e-01
7.470899999999999763e-02
3.174899999999999944e-02
9.891400000000000192e-02
-6.413000000000000644e-02
1.055399999999999949e-01
-4.708199999999999885e-02
2.143799999999999872e-02
6.313399999999999568e-02
8.426699999999999469e-02
2.214999999999999955e-02
1.153300000000000020e-01
7.566499999999999615e-02
4.046299999999999897e-02
1.034599999999999964e-01
5.314300000000000274e-02
3.578599999999999837e-02
8.124900000000000178e-02
2.200900000000000079e-02
2.604100000000000165e-02
1.072599999999999942e-01
1.443899999999999906e-01
1.647200000000000053e-01
1.014899999999999969e-01
1.272800000000000042e-01
2.064099999999999963e-02
1.158900000000000069e-01
6.339699999999999502e-02
9.311700000000000532e-02
1.470100000000000018e-01
9.496999999999999886e-02
8.567700000000000315e-02
5.252799999999999830e-02
1.064699999999999952e-01
1.134799999999999975e-01
1.452100000000000057e-01
7.307199999999999807e-02
1.327000000000000124e-01
4.729599999999999776e-02
1.357200000000000073e-01
1.433500000000000052e-01
9.697200000000000264e-02
1.621400000000000063e-01
1.426600000000000090e-01
2.065200000000000022e-02
1.297500000000000042e-01
1.433800000000000074e-01
7.660500000000000642e-02
1.430599999999999927e-01
1.051399999999999973e-01
1.964200000000000113e-01
2.002400000000000013e-01
1.088200000000000001e-01
1.261899999999999966e-01
1.010899999999999993e-01
5.698399999999999993e-02
1.190100000000000047e-01
1.228599999999999970e-01
8.774400000000000255e-02
4.546900000000000247e-02
-1.443200000000000038e-02
-8.640599999999999670e-02
-2.135900000000000021e-01
-2.714000000000000093e-02
-1.826099999999999945e-02
5.977999999999999807e-03
-1.672200000000000075e-01
-1.090399999999999980e-01
4.544700000000000129e-02
2.225099999999999995e-02
8.451799999999999591e-02
1.034299999999999942e-01
-5.041500000000000148e-02
7.714600000000000624e-02
-1.303900000000000059e-01
-1.903099999999999931e-02
-1.481800000000000062e-01
-2.567599999999999882e-01
-5.636800000000000144e-02
-1.513400000000000079e+00
-1.484599999999999920e+00
-1.052599999999999980e+00
-1.444600000000000051e-02
-3.311899999999999844e-01
-9.596700000000000230e-01
-1.520000000000000018e+00
1.067899999999999960e-01
-3.924699999999999855e-01
-9.693500000000000449e-01
-1.227800000000000002e+00
-2.520899999999999808e-01
-1.247100000000000097e+00
-5.613099999999999756e-01
4.598000000000000004e-02
-5.542200000000000459e-01
2.083999999999999915e-03
-2.318800000000000028e-01
-1.706399999999999861e-01
-4.491100000000000092e-01
-4.586700000000000221e-01
-1.253200000000000092e+00
-1.292200000000000015e-01
-8.020899999999999697e-01
-5.824599999999999778e-01
-5.582899999999999530e-01
-1.147699999999999942e+00
-2.921199999999999908e-01
-4.429899999999999949e-01
-1.559099999999999930e+00
-5.273400000000000309e-01
-9.258600000000000163e-01
-1.318200000000000038e+00
-1.280999999999999917e+00
-1.365599999999999925e+00
-1.205899999999999972e+00
-3.279599999999999876e-02
6.088799999999999768e-02
-1.488799999999999901e+00
-1.880900000000000016e+00
-2.083800000000000097e-01
-1.421900000000000108e-01
-4.919799999999999729e-01
-7.510799999999999699e-01
1.106700000000000045e-01
-1.221799999999999969e-01
-7.534399999999999986e-01
-9.465599999999999570e-01
-1.606300000000000061e+00
-3.425400000000000111e-01
-1.579199999999999937e+00
-1.990399999999999947e-01
-3.171800000000000175e-01
-1.366600000000000037e-01
-5.963700000000000251e-02
4.981399999999999717e-02
9.067200000000000260e-02
-8.844800000000000439e-01
-1.235399999999999970e-01
-1.172699999999999992e-01
-9.726899999999999435e-02
4.684100000000000069e-02
-1.461899999999999866e-01
4.703500000000000042e-02
1.410599999999999909e-01
-1.436000000000000054e-01
-1.507100000000000106e-01
-1.203899999999999970e+00
7.018900000000000139e-02
1.608700000000000060e-02
1.113100000000000062e-01
7.267999999999999461e-02
1.329799999999999871e-01
-2.660000000000000038e-03
-1.538499999999999979e+00
-1.461899999999999977e+00
-1.387799999999999923e+00
-1.454299999999999926e+00
-1.478799999999999892e+00
-2.491599999999999926e-01
-1.652099999999999902e+00
-1.292200000000000015e-01
-4.250700000000000034e-01
-4.507800000000000140e-01
-1.432299999999999907e+00
-1.516999999999999904e+00
-1.580100000000000060e+00
-1.520199999999999996e+00
-1.490599999999999925e+00
-1.516299999999999981e+00
-1.406199999999999894e+00
-3.113000000000000211e-01
-4.798600000000000088e-01
-2.633099999999999885e-01
-1.209100000000000036e-01
-7.915699999999999958e-01
-1.584600000000000009e+00
-6.004199999999999537e-01
-2.739400000000000168e-01
9.970400000000000096e-02
-3.760200000000000209e-01
-1.514699999999999935e-01
9.222199999999999842e-02
-1.016800000000000065e-01
-1.091099999999999959e+00
-8.370199999999999863e-02
-1.523400000000000087e+00
-3.180700000000000194e-01
-1.080900000000000055e-01
-1.928499999999999936e-01
-5.966099999999999737e-01
-4.627800000000000247e-01
-1.361599999999999921e+00
-1.282599999999999962e+00
-1.457999999999999963e+00
-8.521499999999999631e-01
-1.231500000000000039e+00
-1.292200000000000015e-01
-1.314400000000000013e+00
-1.667599999999999971e+00
-1.197000000000000064e+00
-1.706800000000000095e+00
-1.048100000000000032e+00
-1.363299999999999956e+00
-1.491700000000000026e+00
-1.131400000000000045e-01
-1.417000000000000037e+00
-4.825300000000000145e-01
-9.668799999999999617e-01
-1.514999999999999902e+00
-1.500000000000000000e+00
-6.906400000000000317e-01
-4.540199999999999791e-01
-1.913400000000000101e-01
-3.176599999999999979e-01
-9.571399999999999908e-01
-1.292399999999999993e+00
-8.277200000000000113e-01
-1.099800000000000111e+00
-1.168900000000000050e+00
-1.106999999999999984e+00
-6.368300000000000072e-01
-6.733500000000000041e-01
-1.513599999999999945e-01
-5.930699999999999861e-01
-9.623800000000000132e-01
-5.521399999999999642e-01
-7.602400000000000269e-01
-1.180500000000000105e+00
-1.055299999999999905e+00
-2.219599999999999906e-01
-1.781000000000000083e-01
3.239899999999999725e-02
-1.441000000000000059e-01
2.592999999999999819e-03
2.546700000000000005e-02
-8.547399999999999443e-02
-5.299800000000000066e-01
-6.546899999999999942e-02
-1.430700000000000027e-01
-5.990899999999999698e-02
-3.565200000000000313e-02
-1.226900000000000102e+00
-1.317800000000000082e-01
-4.572999999999999843e-01
-6.452900000000000302e-02
-2.544099999999999834e-02
-7.889000000000000179e-02
-2.974800000000000014e-02
-1.245799999999999963e-01
2.803500000000000089e-02
-3.306300000000000211e-02
-3.733899999999999719e-02
6.716099999999999848e-02
-4.756799999999999917e-02
6.293300000000000283e-02
-5.873999999999999881e-03
-5.426099999999999673e-02
4.832499999999999990e-02
5.316799999999999998e-02
-6.374399999999999511e-02
-6.038700000000000179e-01
-5.873099999999999848e-02
-9.560000000000000789e-03
3.339600000000000207e-02
1.568700000000000094e-01
-1.029000000000000054e-01
8.331099999999999617e-02
-1.402100000000000048e-02
1.398099999999999898e-01
1.135899999999999965e-01
6.609600000000000197e-02
9.265800000000000425e-02
9.937999999999999612e-02
1.239100000000000062e-01
1.335999999999999965e-01
1.219100000000000045e-01
2.682400000000000062e-02
1.128099999999999936e-01
1.939500000000000113e-01
-1.523700000000000054e-01
1.249500000000000055e-01
1.620000000000000051e-01
8.178799999999999959e-02
2.919100000000000167e-02
1.047399999999999998e-01
2.382000000000000089e-02
1.180199999999999999e-01
1.585799999999999987e-01
1.344700000000000062e-01
6.866800000000000681e-02
2.983500000000000041e-01
1.823899999999999966e-01
1.252999999999999947e-01
8.169500000000000373e-02
1.460400000000000031e-01
1.418000000000000094e-01
6.276400000000000035e-02
1.010500000000000009e-01
1.027499999999999941e-01
1.502600000000000047e-01
1.120000000000000023e-01
1.597800000000000054e-01
2.120299999999999963e-01
2.048300000000000121e-01
1.951499999999999901e-01
1.785299999999999943e-01
2.129999999999999949e-01
1.288100000000000078e-01
4.845499999999999807e-02
4.171500000000000208e-02
4.980000000000000052e-03
1.782499999999999918e-01
1.411399999999999877e-01
7.604600000000000248e-02
9.467799999999999827e-02
1.120799999999999991e-01
6.858699999999999519e-02
2.842600000000000127e-01
1.315099999999999880e-01
1.792199999999999904e-01
3.703100000000000142e-02
3.044300000000000131e-02
1.637000000000000122e-01
4.755700000000000205e-02
-7.986999999999999655e-01
-1.898299999999999987e-01
-3.586199999999999943e-01
-4.559400000000000119e-01
-9.864500000000000490e-01
-7.434399999999999897e-01
-2.831099999999999728e-01
-3.821599999999999997e-01
-1.362899999999999945e-01
-1.502699999999999869e-01
-2.644599999999999729e-01
-4.216799999999999715e-02
-1.185999999999999971e-01
-4.902900000000000036e-01
-8.814999999999999503e-01
-1.026200000000000029e-01
-1.515300000000000091e+00
4.271699999999999803e-02
-1.292200000000000015e-01
-2.247300000000000131e-01
-1.646600000000000008e-01
-5.209000000000000297e-01
-3.316600000000000104e-01
-1.324099999999999999e-01
-1.013000000000000012e-01
5.984400000000000136e-02
-1.179899999999999977e-01
8.341899999999999316e-02
1.386300000000000032e-02
-2.200799999999999979e-01
-2.926599999999999757e-01
-1.310000000000000053e+00
-1.075900000000000051e-01
-1.266299999999999926e-01
-2.390899999999999970e-01
2.354699999999999849e-02
-2.121999999999999997e-01
1.503299999999999914e-01
9.507899999999999685e-02
1.467499999999999916e-01
-1.541299999999999892e+00
-8.951200000000000268e-01
-9.831600000000000061e-02
-3.958599999999999897e-01
-1.692600000000000104e+00
-1.292200000000000015e-01
2.044500000000000137e-02
1.146999999999999964e-01
-6.923999999999999599e-02
-7.869000000000000439e-01
-6.780800000000000161e-01
1.861399999999999999e-01
-1.313299999999999912e+00
1.723600000000000132e-01
-1.742899999999999894e+00
1.959599999999999953e-01
-1.292200000000000015e-01
5.285499999999999921e-02
-6.743499999999999495e-02
-2.942000000000000171e-01
-2.663900000000000157e-01
-1.140899999999999970e-01
-1.344799999999999884e-01
-3.888699999999999796e-02
-3.299099999999999949e-02
-1.450400000000000023e-01
-1.032499999999999946e-01
-2.314499999999999891e-01
-3.176700000000000079e-01
-1.507799999999999974e-01
-1.923499999999999932e-01
-1.505499999999999894e-01
-1.065200000000000036e-01
-4.620699999999999807e-01
-1.209699999999999942e-01
-1.565799999999999970e-01
3.805000000000000049e-02
-8.226500000000000479e-02
-2.117300000000000015e-01
-1.373099999999999876e-01
5.131499999999999950e-02
-2.278600000000000070e-01
3.692299999999999749e-02
-7.111800000000000066e-02
-3.096700000000000147e-02
-5.258999999999999786e-03
-1.252999999999999947e-01
9.646000000000000060e-03
-1.510699999999999932e+00
1.162599999999999918e-02
-8.201999999999999569e-02
-9.429800000000000681e-02
2.654600000000000015e-02
-7.842100000000000459e-02
3.214700000000000196e-02
-6.436699999999999644e-01
-9.291000000000000647e-02
-1.346700000000000008e+00
-1.465799999999999992e+00
-1.237900000000000000e+00
-6.649999999999999661e-03
-9.396400000000000308e-01
-3.033199999999999785e-01
1.530399999999999990e-02
5.130200000000000038e-02
-6.352700000000000014e-01
-3.288099999999999912e-01
-1.086899999999999977e+00
-7.376200000000000534e-01
-5.056399999999999784e-01
-2.489099999999999924e-01
-9.073200000000000154e-01
-1.408500000000000030e-02
-6.716100000000000403e-01
4.392299999999999677e-02
-2.768199999999999827e-02
-2.725600000000000245e-01
-2.160700000000000121e-01
-9.601099999999999912e-02
8.134800000000000364e-02
7.149099999999999899e-02
4.248299999999999993e-02
1.657599999999999907e-01
9.388900000000000023e-02
-1.363800000000000012e-01
-7.819099999999999662e-02
-2.860599999999999948e-02
-9.317999999999999894e-03
2.438299999999999843e-02
-7.077400000000000357e-02
-2.222500000000000031e-01
1.670000000000000043e-03
-7.107399999999999829e-02
2.651999999999999844e-02
8.489700000000000024e-02
6.929599999999999649e-02
8.309500000000000219e-02
5.198999999999999629e-03
-2.692299999999999902e-02
5.374099999999999711e-02
-6.790000000000000245e-04
1.688800000000000023e-02
6.109099999999999947e-02
-2.151099999999999887e-02
-4.795999999999999916e-03
9.292200000000000459e-02
5.191300000000000081e-02
-2.368500000000000050e-01
5.102000000000000285e-02
1.847899999999999890e-02
4.705600000000000060e-02
1.134300000000000030e-01
4.848600000000000132e-02
1.166500000000000037e-01
-2.265899999999999859e-02
3.312699999999999673e-02
7.925200000000000300e-02
-3.370799999999999907e-01
2.979400000000000104e-02
5.034700000000000286e-02
-5.433899999999999841e-02
1.062899999999999956e-01
-2.389900000000000010e-02
6.753499999999999781e-02
-4.812600000000000211e-01
1.827399999999999858e-02
2.107400000000000106e-01
-1.268700000000000105e-01
3.135299999999999893e-02
-2.737800000000000233e-01
5.769799999999999929e-02
2.821500000000000050e-02
-1.691799999999999971e-01
-2.188100000000000045e-01
-2.237999999999999989e-01
-7.096700000000000230e-02
-8.491600000000000259e-01
-7.687800000000000189e-02
-1.076799999999999979e-01
-2.954400000000000082e-02
-8.723300000000000498e-02
-3.267999999999999794e-01
-7.552999999999999818e-03
-9.195699999999999985e-01
-2.384800000000000114e-02
-1.854000000000000092e-01
-6.768399999999999417e-02
-2.323099999999999887e-01
-7.163699999999999513e-01
-1.398999999999999966e-01
9.325200000000000156e-02
5.234300000000000064e-02
-1.150100000000000011e-01
-4.524099999999999788e-01
1.521000000000000000e-03
-2.328500000000000014e-01
-9.487600000000000200e-02
-4.334699999999999664e-02
6.999999999999999929e-04
3.096999999999999927e-03
-1.448699999999999988e-01
6.232300000000000340e-02
1.073900000000000028e-02
8.282499999999999585e-02
-9.671000000000000776e-03
-1.001900000000000013e-01
-4.852500000000000147e-01
-3.215400000000000202e-02
-2.357200000000000129e-01
-5.529099999999999987e-02
-1.082799999999999985e+00
-1.048999999999999932e+00
-1.444300000000000028e-01
-1.420800000000000063e+00
-5.249899999999999567e-01
-1.097900000000000098e+00
-8.844899999999999984e-01
-9.300000000000000488e-01
-7.906900000000000039e-01
-7.585699999999999665e-01
-7.188400000000000345e-01
-9.533599999999999852e-01
-3.778999999999999720e-02
-9.218699999999999672e-01
2.018700000000000008e-02
-1.196199999999999930e+00
-1.395800000000000096e-01
-1.096700000000000008e+00
-4.625999999999999904e-03
-1.194199999999999984e-01
-3.498500000000000221e-02
2.032399999999999832e-02
-1.015800000000000036e-01
-5.125800000000000356e-01
1.028100000000000021e-02
-2.801000000000000156e-01
-1.146900000000000003e-01
-3.839799999999999880e-01
-1.338799999999999990e-01
9.320999999999999425e-03
-8.509799999999999587e-01
4.173199999999999826e-02
-4.126199999999999868e-01
-4.402099999999999902e-01
2.965200000000000127e-02
-5.238199999999999523e-01
-3.587000000000000188e-01
2.033199999999999938e-02
2.821600000000000150e-02
4.697799999999999893e-02
5.571099999999999663e-02
-6.661899999999999766e-02
1.022799999999999924e-02
8.917899999999999439e-02
2.059000000000000066e-02
3.652899999999999897e-02
1.851999999999999914e-03
6.885399999999999854e-02
-1.547999999999999897e-03
-6.127500000000000169e-01
-4.176000000000000024e-03
-2.084300000000000042e-02
1.668199999999999891e-02
1.768999999999999956e-03
1.714500000000000052e-02
2.270399999999999849e-02
7.240699999999999914e-02
6.100799999999999973e-02
7.730599999999999972e-02
1.412700000000000067e-02
7.723700000000000010e-02
-7.699799999999999700e-02
-1.589099999999999888e-02
9.739100000000000534e-02
-3.431000000000000022e-03
3.973800000000000249e-02
1.574899999999999911e-02
8.123600000000000265e-02
5.150099999999999817e-02
-1.035699999999999954e-01
9.309999999999999699e-04
8.711000000000000687e-02
-1.331199999999999883e-01
6.652700000000000280e-02
-8.793299999999999728e-02
1.045500000000000075e-02
5.639000000000000262e-02
1.813700000000000034e-02
-6.622200000000000308e-02
-8.057699999999999585e-02
-4.031299999999999883e-01
-5.294000000000000095e-03
4.627799999999999969e-02
-3.516000000000000028e-03
-5.205599999999999811e-02
3.269899999999999890e-02
3.113399999999999848e-02
-2.682300000000000240e-01
8.017499999999999627e-02
7.927000000000000018e-03
5.684600000000000070e-02
-2.259099999999999997e-01
-1.862199999999999966e-01
-1.564899999999999902e-01
5.553999999999999909e-02
2.486500000000000168e-02
4.480800000000000061e-02
3.083100000000000077e-02
-2.203000000000000097e-03
-1.489800000000000013e-01
4.975399999999999961e-02
1.450599999999999945e-01
1.238400000000000056e-01
8.864900000000000557e-02
1.215200000000000030e-01
1.293900000000000050e-01
-2.306400000000000117e-01
5.917800000000000143e-02
1.669799999999999895e-01
4.480100000000000054e-02
-3.361600000000000005e-02
-1.950800000000000103e-02
2.983900000000000094e-02
1.029999999999999943e-01
1.230200000000000043e-01
-1.313199999999999923e+00
-1.251900000000000013e+00
-1.751199999999999979e-01
1.013899999999999940e-01
-3.062600000000000044e-02
-3.012799999999999923e-01
-6.936499999999999888e-01
2.265199999999999853e-02
-3.681900000000000173e-01
-3.036499999999999755e-01
4.611099999999999921e-02
-5.041400000000000048e-02
-1.223999999999999977e+00
6.232999999999999825e-03
-3.365000000000000213e-01
1.656300000000000133e-02
-3.098699999999999788e-01
4.121199999999999863e-02
5.899700000000000083e-02
9.453000000000000291e-02
9.295200000000000684e-02
7.972700000000000620e-02
9.976000000000000492e-03
8.728600000000000247e-02
4.720200000000000090e-02
7.451399999999999690e-02
4.326900000000000190e-02
7.367200000000000137e-02
8.384099999999999886e-02
9.831099999999999561e-02
-1.076699999999999990e+00
7.598100000000000687e-02
5.025700000000000306e-02
-1.000299999999999939e-01
4.101500000000000284e-02
-1.403399999999999960e-02
5.371100000000000180e-02
6.233000000000000346e-02
4.356499999999999956e-02
-2.479100000000000054e-02
4.402999999999999969e-02
6.828299999999999648e-02
5.372299999999999992e-02
1.774099999999999983e-02
4.110099999999999865e-02
8.746000000000000302e-03
6.072299999999999920e-02
2.293099999999999999e-02
5.957400000000000195e-02
4.143700000000000161e-02
2.107799999999999951e-02
6.122799999999999770e-02
-2.876099999999999837e-02
8.730799999999999672e-02
-1.257300000000000084e-01
7.245500000000000551e-02
1.301299999999999957e-01
-1.062599999999999933e-01
-3.322100000000000053e-01
3.477100000000000329e-02
-4.348000000000000198e-01
-3.270200000000000190e-02
-2.264499999999999846e-02
1.087599999999999956e-01
-3.971999999999999975e-01
-1.237199999999999966e-01
-1.037599999999999981e-02
-6.234399999999999942e-01
3.622999999999999832e-02
-1.992299999999999974e-02
-6.911599999999999688e-02
5.595300000000000273e-02
-3.534499999999999864e-01
4.979499999999999899e-02
-3.079099999999999893e-02
6.593799999999999661e-02
-8.176300000000000234e-02
-3.111700000000000021e-01
-3.375999999999999834e-02
-1.443800000000000083e-01
5.724100000000000021e-02
-3.858900000000000108e-01
1.065600000000000019e-01
-2.349400000000000099e-01
-1.527300000000000046e-01
1.199899999999999994e-01
-1.412800000000000056e+00
-8.467199999999999727e-02
-1.115599999999999925e+00
2.338300000000000101e-02
-3.753099999999999770e-01
-3.241800000000000237e-02
-4.972700000000000037e-02
4.993000000000000042e-03
9.060400000000000398e-02
5.877299999999999885e-02
-4.376599999999999935e-01
-2.037000000000000182e-03
4.368999999999999967e-02
8.996999999999999789e-03
7.244200000000000639e-02
-3.834200000000000108e-02
2.643399999999999916e-02
5.722399999999999709e-02
7.166200000000000347e-02
-1.113199999999999967e+00
3.268100000000000172e-02
7.286199999999999621e-02
6.127900000000000014e-02
5.777800000000000297e-02
1.947700000000000126e-02
3.325999999999999790e-02
-1.600399999999999878e-01
1.486400000000000048e-02
-1.297900000000000054e+00
-1.451500000000000012e+00
-6.930699999999999639e-01
-4.317400000000000126e-01
-1.538699999999999957e+00
-1.603699999999999903e+00
-1.734499999999999931e-01
-1.064299999999999968e-02
-1.363599999999999923e+00
-1.297800000000000065e+00
-2.909700000000000064e-01
-5.803599999999999870e-01
-1.487200000000000077e+00
-3.662699999999999845e-01
-1.292200000000000015e-01
-3.153299999999999853e-02
-1.306000000000000050e+00
1.269400000000000042e-02
2.197299999999999948e-02
3.626399999999999763e-02
-1.869399999999999951e-01
-2.550000000000000044e-01
1.147399999999999982e-02
7.391699999999999660e-02
4.181599999999999900e-02
1.149400000000000005e-01
5.457599999999999951e-02
6.204199999999999993e-02
3.586600000000000205e-02
-5.253900000000000237e-01
-2.586099999999999857e-02
1.297399999999999942e-01
1.714699999999999905e-02
6.140400000000000025e-02
5.728099999999999858e-02
6.935600000000000098e-02
-6.403300000000000658e-02
-2.068599999999999953e-02
-3.989499999999999991e-02
-8.690299999999999414e-02
-1.237000000000000035e-03
1.433599999999999874e-01
1.307300000000000129e-01
1.200999999999999984e-01
5.284300000000000108e-02
-2.086599999999999913e-02
1.408000000000000085e-01
4.957999999999999907e-02
5.253399999999999737e-02
-1.378900000000000015e+00
1.436499999999999999e-01
3.592399999999999760e-02
9.629300000000000359e-02
8.783900000000000041e-02
1.732700000000000073e-01
6.014200000000000101e-02
1.314200000000000090e-01
-4.381800000000000139e-01
-1.197599999999999998e+00
-2.670299999999999896e-01
-3.117699999999999916e-01
-1.557300000000000073e-01
-1.292200000000000015e-01
-4.804800000000000182e-01
-8.824899999999999411e-02
-2.246799999999999908e-01
-4.211599999999999788e-01
-2.574699999999999767e-01
-1.218299999999999939e+00
3.685700000000000087e-02
-5.629600000000000160e-01
3.988200000000000078e-02
-8.837399999999999700e-01
-6.106600000000000222e-02
-2.518199999999999952e-02
7.720200000000000673e-02
1.313300000000000023e-01
-3.491500000000000159e-02
4.402999999999999969e-02
-2.801799999999999846e-01
-1.978199999999999958e-01
4.408299999999999719e-02
-9.312499999999999944e-02
6.374599999999999711e-02
-8.024100000000000676e-02
1.094200000000000034e-01
-2.890300000000000091e-01
2.701599999999999835e-02
-6.472600000000000575e-02
-2.127599999999999977e-02
-6.188599999999999657e-02
-5.040800000000000142e-02
-5.532900000000000318e-02
1.323000000000000044e-02
-6.053100000000000147e-02
7.744499999999999995e-02
1.344099999999999982e-02
7.960399999999999421e-02
-6.488599999999999923e-02
1.236199999999999938e-01
-2.536000000000000060e-02
1.251099999999999990e-01
5.447300000000000059e-02
5.245199999999999863e-02
4.382899999999999990e-02
-3.375900000000000012e-01
6.792000000000000294e-03
7.718600000000000461e-02
-1.167999999999999984e-03
1.514099999999999890e-01
-8.708000000000000462e-03
1.960999999999999965e-01
1.998300000000000076e-02
1.454599999999999990e-02
3.375299999999999828e-02
-4.102399999999999797e-02
6.727700000000000347e-02
1.516899999999999915e-01
1.204299999999999954e-01
5.714600000000000235e-02
1.493599999999999962e-02
8.830699999999999661e-02
1.107299999999999951e-01
9.279000000000000789e-03
3.263699999999999934e-02
-3.636300000000000088e-01
6.186500000000000332e-02
9.378499999999999337e-02
7.320599999999999330e-02
5.239599999999999813e-02
1.469399999999999873e-01
6.852300000000000058e-02
4.260499999999999704e-02
-8.087000000000000438e-03
7.047200000000000686e-02
5.066000000000000190e-03
-2.736600000000000144e-02
8.295500000000000096e-02
-5.812999999999999591e-03
-3.678300000000000319e-02
-8.411000000000000074e-03
6.154300000000000048e-02
5.714600000000000235e-02
5.216900000000000009e-02
1.469999999999999918e-01
1.554899999999999893e-01
8.445099999999999829e-02
3.548300000000000065e-02
6.045400000000000079e-02
2.006199999999999928e-01
-1.166599999999999998e-01
-1.895499999999999963e-01
-6.278099999999999792e-01
-7.326599999999999779e-01
-4.849899999999999767e-01
-6.212600000000000067e-02
-7.847500000000000309e-02
-9.350600000000000578e-02
-4.529099999999999793e-01
-1.318600000000000050e-01
-3.885199999999999765e-01
-8.807900000000000451e-02
-6.571299999999999919e-01
-2.106699999999999962e-01
-4.616000000000000103e-01
-1.107100000000000029e-01
-5.517100000000000337e-01
-1.413899999999999879e-01
-5.202099999999999780e-02
-9.050900000000000611e-02
-9.057800000000000573e-02
-5.662899999999999878e-02
-9.391800000000000148e-02
-2.309699999999999948e-02
-7.397600000000000009e-02
-2.511599999999999944e-02
-4.750100000000000156e-02
6.886200000000000654e-02
-1.357299999999999895e-01
-5.070899999999999713e-02
-7.172299999999999509e-02
-4.812199999999999811e-02
-2.096899999999999875e-01
-7.339199999999999890e-02
-6.748200000000000032e-02
-2.187999999999999841e-03
-7.635400000000000520e-02
-8.347799999999999665e-02
-4.673200000000000270e-02
-8.762000000000000691e-03
-8.540899999999999881e-02
-7.042700000000000349e-02
-3.756099999999999717e-02
3.051699999999999899e-02
7.434000000000000330e-02
5.697999999999999940e-03
2.883000000000000146e-02
-1.034099999999999950e-02
-1.454500000000000064e-02
-2.908300000000000121e-02
-5.612600000000000228e-02
2.516499999999999987e-02
4.460000000000000075e-02
1.790100000000000025e-02
-1.202600000000000058e-01
-5.302000000000000289e-03
-1.108900000000000025e-01
4.561699999999999783e-02
4.184199999999999725e-02
-1.500299999999999967e-01
-5.727600000000000052e-02
-9.640000000000000131e-04
2.869400000000000076e-02
-5.042499999999999760e-02
7.034799999999999387e-02
-4.379299999999999859e-02
1.844799999999999912e-02
-6.137399999999999800e-02
-1.906599999999999961e-02
-6.986299999999999455e-02
-1.257899999999999990e-02
-1.466000000000000072e-03
-2.665700000000000014e-02
-7.604099999999999748e-02
-2.921599999999999892e-02
-5.781000000000000028e-02
2.178700000000000081e-02
1.302900000000000065e-02
2.292999999999999899e-02
-3.513899999999999663e-02
-1.940599999999999964e-02
3.581700000000000161e-02
-8.469999999999999881e-04
7.716999999999999901e-03
2.228700000000000125e-02
8.714600000000000124e-02
6.186200000000000032e-02
-5.191799999999999887e-02
6.475899999999999712e-02
6.636699999999999544e-02
5.906299999999999745e-02
-1.691900000000000001e-02
-1.890999999999999973e-02
4.870100000000000123e-02
2.045599999999999849e-02
-1.344200000000000061e+00
-9.770900000000000141e-01
-1.337099999999999955e+00
-1.145899999999999919e+00
-1.383699999999999930e+00
-9.380399999999999849e-01
-9.996500000000000385e-01
-1.293299999999999894e+00
-1.595199999999999951e+00
-1.052300000000000013e+00
-8.716000000000000414e-01
-5.508499999999999508e-01
-1.296200000000000019e+00
-1.158600000000000074e+00
-1.080899999999999972e+00
-1.086300000000000043e+00
-1.689200000000000035e+00
-7.626300000000000301e-01
-9.501300000000000301e-01
-2.312700000000000033e-01
-2.131699999999999984e-01
-9.313999999999999363e-03
-2.029799999999999938e-01
-4.054400000000000226e-01
-2.821400000000000019e-01
-2.316400000000000126e-01
-3.702900000000000080e-01
-2.456399999999999972e-01
-2.233400000000000107e-01
-1.147799999999999931e-01
-1.011699999999999960e-01
-4.775300000000000100e-01
-2.238499999999999934e-01
-3.803799999999999959e-01
-2.045200000000000073e-01
-2.323500000000000010e-01
-2.184000000000000108e-01
-2.930800000000000072e-01
1.121199999999999974e-02
-1.905999999999999925e-03
6.789499999999999702e-02
-5.841099999999999764e-02
8.016000000000000555e-03
5.276800000000000240e-02
-1.668399999999999883e-01
3.628999999999999847e-03
-5.803099999999999925e-02
-2.017000000000000130e-03
3.763500000000000179e-02
-1.023800000000000057e-02
-1.464999999999999939e-03
-7.886999999999999914e-03
-7.596000000000000321e-03
-4.338399999999999895e-02
-7.303999999999999729e-03
-1.463199999999999917e-02
-5.938700000000000229e-02
-1.503700000000000037e-01
-8.959799999999999986e-01
-4.833100000000000174e-01
-1.644899999999999973e-01
-1.122300000000000075e+00
-3.060899999999999732e-01
-5.587199999999999944e-01
-1.371099999999999985e+00
-1.083199999999999996e-01
-9.554899999999999505e-01
-6.798399999999999999e-01
-5.455200000000000049e-01
-1.187699999999999978e+00
-3.520000000000000212e-02
-1.542999999999999927e+00
-1.976999999999999869e-01
-1.103399999999999936e+00
-2.706200000000000272e-01
-1.292200000000000015e-01
-3.089299999999999824e-01
-4.561899999999999844e-01
-1.114999999999999991e+00
-1.841800000000000104e-01
-2.633900000000000130e-01
-2.162399999999999878e-01
-3.523399999999999865e-01
-5.497100000000000319e-01
-9.201399999999999579e-01
-7.119400000000000173e-01
-7.971500000000000252e-01
-1.146099999999999897e+00
-5.238800000000000123e-01
-4.472800000000000109e-01
-5.271799999999999820e-01
-5.011200000000000099e-01
-4.361900000000000222e-01
4.969699999999999812e-02
-7.519499999999999795e-02
7.359000000000000090e-03
-6.320299999999999530e-02
4.792699999999999738e-02
8.220000000000000310e-04
2.238599999999999965e-02
-8.303699999999999970e-02
6.729799999999999671e-02
-1.393899999999999861e-01
-2.041899999999999965e-02
1.436499999999999930e-02
-6.104300000000000004e-02
-2.760800000000000060e-02
-2.252399999999999958e-01
3.667399999999999827e-02
7.172999999999999689e-03
3.015299999999999925e-02
-1.835600000000000009e-01
2.769299999999999887e-02
1.215999999999999998e-01
1.778499999999999873e-02
4.027499999999999830e-02
-5.895000000000000240e-02
3.188400000000000262e-02
-2.367899999999999866e-02
5.816600000000000242e-02
5.346399999999999764e-02
1.028899999999999954e-01
9.887999999999999221e-03
5.741600000000000176e-02
8.912100000000000577e-02
-6.112200000000000272e-02
-3.032400000000000095e-01
1.574599999999999958e-02
2.132600000000000121e-02
6.078399999999999775e-02
8.651000000000000703e-03
-6.472999999999999587e-03
-2.692800000000000055e-02
-2.623099999999999876e-01
-1.169300000000000027e-02
-1.505700000000000038e+00
-1.290499999999999980e+00
-7.241800000000000459e-01
-4.505599999999999883e-02
-6.099600000000000161e-02
-2.413399999999999990e-01
-1.086100000000000065e+00
-1.439799999999999969e-01
-6.483999999999999764e-01
-1.306100000000000039e+00
-1.148099999999999898e+00
-5.165199999999999791e-01
-1.407399999999999984e+00
-2.561700000000000088e-01
-9.704700000000000548e-01
-1.632599999999999885e-01
-5.371700000000000363e-01
-1.852300000000000058e-01
-1.769000000000000086e-02
-3.233800000000000008e-01
-3.472600000000000131e-01
-7.010600000000000165e-02
6.052000000000000088e-03
-4.802999999999999978e-03
-2.486500000000000168e-02
2.173100000000000032e-02
-6.459000000000000331e-03
-2.639700000000000032e-02
-7.048100000000000198e-02
-3.003500000000000059e-01
-1.042000000000000010e-01
5.753000000000000301e-03
7.874000000000000790e-03
-4.345500000000000057e-02
1.256400000000000051e-02
-6.102199999999999985e-02
6.239700000000000107e-02
2.541399999999999909e-02
-1.313999999999999890e-01
-3.465200000000000224e-02
3.417599999999999805e-02
2.281400000000000095e-02
-1.271400000000000030e-01
-2.207999999999999893e-02
6.397200000000000109e-02
-4.524299999999999849e-02
-4.696299999999999780e-02
4.462999999999999953e-03
-1.956400000000000083e-01
4.207299999999999929e-02
-6.324299999999999367e-02
-5.023999999999999820e-03
-8.164899999999999936e-02
-7.329399999999999804e-02
-1.373699999999999921e-01
5.944599999999999884e-02
-6.204999999999999578e-03
-6.138099999999999806e-02
2.719799999999999995e-02
-1.651299999999999990e-01
-9.216499999999999693e-02
-6.393300000000000372e-02
-3.279100000000000070e-02
-3.765700000000000297e-02
-1.276799999999999879e-01
-1.433500000000000052e-02
1.046099999999999947e-01
-7.421400000000000219e-02
5.279999999999999971e-02
-7.184799999999999520e-02
4.505499999999999783e-02
-2.100799999999999890e-01
-8.792500000000000315e-02
-6.868900000000000006e-02
3.068800000000000000e-02
-6.624499999999999833e-02
-1.152399999999999952e-02
-3.818599999999999772e-02
-4.632999999999999965e-03
-1.515599999999999933e-02
4.141899999999999749e-02
2.911700000000000052e-02
-4.182700000000000307e-02
-1.837899999999999950e-02
-6.755500000000000393e-02
2.774300000000000030e-02
-1.963000000000000161e-02
1.027299999999999915e-02
-4.278900000000000065e-02
-1.049300000000000059e-02
9.324799999999999756e-02
3.476499999999999729e-02
-2.973400000000000001e-02
3.479000000000000148e-02
-1.142699999999999966e-02
-6.929599999999999649e-02
-1.052799999999999986e-01
3.187000000000000163e-03
1.489399999999999891e-01
9.527700000000000058e-02
-3.602899999999999853e-02
2.664800000000000155e-02
2.112999999999999861e-03
5.678500000000000214e-02
-5.263999999999999929e-02
4.878099999999999797e-02
-2.696700000000000139e-02
1.547199999999999964e-02
1.221099999999999963e-02
8.107200000000000517e-02
-3.429999999999999889e-04
6.445800000000000141e-02
-1.498000000000000026e-02
4.392700000000000077e-02
-8.707800000000000262e-02
1.730399999999999994e-02
1.940700000000000064e-02
-7.522900000000000420e-02
1.101499999999999979e-01
6.040100000000000330e-02
5.909899999999999876e-02
1.871199999999999947e-02
4.657700000000000035e-02
3.239000000000000212e-02
2.566900000000000084e-02
5.176200000000000245e-02
5.344999999999999925e-03
1.625099999999999878e-01
3.576700000000000018e-02
1.010100000000000026e-01
-7.201000000000000456e-02
2.675900000000000153e-02
-4.230799999999999839e-02
-4.832600000000000229e-01
-3.183599999999999763e-01
-2.469100000000000114e-02
-6.189400000000000457e-01
-1.622000000000000108e-01
-4.736300000000000232e-02
-3.144799999999999818e-01
-3.442000000000000060e-01
-2.489599999999999869e-01
-7.264999999999999757e-03
-6.392200000000000659e-02
1.734899999999999984e-02
5.263700000000000323e-02
-4.318000000000000171e-01
1.017500000000000002e-02
-5.946000000000000174e-01
-2.290000000000000091e-01
5.896200000000000052e-02
7.242200000000000026e-02
-4.227199999999999708e-02
-1.441699999999999926e-01
1.302300000000000124e-01
1.245399999999999979e-01
-1.416399999999999951e-02
7.989499999999999380e-02
1.065299999999999997e-01
3.321000000000000341e-02
8.239599999999999702e-02
1.463199999999999917e-02
-1.069699999999999991e-02
-4.076199999999999962e-02
6.994100000000000317e-02
1.145100000000000007e-01
5.681400000000000339e-02
5.331400000000000028e-02
3.348399999999999987e-02
-6.416299999999999781e-02
6.037700000000000011e-02
-1.375599999999999934e+00
-1.413499999999999979e+00
-1.705899999999999916e-01
1.506000000000000116e-01
-3.402899999999999814e-01
-5.839900000000000091e-01
-4.662499999999999978e-02
1.543100000000000027e-02
-4.604699999999999904e-01
-2.738599999999999923e-01
-7.792000000000000037e-01
-3.032099999999999795e-01
-1.440199999999999925e+00
-1.641700000000000104e-01
-6.468000000000000416e-01
-1.742700000000000152e-02
-7.196200000000000374e-01
1.046500000000000069e-01
1.240200000000000052e-01
-1.152399999999999952e-01
-8.065500000000000447e-02
6.446499999999999453e-02
5.661599999999999966e-02
7.677200000000000690e-02
2.399100000000000121e-01
1.481099999999999951e-02
1.272000000000000075e-01
1.060299999999999992e-01
1.135899999999999965e-01
-7.738300000000000178e-01
1.104699999999999988e-01
2.012899999999999967e-01
1.050999999999999990e-01
3.585300000000000292e-02
5.078300000000000175e-02
8.200899999999999856e-02
2.444699999999999998e-02
-3.804500000000000104e-01
-3.286700000000000177e-01
9.438000000000000209e-03
-3.544800000000000034e-02
-9.114700000000000579e-02
-1.109099999999999947e-01
-1.893600000000000144e-02
-4.197800000000000142e-02
6.232999999999999825e-03
-2.122800000000000034e-02
-2.970099999999999962e-01
-1.674900000000000000e-01
4.000200000000000283e-02
-1.094900000000000040e-02
5.512100000000000333e-02
-3.920799999999999841e-01
-4.915499999999999731e-02
-1.118799999999999933e-01
-2.726999999999999910e-02
4.059000000000000108e-02
4.810099999999999792e-02
4.085199999999999942e-02
-5.250599999999999712e-02
1.398800000000000043e-01
1.555799999999999961e-01
9.146300000000000263e-02
-7.095100000000000018e-02
1.108100000000000057e-01
5.759000000000000230e-02
1.466600000000000126e-01
-6.917699999999999960e-01
2.726100000000000051e-02
3.645899999999999835e-02
2.162299999999999986e-02
1.794000000000000039e-01
-2.972599999999999895e-02
1.058899999999999980e-01
-7.130000000000000053e-03
-4.887500000000000178e-02
4.055899999999999783e-02
-4.813599999999999823e-02
-1.318000000000000005e-01
6.937699999999999423e-02
-1.555700000000000138e-01
6.701300000000000312e-02
-4.539100000000000079e-02
-9.840100000000000235e-02
5.599999999999999943e-03
1.403399999999999925e-01
1.048400000000000026e-01
-1.543299999999999950e-01
-3.455999999999999871e-03
-1.118299999999999988e-01
-2.827800000000000105e-02
2.684699999999999934e-02
-1.651199999999999890e-01
-5.337599999999999983e-02
-1.012300000000000005e-02
2.507099999999999954e-02
-1.404599999999999946e-02
-1.635400000000000048e-02
-1.300800000000000047e-02
-1.130000000000000032e-01
-2.066000000000000128e-02
-4.354100000000000331e-02
-3.841999999999999929e-03
9.799999999999999684e-03
3.661500000000000171e-02
-5.641000000000000458e-01
3.427100000000000285e-02
4.050999999999999913e-03
2.765000000000000097e-03
-2.088599999999999832e-02
-7.000599999999999878e-02
4.125800000000000300e-02
