1, 2, 1.83994
1, 3, 11.28892
1, 4, -0.65993
1, 5, -0.10288
1, 6, -0.86125
1, 7, -0.88542
1, 8, -0.20644
1, 9, -0.72310
1, 10, -1.18815
1, 11, 1.51916
1, 12, -0.12869
1, 13, 6.90276
1, 14, -0.74453
1, 15, 0.21410
1, 16, 1.12573
1, 17, 2.04847
1, 18, 0.08362
1, 19, 0.05609
1, 20, -0.57870
1, 21, 0.34550
1, 22, -1.11662
1, 23, -1.71205
1, 24, -0.66575
1, 25, -0.96991
1, 26, -0.72316
1, 27, -1.17224
1, 28, 1.97163
1, 29, -0.26097
1, 30, -0.68387
1, 31, -1.08071
1, 32, 3.44610
1, 33, -0.16072
1, 34, -1.02908
1, 35, -0.55700
1, 36, -1.59702
1, 37, -0.26972
1, 38, -0.29934
1, 39, -1.19220
1, 40, -0.67147
1, 41, -0.38292
1, 42, -1.25752
1, 43, -0.85486
1, 44, -1.60483
1, 45, -0.55855
1, 46, -0.97483
1, 47, 0.65205
1, 48, 0.09192
1, 49, 0.66939
1, 50, -0.30111
1, 51, -0.85861
1, 52, -1.72185
1, 53, -1.25724
1, 54, -0.42185
1, 55, 1.84840
1, 56, -0.47367
1, 57, -0.07662
1, 58, -2.27670
1, 59, -0.92350
1, 60, -0.18588
1, 61, 0.66158
1, 62, 4.20050
1, 63, 1.18091
1, 64, -1.73441
1, 65, 1.41015
1, 66, 0.90689
1, 67, -1.40341
1, 68, -1.33573
1, 69, -1.62523
1, 70, -0.66797
1, 71, -1.11160
2, 3, 0.53170
2, 4, 1.52156
2, 5, 0.44826
2, 6, -0.25850
2, 7, -0.12758
2, 8, -0.61075
2, 9, -0.29133
2, 10, 0.42334
2, 11, -0.82209
2, 12, 0.72361
2, 13, -0.22623
2, 14, 0.32036
2, 15, -0.37542
2, 16, 4.53209
2, 17, -0.49924
2, 18, -0.12127
2, 19, 0.05662
2, 20, -0.49417
2, 21, -0.16235
2, 22, -0.52580
2, 23, -0.02045
2, 24, -0.36009
2, 25, 0.95877
2, 26, -0.04302
2, 27, -0.39216
2, 28, -0.67457
2, 29, 0.14497
2, 30, -0.54343
2, 31, -0.75985
2, 32, 0.86178
2, 33, -0.46349
2, 34, -0.68635
2, 35, -0.41789
2, 36, -0.07666
2, 37, -0.48822
2, 38, -0.12620
2, 39, -0.28084
2, 40, -1.25133
2, 41, -0.99807
2, 42, 1.53136
2, 43, -0.88525
2, 44, 1.31668
2, 45, -0.50745
2, 46, -0.73644
2, 47, 0.04983
2, 48, -0.89822
2, 49, 0.12486
2, 50, -0.22919
2, 51, 1.40620
2, 52, -1.12277
2, 53, -0.41333
2, 54, 0.30678
2, 55, 0.41693
2, 56, -0.04790
2, 57, 0.22165
2, 58, -0.16227
2, 59, 0.83819
2, 60, -0.38514
2, 61, 0.02579
2, 62, -0.71094
2, 63, 0.17763
2, 64, 1.48774
2, 65, -0.12507
2, 66, -0.21223
2, 67, -0.21577
2, 68, -1.11525
2, 69, 0.54571
2, 70, -0.74893
2, 71, -0.94884
3, 4, 0.48184
3, 5, 1.56089
3, 6, -0.31649
3, 7, -0.64224
3, 8, -1.23214
3, 9, 3.31716
3, 10, -1.24116
3, 11, 6.29872
3, 12, -0.93097
3, 13, 3.37380
3, 14, -1.28446
3, 15, -0.50661
3, 16, -1.19030
3, 17, 0.09739
3, 18, -0.83573
3, 19, -1.17638
3, 20, -0.20542
3, 21, -1.06816
3, 22, -0.59656
3, 23, -1.56006
3, 24, -1.06741
3, 25, -1.04368
3, 26, -0.48579
3, 27, -1.12632
3, 28, 0.95346
3, 29, 1.12808
3, 30, -0.74487
3, 31, -0.39485
3, 32, -1.77648
3, 33, -1.21360
3, 34, 1.39959
3, 35, -0.77530
3, 36, -0.92744
3, 37, -1.52719
3, 38, -0.50106
3, 39, -0.75761
3, 40, -2.45500
3, 41, -1.78276
3, 42, -2.01815
3, 43, -2.24925
3, 44, -0.47221
3, 45, 0.74997
3, 46, -0.94143
3, 47, -1.03160
3, 48, -1.00378
3, 49, 0.85163
3, 50, -1.80177
3, 51, -0.44086
3, 52, -1.22536
3, 53, -0.20616
3, 54, -1.28170
3, 55, -2.04688
3, 56, -0.59091
3, 57, -1.29429
3, 58, -1.97452
3, 59, -0.34278
3, 60, -0.16289
3, 61, 1.86758
3, 62, 3.30880
3, 63, 3.64614
3, 64, 3.53365
3, 65, 7.81961
3, 66, -0.25516
3, 67, -1.85149
3, 68, -2.06801
3, 69, 0.81231
3, 70, -0.06053
3, 71, 0.26460
4, 5, 1.82602
4, 6, 0.83156
4, 7, 1.08944
4, 8, -1.18786
4, 9, 1.46539
4, 10, 0.53457
4, 11, 0.66133
4, 12, 0.10244
4, 13, -0.39025
4, 14, 0.66422
4, 15, 0.56524
4, 16, -0.01207
4, 17, -0.60321
4, 18, -0.17208
4, 19, 0.57696
4, 20, -1.30109
4, 21, 1.11920
4, 22, 1.64065
4, 23, -1.32080
4, 24, -1.05148
4, 25, -0.45592
4, 26, 0.33963
4, 27, -1.03188
4, 28, -0.86413
4, 29, 2.46400
4, 30, 0.53901
4, 31, 1.19053
4, 32, 0.12804
4, 33, -0.13601
4, 34, -0.97485
4, 35, 0.00323
4, 36, 0.03330
4, 37, -1.34890
4, 38, -1.18385
4, 39, -1.79731
4, 40, -1.68302
4, 41, -1.24089
4, 42, 0.71825
4, 43, -1.10073
4, 44, 0.75388
4, 45, -0.98853
4, 46, 1.33680
4, 47, -0.91462
4, 48, -0.94282
4, 49, 0.03270
4, 50, 0.17559
4, 51, -1.09396
4, 52, -1.28719
4, 53, -1.16552
4, 54, -0.18131
4, 55, 3.28556
4, 56, -1.09080
4, 57, -0.58111
4, 58, -1.29953
4, 59, 0.42790
4, 60, 0.47840
4, 61, -0.62275
4, 62, -1.47455
4, 63, -0.72299
4, 64, -1.01635
4, 65, -0.39155
4, 66, 3.51222
4, 67, -1.53294
4, 68, 3.27118
4, 69, 0.54260
4, 70, -0.16248
4, 71, 1.26516
5, 6, 1.75388
5, 7, 4.09972
5, 8, 1.50099
5, 9, -0.72540
5, 10, 1.86217
5, 11, 4.04243
5, 12, -0.55580
5, 13, -1.09069
5, 14, -1.17825
5, 15, -0.85192
5, 16, -0.98045
5, 17, -0.72415
5, 18, 1.07069
5, 19, -0.70769
5, 20, -1.22131
5, 21, -0.97057
5, 22, -0.43054
5, 23, 0.35512
5, 24, -1.30434
5, 25, -1.43811
5, 26, -0.31057
5, 27, -0.19924
5, 28, -0.79874
5, 29, 0.01246
5, 30, -1.12150
5, 31, -0.84870
5, 32, -0.47990
5, 33, -1.33561
5, 34, -0.84070
5, 35, -0.79746
5, 36, -1.41041
5, 37, -0.91090
5, 38, -1.16895
5, 39, 1.54685
5, 40, -1.95571
5, 41, 0.45447
5, 42, 0.93150
5, 43, 1.43501
5, 44, -1.46742
5, 45, -1.29742
5, 46, 4.20539
5, 47, 0.78918
5, 48, 0.02321
5, 49, 2.19095
5, 50, -0.81092
5, 51, 1.53262
5, 52, -0.09658
5, 53, -0.84113
5, 54, -1.02200
5, 55, 1.40409
5, 56, -0.84575
5, 57, -0.57379
5, 58, -1.90184
5, 59, -0.10561
5, 60, -1.17309
5, 61, -0.90973
5, 62, -1.14728
5, 63, -0.18064
5, 64, -0.91938
5, 65, 1.43977
5, 66, -0.66940
5, 67, 4.41358
5, 68, 0.08136
5, 69, 0.51771
5, 70, -0.93487
5, 71, -0.23610
6, 7, 6.17452
6, 8, 5.54025
6, 9, -0.44391
6, 10, 5.03364
6, 11, 0.75955
6, 12, 2.40031
6, 13, 0.38586
6, 14, -0.63702
6, 15, -0.73112
6, 16, -0.70595
6, 17, 0.03690
6, 18, -0.57741
6, 19, -0.96143
6, 20, -1.09277
6, 21, 0.48362
6, 22, 0.46168
6, 23, -0.90664
6, 24, 0.16907
6, 25, -0.09347
6, 26, -0.71732
6, 27, -0.59004
6, 28, -0.19292
6, 29, -0.92711
6, 30, -1.53032
6, 31, -0.82466
6, 32, -1.16733
6, 33, 0.28010
6, 34, -0.17672
6, 35, -0.45979
6, 36, -0.72703
6, 37, -0.65745
6, 38, 0.78930
6, 39, 1.30309
6, 40, -2.49193
6, 41, -1.18161
6, 42, 0.14056
6, 43, 2.32844
6, 44, -0.33078
6, 45, 0.06543
6, 46, 1.79888
6, 47, -0.98896
6, 48, -1.10230
6, 49, -0.48516
6, 50, -0.66899
6, 51, -1.09842
6, 52, -1.26331
6, 53, -0.36342
6, 54, -0.94896
6, 55, -1.29291
6, 56, 0.18032
6, 57, -0.84236
6, 58, -1.39010
6, 59, -0.36392
6, 60, -1.71923
6, 61, -1.33598
6, 62, -1.06654
6, 63, -0.95850
6, 64, 0.56529
6, 65, 1.79003
6, 66, 0.83962
6, 67, 0.16215
6, 68, -0.89375
6, 69, 1.78647
6, 70, 0.18591
6, 71, 0.33208
7, 8, 2.53572
7, 9, 5.42018
7, 10, -0.81381
7, 11, -0.67977
7, 12, -0.69445
7, 13, -0.72986
7, 14, 0.17402
7, 15, -0.83902
7, 16, -1.02646
7, 17, -1.03006
7, 18, -0.46508
7, 19, -0.64294
7, 20, -1.20480
7, 21, -1.10713
7, 22, -1.53196
7, 23, -0.89091
7, 24, -0.90444
7, 25, -1.50173
7, 26, -0.25787
7, 27, -1.32440
7, 28, -1.18418
7, 29, 1.22061
7, 30, -0.82983
7, 31, -1.37639
7, 32, -0.22498
7, 33, -1.61379
7, 34, 2.38805
7, 35, -0.08622
7, 36, 0.84917
7, 37, -0.37949
7, 38, -1.21359
7, 39, 0.06384
7, 40, -0.72332
7, 41, 3.75878
7, 42, -0.73729
7, 43, 1.00506
7, 44, 0.48623
7, 45, -1.00966
7, 46, -1.50755
7, 47, -1.21714
7, 48, -0.07879
7, 49, 1.03131
7, 50, -1.03247
7, 51, 0.89213
7, 52, -0.69323
7, 53, -1.07409
7, 54, -1.37076
7, 55, -1.44237
7, 56, -0.62639
7, 57, -0.23978
7, 58, 0.23435
7, 59, 0.52798
7, 60, -1.75602
7, 61, -0.94304
7, 62, -0.93462
7, 63, 1.28476
7, 64, 2.17603
7, 65, 0.96841
7, 66, -0.59083
7, 67, -0.01338
7, 68, -0.24758
7, 69, 1.93447
7, 70, 2.89685
7, 71, -0.63404
8, 9, 6.27121
8, 10, -0.11646
8, 11, -1.08051
8, 12, 5.34645
8, 13, -0.41084
8, 14, -0.13251
8, 15, -0.31406
8, 16, 1.26020
8, 17, 0.40890
8, 18, -1.22376
8, 19, -0.73346
8, 20, 0.12640
8, 21, 1.11294
8, 22, -1.51385
8, 23, -0.26851
8, 24, -0.85077
8, 25, -1.17182
8, 26, -2.05330
8, 27, 0.14063
8, 28, 0.59558
8, 29, -1.58550
8, 30, 0.21715
8, 31, 2.01457
8, 32, -1.37462
8, 33, 5.83499
8, 34, 3.28694
8, 35, 1.06709
8, 36, -0.40263
8, 37, 1.88263
8, 38, 0.80049
8, 39, 2.26939
8, 40, -0.98640
8, 41, -1.88926
8, 42, -1.38606
8, 43, -1.81321
8, 44, -1.49108
8, 45, -0.42191
8, 46, -0.52403
8, 47, -1.19304
8, 48, -0.85394
8, 49, -1.33834
8, 50, -0.83598
8, 51, 0.44064
8, 52, -1.53648
8, 53, -1.05381
8, 54, -1.34617
8, 55, -1.70130
8, 56, -0.48946
8, 57, -0.59346
8, 58, -1.27855
8, 59, 0.88827
8, 60, -1.93804
8, 61, -0.98525
8, 62, 0.02264
8, 63, 1.27150
8, 64, -0.91939
8, 65, -1.55406
8, 66, -0.63593
8, 67, 0.12694
8, 68, -0.44957
8, 69, 0.20291
8, 70, 0.06674
8, 71, -1.34644
9, 10, 0.75531
9, 11, -1.03887
9, 12, -0.63033
9, 13, -0.65074
9, 14, -1.06571
9, 15, -0.16608
9, 16, 0.18035
9, 17, -1.09354
9, 18, 2.76962
9, 19, -1.02548
9, 20, -1.08657
9, 21, -0.09715
9, 22, -0.01777
9, 23, -1.01381
9, 24, -1.10701
9, 25, 1.93802
9, 26, -1.45488
9, 27, 1.30586
9, 28, -1.05279
9, 29, -0.49685
9, 30, -1.15446
9, 31, -0.12635
9, 32, 1.89239
9, 33, -1.19212
9, 34, -0.90395
9, 35, 1.31762
9, 36, 0.27431
9, 37, -0.83569
9, 38, -0.21939
9, 39, 0.55129
9, 40, -1.65302
9, 41, -0.10091
9, 42, -0.88398
9, 43, -0.95102
9, 44, -1.13666
9, 45, 0.55447
9, 46, -1.27763
9, 47, -0.32826
9, 48, 2.75520
9, 49, -0.44330
9, 50, -0.28103
9, 51, -1.78582
9, 52, 0.60292
9, 53, -1.07619
9, 54, -1.16045
9, 55, -0.38635
9, 56, -1.16431
9, 57, 0.68972
9, 58, -1.19499
9, 59, 0.14814
9, 60, -1.01058
9, 61, -0.81754
9, 62, -0.08497
9, 63, 0.33748
9, 64, 2.09610
9, 65, -0.11937
9, 66, 0.37120
9, 67, -0.66621
9, 68, -0.88027
9, 69, -0.74510
9, 70, 3.51406
9, 71, -1.77419
10, 11, 2.65228
10, 12, 3.28657
10, 13, -0.87260
10, 14, -0.40419
10, 15, -0.79675
10, 16, -0.94603
10, 17, 2.08108
10, 18, 1.26821
10, 19, -0.69472
10, 20, -1.05486
10, 21, -1.37680
10, 22, -1.08673
10, 23, -0.45484
10, 24, -0.33936
10, 25, -0.82720
10, 26, -0.94816
10, 27, -0.47366
10, 28, -1.34109
10, 29, -0.47843
10, 30, 0.88963
10, 31, 0.13181
10, 32, 2.11704
10, 33, 7.52246
10, 34, -0.42941
10, 35, 2.01239
10, 36, -0.25177
10, 37, 1.32266
10, 38, -0.97543
10, 39, 0.24105
10, 40, -1.49126
10, 41, -0.93845
10, 42, -1.26432
10, 43, -1.69002
10, 44, -0.72494
10, 45, 0.33574
10, 46, 0.62193
10, 47, -0.46720
10, 48, 2.86217
10, 49, 0.85636
10, 50, -1.10934
10, 51, -1.56560
10, 52, -1.14330
10, 53, -1.15658
10, 54, -1.23742
10, 55, -0.84733
10, 56, -0.43181
10, 57, 0.37802
10, 58, -1.93904
10, 59, -0.07037
10, 60, -1.49127
10, 61, -1.01289
10, 62, 1.02952
10, 63, -0.82250
10, 64, -0.58787
10, 65, -1.04799
10, 66, -0.74383
10, 67, 0.56134
10, 68, -0.26513
10, 69, -1.02075
10, 70, -0.32033
10, 71, 1.76586
11, 12, 3.25814
11, 13, 4.05659
11, 14, 0.50299
11, 15, -1.06810
11, 16, -0.21955
11, 17, -1.06472
11, 18, -0.51767
11, 19, 1.76149
11, 20, -1.05722
11, 21, -0.17703
11, 22, -0.51322
11, 23, -0.34012
11, 24, 0.36437
11, 25, -0.44200
11, 26, -1.64519
11, 27, 1.66479
11, 28, -0.90426
11, 29, -0.93211
11, 30, -1.03912
11, 31, -1.19904
11, 32, -0.83344
11, 33, -0.85854
11, 34, -1.27930
11, 35, -1.16815
11, 36, -1.23376
11, 37, -0.91298
11, 38, -1.34201
11, 39, 0.69194
11, 40, -0.42022
11, 41, -1.23444
11, 42, -0.23607
11, 43, -1.26105
11, 44, -1.36416
11, 45, 0.78282
11, 46, -0.02615
11, 47, 0.31119
11, 48, -1.64067
11, 49, -0.90590
11, 50, -0.86893
11, 51, 0.28606
11, 52, -1.05110
11, 53, -1.28817
11, 54, -0.73490
11, 55, -0.75015
11, 56, 2.13806
11, 57, -0.71446
11, 58, -1.38753
11, 59, -0.50217
11, 60, -1.11128
11, 61, -0.76200
11, 62, -0.90828
11, 63, 1.19821
11, 64, 2.50658
11, 65, 1.29837
11, 66, 2.12485
11, 67, -1.02117
11, 68, -1.54042
11, 69, 1.27488
11, 70, 0.01494
11, 71, 1.96573
12, 13, 0.38799
12, 14, 5.38997
12, 15, 1.42906
12, 16, -0.11345
12, 17, -0.87668
12, 18, -0.86187
12, 19, 0.21228
12, 20, 2.22292
12, 21, -0.77730
12, 22, -0.88942
12, 23, -0.45880
12, 24, 0.32397
12, 25, -0.58829
12, 26, -1.04362
12, 27, -0.38295
12, 28, -0.61493
12, 29, -0.00434
12, 30, 0.99421
12, 31, -0.97183
12, 32, 1.48246
12, 33, 0.76781
12, 34, -0.83822
12, 35, -0.39760
12, 36, 0.34718
12, 37, 1.07609
12, 38, -0.48623
12, 39, -1.87327
12, 40, -1.61359
12, 41, -1.64107
12, 42, -0.07114
12, 43, -0.98211
12, 44, -0.02811
12, 45, -0.83365
12, 46, 0.95484
12, 47, -1.24984
12, 48, 1.32660
12, 49, -0.91002
12, 50, -1.36202
12, 51, -1.76568
12, 52, -0.63892
12, 53, 0.15018
12, 54, -1.20489
12, 55, -1.40025
12, 56, -0.85123
12, 57, -0.97613
12, 58, -1.26097
12, 59, -0.80058
12, 60, 1.77208
12, 61, -0.56121
12, 62, 0.29066
12, 63, -0.38827
12, 64, -1.16124
12, 65, -0.49811
12, 66, 0.89854
12, 67, -0.56727
12, 68, -1.18015
12, 69, -0.45774
12, 70, -0.61666
12, 71, 2.01002
13, 14, 1.57750
13, 15, 1.69676
13, 16, 2.15368
13, 17, 0.05611
13, 18, 0.15640
13, 19, 3.20943
13, 20, -0.21823
13, 21, -0.34886
13, 22, -0.34800
13, 23, -0.83981
13, 24, -1.07103
13, 25, -1.06943
13, 26, -1.62124
13, 27, -0.67689
13, 28, 0.58907
13, 29, -1.14792
13, 30, -1.14075
13, 31, 0.05813
13, 32, -0.33186
13, 33, -1.01696
13, 34, 0.73731
13, 35, -1.11694
13, 36, 0.00862
13, 37, -1.25505
13, 38, 0.84058
13, 39, -1.20406
13, 40, -1.53622
13, 41, -0.78796
13, 42, -1.29278
13, 43, -0.69799
13, 44, -0.27204
13, 45, -0.56108
13, 46, -0.91686
13, 47, -0.87647
13, 48, 0.50466
13, 49, -0.46931
13, 50, -0.58325
13, 51, -1.13111
13, 52, 0.76400
13, 53, 0.77339
13, 54, -0.94576
13, 55, -0.88656
13, 56, -0.03528
13, 57, -0.52275
13, 58, 0.82211
13, 59, 0.12979
13, 60, -1.13012
13, 61, -0.44599
13, 62, 2.27879
13, 63, 1.91425
13, 64, -0.97155
13, 65, 2.40932
13, 66, -0.64577
13, 67, -1.16662
13, 68, -1.50439
13, 69, -1.12787
13, 70, -0.82494
13, 71, 1.06772
14, 15, 1.18695
14, 16, 5.78102
14, 17, -0.02124
14, 18, -0.37019
14, 19, 0.05676
14, 20, -0.25967
14, 21, 0.13600
14, 22, 0.56023
14, 23, -1.17563
14, 24, 0.98923
14, 25, 5.96571
14, 26, -0.63433
14, 27, 0.93457
14, 28, -0.46118
14, 29, -0.05298
14, 30, -1.28857
14, 31, 0.38441
14, 32, 0.20717
14, 33, 0.85425
14, 34, -0.49994
14, 35, -0.81963
14, 36, -0.19269
14, 37, 0.53481
14, 38, -0.89418
14, 39, -0.78222
14, 40, 0.63956
14, 41, -1.17696
14, 42, -0.28645
14, 43, -0.91498
14, 44, -1.43114
14, 45, -0.88243
14, 46, -0.31018
14, 47, -0.67822
14, 48, -1.09392
14, 49, 0.14693
14, 50, -1.26831
14, 51, -0.27811
14, 52, -0.81001
14, 53, -1.63651
14, 54, -1.19906
14, 55, 0.05062
14, 56, 0.94941
14, 57, 0.98253
14, 58, -1.23778
14, 59, 0.54954
14, 60, -1.21047
14, 61, -1.31129
14, 62, -0.04625
14, 63, -0.92906
14, 64, -0.29174
14, 65, -0.45971
14, 66, -0.12965
14, 67, -0.52711
14, 68, 1.48288
14, 69, -0.95080
14, 70, -1.12593
14, 71, 1.77544
15, 16, 3.57596
15, 17, 8.59678
15, 18, 1.23289
15, 19, -0.23898
15, 20, -0.63283
15, 21, 0.69974
15, 22, -0.94687
15, 23, -0.27759
15, 24, 1.67951
15, 25, 0.94322
15, 26, -0.04102
15, 27, 1.52877
15, 28, 2.82032
15, 29, -1.17523
15, 30, -0.64395
15, 31, 0.79704
15, 32, -0.99950
15, 33, -1.00238
15, 34, -0.70444
15, 35, -0.80782
15, 36, -1.05561
15, 37, 1.44936
15, 38, 0.51455
15, 39, -0.82060
15, 40, -1.42322
15, 41, 1.38365
15, 42, -0.91302
15, 43, -0.47451
15, 44, -0.63501
15, 45, -1.05095
15, 46, 0.07961
15, 47, -0.41128
15, 48, 0.67672
15, 49, -1.70630
15, 50, -1.37656
15, 51, -0.11443
15, 52, 0.75793
15, 53, -0.41705
15, 54, -0.96469
15, 55, -0.92610
15, 56, -0.04333
15, 57, 0.50159
15, 58, -1.29015
15, 59, -0.83695
15, 60, -0.59625
15, 61, -0.06321
15, 62, 0.29446
15, 63, -0.29441
15, 64, 0.66757
15, 65, 1.35579
15, 66, -1.18203
15, 67, -1.22958
15, 68, -1.06907
15, 69, -0.74911
15, 70, -0.79898
15, 71, -1.15797
16, 17, 0.35721
16, 18, 0.19839
16, 19, 0.04626
16, 20, 2.54470
16, 21, 1.07073
16, 22, 1.50283
16, 23, -0.86084
16, 24, -0.59666
16, 25, 3.74987
16, 26, 0.45635
16, 27, -1.04898
16, 28, 0.14208
16, 29, -0.52848
16, 30, 0.22062
16, 31, -0.43784
16, 32, 0.13771
16, 33, -1.07528
16, 34, -0.74135
16, 35, -1.17106
16, 36, -0.45184
16, 37, -0.28233
16, 38, -0.83781
16, 39, -0.89643
16, 40, -1.44047
16, 41, -0.80471
16, 42, -1.00440
16, 43, -0.67314
16, 44, -0.82725
16, 45, -1.05420
16, 46, -1.50998
16, 47, -0.82034
16, 48, -0.36640
16, 49, -1.43613
16, 50, -1.00408
16, 51, -0.61300
16, 52, -1.47573
16, 53, -0.06688
16, 54, -0.40518
16, 55, 1.41644
16, 56, -0.05037
16, 57, -0.87856
16, 58, -0.65280
16, 59, 0.01711
16, 60, 2.64074
16, 61, -1.11863
16, 62, 0.20551
16, 63, 0.16386
16, 64, -0.10543
16, 65, -0.57561
16, 66, 0.25363
16, 67, -0.86564
16, 68, -0.84902
16, 69, 0.02956
16, 70, -0.37594
16, 71, -0.96747
17, 18, 4.98328
17, 19, 3.59242
17, 20, 0.53440
17, 21, -1.26165
17, 22, -1.36296
17, 23, 4.22493
17, 24, 4.87810
17, 25, -0.04178
17, 26, -1.59114
17, 27, 0.82087
17, 28, 3.57280
17, 29, -0.75781
17, 30, -1.48096
17, 31, 1.03585
17, 32, 1.68069
17, 33, -2.14999
17, 34, -1.10397
17, 35, -1.14044
17, 36, -0.23836
17, 37, 2.57876
17, 38, -1.01603
17, 39, -2.04535
17, 40, -0.93359
17, 41, -1.60920
17, 42, -1.42967
17, 43, 0.94880
17, 44, -1.20574
17, 45, -1.35572
17, 46, -0.12426
17, 47, -0.76351
17, 48, -1.31753
17, 49, -1.11398
17, 50, -0.71619
17, 51, -0.36939
17, 52, -1.53984
17, 53, -1.30980
17, 54, -0.28521
17, 55, -0.76438
17, 56, 0.47805
17, 57, 1.40416
17, 58, -1.38421
17, 59, -0.50718
17, 60, -1.78074
17, 61, -0.18885
17, 62, 1.23817
17, 63, -0.91796
17, 64, -0.32119
17, 65, 0.44895
17, 66, -1.46311
17, 67, -0.65120
17, 68, -0.84991
17, 69, -0.52558
17, 70, -0.69363
17, 71, -1.66453
18, 19, 0.92644
18, 20, -0.10632
18, 21, -0.12789
18, 22, -0.68797
18, 23, 0.33030
18, 24, 0.14661
18, 25, -0.70926
18, 26, -1.05079
18, 27, -0.23537
18, 28, -0.67398
18, 29, -0.89635
18, 30, 0.03800
18, 31, -1.11028
18, 32, -0.10939
18, 33, -1.06720
18, 34, 0.20372
18, 35, 0.45076
18, 36, 1.52556
18, 37, -0.83452
18, 38, -0.72994
18, 39, 1.37946
18, 40, 1.20552
18, 41, -1.28791
18, 42, -0.03917
18, 43, -1.26926
18, 44, 0.86954
18, 45, 0.68276
18, 46, 0.24539
18, 47, -0.49408
18, 48, 0.08690
18, 49, -1.00061
18, 50, -0.92774
18, 51, 0.60020
18, 52, -0.54132
18, 53, -0.97295
18, 54, 2.61445
18, 55, 0.34279
18, 56, 3.16102
18, 57, -0.45604
18, 58, -1.29652
18, 59, -0.87437
18, 60, -0.28273
18, 61, 1.30844
18, 62, -0.15021
18, 63, -0.20354
18, 64, -0.42439
18, 65, -0.41288
18, 66, -1.24131
18, 67, -0.71721
18, 68, -0.06196
18, 69, -0.39115
18, 70, -0.01625
18, 71, -1.47906
19, 20, 5.01818
19, 21, 1.61981
19, 22, -0.67542
19, 23, -1.12141
19, 24, 2.79314
19, 25, 0.06643
19, 26, -1.08886
19, 27, -0.24250
19, 28, 0.65252
19, 29, -0.26309
19, 30, 0.88265
19, 31, -0.42252
19, 32, -0.78174
19, 33, -0.75508
19, 34, -0.83581
19, 35, 0.67318
19, 36, -1.09243
19, 37, -0.93303
19, 38, 0.67104
19, 39, -0.87688
19, 40, -0.83932
19, 41, -0.85712
19, 42, -0.86115
19, 43, -0.81520
19, 44, -0.69800
19, 45, -0.36252
19, 46, -0.78713
19, 47, 0.53473
19, 48, -1.04514
19, 49, 0.83454
19, 50, -0.81993
19, 51, -0.62817
19, 52, -1.00810
19, 53, -0.49328
19, 54, 2.81783
19, 55, -1.06245
19, 56, 2.47055
19, 57, -0.35858
19, 58, -0.57089
19, 59, -0.28583
19, 60, 2.21182
19, 61, 1.35402
19, 62, -0.59522
19, 63, -0.45465
19, 64, -0.20304
19, 65, -0.68027
19, 66, -0.85474
19, 67, -0.22468
19, 68, -1.35775
19, 69, -0.88508
19, 70, -0.48671
19, 71, -0.91511
20, 21, 3.04403
20, 22, -1.03415
20, 23, 1.62177
20, 24, 1.94950
20, 25, 3.91642
20, 26, -1.58742
20, 27, -0.00206
20, 28, 14.90811
20, 29, -0.24845
20, 30, 3.45400
20, 31, 1.95779
20, 32, -1.27327
20, 33, -1.73786
20, 34, 0.07764
20, 35, -1.32992
20, 36, -0.66268
20, 37, 1.05836
20, 38, -1.17904
20, 39, -1.39936
20, 40, -1.11611
20, 41, -0.32077
20, 42, -0.35660
20, 43, -1.09635
20, 44, 1.58637
20, 45, 0.69861
20, 46, -2.37584
20, 47, -0.04176
20, 48, -1.99642
20, 49, -2.05399
20, 50, -1.06857
20, 51, -0.82260
20, 52, -1.19842
20, 53, 1.75667
20, 54, 0.96695
20, 55, -0.65728
20, 56, -0.91816
20, 57, -0.73629
20, 58, -2.12320
20, 59, -1.35131
20, 60, -0.48071
20, 61, -1.00442
20, 62, 0.77474
20, 63, -1.25542
20, 64, 0.18154
20, 65, -1.24877
20, 66, -1.25044
20, 67, 0.17705
20, 68, -0.96605
20, 69, -1.67334
20, 70, 0.26218
20, 71, -1.52953
21, 22, 1.22913
21, 23, 1.68674
21, 24, 0.59174
21, 25, 0.04361
21, 26, 6.44227
21, 27, -0.72030
21, 28, 2.54194
21, 29, -1.19899
21, 30, -1.22860
21, 31, 0.13562
21, 32, -0.55217
21, 33, -0.75445
21, 34, -1.04375
21, 35, -0.62645
21, 36, -1.28017
21, 37, -1.41231
21, 38, -0.48914
21, 39, -0.10222
21, 40, -1.49792
21, 41, 0.64011
21, 42, -1.09446
21, 43, -0.54207
21, 44, 0.10209
21, 45, -0.05555
21, 46, -1.22728
21, 47, -0.89974
21, 48, -1.66988
21, 49, 0.34942
21, 50, -0.05245
21, 51, -0.72432
21, 52, 3.46067
21, 53, 2.03303
21, 54, 0.55866
21, 55, 1.13812
21, 56, -1.07681
21, 57, -0.46375
21, 58, -0.67604
21, 59, -0.75782
21, 60, 0.22392
21, 61, 0.05136
21, 62, 0.45200
21, 63, -0.46632
21, 64, -0.49540
21, 65, 0.08823
21, 66, -0.58647
21, 67, -1.16696
21, 68, -1.31294
21, 69, 0.97960
21, 70, -0.21673
21, 71, -0.72261
22, 23, -0.55365
22, 24, 2.28574
22, 25, 0.95093
22, 26, 2.21114
22, 27, 0.66309
22, 28, -0.96749
22, 29, 0.44216
22, 30, -0.80501
22, 31, 0.29159
22, 32, -1.27129
22, 33, 1.19797
22, 34, -0.61280
22, 35, -1.09568
22, 36, -0.37041
22, 37, -1.12910
22, 38, -0.87973
22, 39, -0.94817
22, 40, -0.28883
22, 41, -1.36680
22, 42, 3.79872
22, 43, -0.82045
22, 44, -0.65136
22, 45, -1.25439
22, 46, -0.62158
22, 47, 1.60306
22, 48, -1.66114
22, 49, 2.69405
22, 50, -0.96998
22, 51, 2.10473
22, 52, -0.53404
22, 53, 1.21580
22, 54, 3.14549
22, 55, 4.88195
22, 56, -0.38957
22, 57, 1.52832
22, 58, 3.08725
22, 59, -0.03403
22, 60, -0.99567
22, 61, -0.90216
22, 62, -0.40811
22, 63, -1.21450
22, 64, -0.84222
22, 65, -0.07127
22, 66, -0.40234
22, 67, -0.67991
22, 68, -0.82796
22, 69, -0.70600
22, 70, -0.28557
22, 71, -0.02923
23, 24, 5.59512
23, 25, -1.15217
23, 26, 1.70389
23, 27, 2.56333
23, 28, -0.71302
23, 29, 0.30282
23, 30, -0.26583
23, 31, -0.83202
23, 32, 0.85303
23, 33, -1.68069
23, 34, 1.50315
23, 35, -0.50051
23, 36, -0.73891
23, 37, 1.00768
23, 38, 0.13736
23, 39, -1.12295
23, 40, -2.28721
23, 41, -1.43071
23, 42, -1.55334
23, 43, -0.34426
23, 44, -1.13695
23, 45, -1.12678
23, 46, 0.62114
23, 47, -0.11613
23, 48, 0.76377
23, 49, -1.67768
23, 50, -1.32059
23, 51, 6.73062
23, 52, 7.62306
23, 53, 0.57010
23, 54, 0.64756
23, 55, 0.00849
23, 56, 0.81316
23, 57, -0.35106
23, 58, -0.66287
23, 59, -0.42917
23, 60, -1.19343
23, 61, -0.19698
23, 62, -1.05972
23, 63, -1.17762
23, 64, 0.42082
23, 65, -0.74145
23, 66, -0.63633
23, 67, -1.26467
23, 68, -0.55123
23, 69, -0.45839
23, 70, 0.28561
23, 71, 0.07683
24, 25, 3.49851
24, 26, -1.31015
24, 27, 6.05836
24, 28, 0.83522
24, 29, -1.04304
24, 30, 2.30782
24, 31, 1.44758
24, 32, -0.61080
24, 33, -1.55442
24, 34, -0.37538
24, 35, 0.35040
24, 36, -0.53731
24, 37, -0.44522
24, 38, 1.94084
24, 39, -1.39478
24, 40, -1.91175
24, 41, 0.77858
24, 42, -1.58172
24, 43, -1.58571
24, 44, -0.49993
24, 45, -0.43444
24, 46, -1.71920
24, 47, -1.10944
24, 48, -1.61853
24, 49, 0.56011
24, 50, -1.79010
24, 51, -0.85169
24, 52, -0.37587
24, 53, -0.87696
24, 54, 0.88039
24, 55, -1.06193
24, 56, 0.16862
24, 57, -0.82932
24, 58, -1.71927
24, 59, 0.24577
24, 60, -1.54494
24, 61, 0.95885
24, 62, -0.72112
24, 63, -0.48863
24, 64, -0.81223
24, 65, 0.04012
24, 66, -1.18308
24, 67, -1.39927
24, 68, -1.41101
24, 69, -1.27777
24, 70, -0.50496
24, 71, 1.99555
25, 26, 1.86446
25, 27, -0.34118
25, 28, 1.65116
25, 29, 0.33967
25, 30, 0.25334
25, 31, -0.43325
25, 32, 1.45334
25, 33, -0.92921
25, 34, 1.51216
25, 35, -0.48086
25, 36, -1.40441
25, 37, -1.15185
25, 38, -0.32996
25, 39, -1.14419
25, 40, -1.86773
25, 41, -0.45460
25, 42, 1.09326
25, 43, -1.46436
25, 44, -1.29362
25, 45, -1.30312
25, 46, 0.56437
25, 47, -0.07719
25, 48, -0.70136
25, 49, -0.53797
25, 50, -0.48328
25, 51, -0.98111
25, 52, -0.88964
25, 53, 2.19822
25, 54, -0.72514
25, 55, 0.21766
25, 56, -0.61164
25, 57, -0.99899
25, 58, -1.45501
25, 59, -0.48867
25, 60, -1.06436
25, 61, -1.08218
25, 62, 0.71855
25, 63, -1.23054
25, 64, -0.28012
25, 65, -1.16853
25, 66, 7.19313
25, 67, -1.67291
25, 68, -1.14105
25, 69, -0.97703
25, 70, -0.31986
25, 71, -0.54653
26, 27, 2.20053
26, 28, -0.39139
26, 29, 4.27324
26, 30, -0.23276
26, 31, -1.45374
26, 32, -1.97894
26, 33, 1.75775
26, 34, 3.03758
26, 35, -1.63943
26, 36, -2.16125
26, 37, -1.62928
26, 38, -0.52189
26, 39, 0.17096
26, 40, 1.49235
26, 41, -2.24116
26, 42, 2.27401
26, 43, -2.15202
26, 44, 1.32622
26, 45, -0.70580
26, 46, -0.38625
26, 47, -0.83515
26, 48, -1.54405
26, 49, 0.37666
26, 50, 0.36435
26, 51, 23.90407
26, 52, 2.04584
26, 53, -1.82459
26, 54, -1.44186
26, 55, -0.97303
26, 56, -2.03988
26, 57, -1.31934
26, 58, -0.52733
26, 59, 1.45951
26, 60, -1.67176
26, 61, -1.38466
26, 62, -1.72674
26, 63, -1.15577
26, 64, -1.75175
26, 65, -1.56540
26, 66, -1.30157
26, 67, -2.21390
26, 68, 2.79191
26, 69, -1.96590
26, 70, -0.70158
26, 71, -0.05345
27, 28, 3.76429
27, 29, -1.27653
27, 30, 2.42280
27, 31, -0.02955
27, 32, -0.50961
27, 33, -0.46254
27, 34, 0.46531
27, 35, -0.64377
27, 36, 0.18662
27, 37, 2.59424
27, 38, -0.27612
27, 39, -1.47324
27, 40, -1.89123
27, 41, 0.88768
27, 42, 0.31303
27, 43, -1.02361
27, 44, -0.01591
27, 45, -0.59528
27, 46, -1.12219
27, 47, -0.83961
27, 48, -1.38774
27, 49, -0.94747
27, 50, -0.21556
27, 51, -0.08599
27, 52, 2.99580
27, 53, -1.00329
27, 54, -0.96793
27, 55, 3.51290
27, 56, -0.54001
27, 57, -0.03506
27, 58, -0.99014
27, 59, -0.59422
27, 60, -0.45712
27, 61, -0.62987
27, 62, -0.81515
27, 63, -1.01067
27, 64, -1.06191
27, 65, -0.12463
27, 66, 0.65102
27, 67, -0.03507
27, 68, -1.53772
27, 69, -1.26340
27, 70, -1.06753
27, 71, -0.86224
28, 29, 0.21035
28, 30, 0.35134
28, 31, 1.53126
28, 32, 2.62176
28, 33, -0.29854
28, 34, -0.76939
28, 35, 0.27375
28, 36, -1.18580
28, 37, 0.12201
28, 38, -0.33893
28, 39, -1.22560
28, 40, -2.11381
28, 41, -1.92600
28, 42, -1.32941
28, 43, 1.24155
28, 44, -0.93140
28, 45, -0.49453
28, 46, -1.42496
28, 47, -1.43493
28, 48, -1.35631
28, 49, -1.69842
28, 50, -0.66139
28, 51, -1.52288
28, 52, -0.76464
28, 53, -1.47324
28, 54, -0.57262
28, 55, -1.25544
28, 56, -0.59035
28, 57, 1.65948
28, 58, -1.76016
28, 59, -0.80421
28, 60, 1.86453
28, 61, 0.87169
28, 62, -0.78509
28, 63, -1.06907
28, 64, -0.66161
28, 65, -0.80217
28, 66, -0.78209
28, 67, -1.12551
28, 68, -0.08100
28, 69, -1.55605
28, 70, -0.65262
28, 71, -1.30830
29, 30, 2.77007
29, 31, 0.67677
29, 32, 1.23737
29, 33, 0.75691
29, 34, -0.66845
29, 35, 0.72365
29, 36, -0.59651
29, 37, -1.06449
29, 38, 0.23853
29, 39, -0.25176
29, 40, 7.19296
29, 41, -0.56353
29, 42, 8.64552
29, 43, -1.33062
29, 44, -1.23814
29, 45, -1.21234
29, 46, -1.38059
29, 47, -1.13237
29, 48, -1.24084
29, 49, 1.76210
29, 50, 1.65178
29, 51, -1.52311
29, 52, -1.04930
29, 53, -1.15374
29, 54, -0.87994
29, 55, -0.94192
29, 56, -1.24322
29, 57, 0.77023
29, 58, -0.62737
29, 59, -0.25196
29, 60, 1.23133
29, 61, -1.40496
29, 62, -0.82826
29, 63, -1.04123
29, 64, -0.08168
29, 65, -1.15958
29, 66, -0.27970
29, 67, -1.65344
29, 68, 2.74895
29, 69, -1.26567
29, 70, -1.13637
29, 71, -0.72408
30, 31, 4.75490
30, 32, -0.26883
30, 33, 3.68247
30, 34, 1.84295
30, 35, 1.72788
30, 36, -0.78337
30, 37, 0.77929
30, 38, 0.82766
30, 39, 1.07068
30, 40, 1.47716
30, 41, -1.20957
30, 42, 0.25115
30, 43, -1.40319
30, 44, -1.72650
30, 45, 1.88925
30, 46, 0.05828
30, 47, -1.27227
30, 48, -1.26872
30, 49, -0.11431
30, 50, -1.47576
30, 51, -0.63788
30, 52, 1.07991
30, 53, 0.12326
30, 54, -0.85668
30, 55, 0.07526
30, 56, -1.13972
30, 57, -0.96412
30, 58, -1.80333
30, 59, 0.96955
30, 60, -1.39356
30, 61, -0.95948
30, 62, -0.84917
30, 63, -1.41687
30, 64, -0.97624
30, 65, -1.39282
30, 66, 0.48740
30, 67, -0.66819
30, 68, 2.02390
30, 69, -0.50705
30, 70, -0.21450
30, 71, -0.34414
31, 32, 3.36676
31, 33, 1.60868
31, 34, 1.00952
31, 35, 0.68778
31, 36, 2.34705
31, 37, 1.48392
31, 38, 1.01838
31, 39, -0.96512
31, 40, -1.52697
31, 41, -1.41731
31, 42, -1.16752
31, 43, -0.99214
31, 44, -0.16911
31, 45, -1.14863
31, 46, -1.56666
31, 47, -1.01871
31, 48, -0.54883
31, 49, -1.06730
31, 50, -0.69435
31, 51, 1.28484
31, 52, 1.63296
31, 53, -0.58853
31, 54, -1.05619
31, 55, -0.56548
31, 56, 0.02749
31, 57, -0.73003
31, 58, 0.80399
31, 59, -0.48656
31, 60, -0.36079
31, 61, 1.87097
31, 62, -0.74494
31, 63, -0.83853
31, 64, -0.50648
31, 65, -0.39786
31, 66, -1.33124
31, 67, -0.93019
31, 68, -0.50355
31, 69, -0.30065
31, 70, -0.14508
31, 71, 0.35284
32, 33, 4.46485
32, 34, -0.22748
32, 35, 0.62572
32, 36, 0.11419
32, 37, 0.30012
32, 38, -0.73984
32, 39, 3.29867
32, 40, -0.52289
32, 41, -1.52507
32, 42, -0.44904
32, 43, -1.08179
32, 44, 1.27374
32, 45, -1.00879
32, 46, -1.41023
32, 47, 0.19644
32, 48, -0.68215
32, 49, -1.58856
32, 50, -0.60055
32, 51, -0.99377
32, 52, -0.65343
32, 53, -1.32393
32, 54, -1.37112
32, 55, -0.84565
32, 56, -0.77751
32, 57, -1.02555
32, 58, -0.27261
32, 59, -0.70037
32, 60, -0.38815
32, 61, 3.54065
32, 62, 0.66984
32, 63, -0.78744
32, 64, 0.37086
32, 65, -0.57896
32, 66, -0.88669
32, 67, 1.40307
32, 68, -1.82080
32, 69, -0.45436
32, 70, 1.01554
32, 71, -1.40142
33, 34, 6.01606
33, 35, 7.62268
33, 36, 0.60884
33, 37, -0.92416
33, 38, 1.40257
33, 39, 1.52602
33, 40, -1.60457
33, 41, -1.84598
33, 42, -1.57667
33, 43, -1.47121
33, 44, -0.96009
33, 45, 1.07079
33, 46, 0.83977
33, 47, -0.53978
33, 48, 1.20840
33, 49, -1.03946
33, 50, -0.54598
33, 51, -1.61904
33, 52, -1.62876
33, 53, -0.91312
33, 54, -0.60225
33, 55, -0.90381
33, 56, -0.74624
33, 57, -1.11444
33, 58, -1.67000
33, 59, -0.18947
33, 60, -1.72992
33, 61, -1.65743
33, 62, -0.98389
33, 63, -0.88026
33, 64, -0.60391
33, 65, 0.44439
33, 66, -1.19759
33, 67, -1.36808
33, 68, -1.46782
33, 69, -1.05446
33, 70, 4.79375
33, 71, -1.47177
34, 35, 1.16706
34, 36, -0.06890
34, 37, 0.97635
34, 38, -0.04701
34, 39, 0.73595
34, 40, 6.13365
34, 41, -1.63588
34, 42, -0.80805
34, 43, -0.96041
34, 44, -0.00937
34, 45, -0.90104
34, 46, -1.43882
34, 47, -1.12406
34, 48, -0.21064
34, 49, -1.64749
34, 50, -0.98440
34, 51, -0.76852
34, 52, -0.42516
34, 53, -0.10936
34, 54, 0.83128
34, 55, -1.25582
34, 56, -0.37699
34, 57, -0.76196
34, 58, -1.81898
34, 59, -0.09042
34, 60, -0.95908
34, 61, 0.10204
34, 62, -0.96239
34, 63, -0.14614
34, 64, 0.33790
34, 65, -0.58817
34, 66, 1.19865
34, 67, -0.32326
34, 68, -0.57378
34, 69, 0.65946
34, 70, -0.93741
34, 71, -1.14627
35, 36, 5.01359
35, 37, -0.27342
35, 38, -0.58607
35, 39, 0.03765
35, 40, 8.17818
35, 41, -0.77877
35, 42, -0.64776
35, 43, -0.14697
35, 44, -1.37475
35, 45, -0.32396
35, 46, -1.52164
35, 47, -0.94899
35, 48, -1.39938
35, 49, -0.16777
35, 50, -1.31972
35, 51, -1.74400
35, 52, 0.46930
35, 53, -0.94724
35, 54, -1.04929
35, 55, -0.46264
35, 56, -0.49946
35, 57, -0.33642
35, 58, -1.61742
35, 59, -0.89451
35, 60, 0.03649
35, 61, 0.02428
35, 62, -0.99785
35, 63, -0.55332
35, 64, -0.61791
35, 65, 0.20539
35, 66, -0.23691
35, 67, -0.32290
35, 68, 2.42531
35, 69, 2.29361
35, 70, -0.69324
35, 71, -0.86740
36, 37, 5.07570
36, 38, 1.06028
36, 39, 5.92370
36, 40, 9.81145
36, 41, 0.98194
36, 42, -0.45020
36, 43, -0.10185
36, 44, -0.88262
36, 45, -0.13477
36, 46, -1.92593
36, 47, -1.19636
36, 48, 0.24255
36, 49, -0.49553
36, 50, -0.40873
36, 51, -1.30753
36, 52, -0.03801
36, 53, 0.56252
36, 54, -0.64247
36, 55, -0.88143
36, 56, -0.81411
36, 57, -0.37378
36, 58, -1.58697
36, 59, -1.04630
36, 60, -1.46893
36, 61, -1.03305
36, 62, -1.02695
36, 63, -1.43718
36, 64, -0.80586
36, 65, -1.43194
36, 66, -0.62781
36, 67, -1.28176
36, 68, 3.10382
36, 69, -1.71753
36, 70, 4.33944
36, 71, 0.23710
37, 38, -0.24314
37, 39, 2.44799
37, 40, 2.94827
37, 41, 3.73839
37, 42, -1.69624
37, 43, -1.02706
37, 44, 0.38213
37, 45, 2.54589
37, 46, -1.53941
37, 47, -0.19135
37, 48, -0.85183
37, 49, 0.15924
37, 50, -0.92848
37, 51, 0.24836
37, 52, 0.64223
37, 53, -1.09833
37, 54, 2.13788
37, 55, -0.80891
37, 56, -0.55257
37, 57, -0.58180
37, 58, -1.55683
37, 59, -1.09915
37, 60, -0.75546
37, 61, -1.22723
37, 62, -0.80577
37, 63, -0.42027
37, 64, -0.98969
37, 65, -0.96178
37, 66, -0.35248
37, 67, -1.51976
37, 68, 0.27121
37, 69, -0.32731
37, 70, 1.38461
37, 71, -0.91945
38, 39, 7.53130
38, 40, 0.08577
38, 41, -0.76214
38, 42, -0.72273
38, 43, -1.09484
38, 44, 1.66957
38, 45, -0.10033
38, 46, 1.46173
38, 47, -1.52874
38, 48, 0.10773
38, 49, -0.94991
38, 50, 3.12986
38, 51, -1.62058
38, 52, 0.27597
38, 53, 1.05390
38, 54, -0.28064
38, 55, 0.95628
38, 56, 1.04069
38, 57, -0.66094
38, 58, -1.02918
38, 59, -0.99320
38, 60, -0.40870
38, 61, 0.73090
38, 62, 0.92059
38, 63, -1.32688
38, 64, -0.84666
38, 65, -1.11902
38, 66, -1.23785
38, 67, 1.24410
38, 68, -1.84130
38, 69, -0.98305
38, 70, -0.62363
38, 71, 4.20017
39, 40, 4.06797
39, 41, -0.26453
39, 42, 0.16623
39, 43, 1.46609
39, 44, -1.66439
39, 45, -0.53771
39, 46, -0.12496
39, 47, -1.19431
39, 48, -1.64795
39, 49, -1.49330
39, 50, -1.22270
39, 51, -1.40741
39, 52, -0.79114
39, 53, -1.49947
39, 54, 2.57923
39, 55, -0.86135
39, 56, -0.77666
39, 57, -1.48843
39, 58, 0.38141
39, 59, -1.22574
39, 60, -1.45629
39, 61, -1.39291
39, 62, 1.52631
39, 63, -0.21971
39, 64, -0.55486
39, 65, -0.41108
39, 66, -0.60705
39, 67, -1.50623
39, 68, -0.82402
39, 69, -0.46559
39, 70, 6.37814
39, 71, -0.63041
40, 41, 7.38971
40, 42, 2.04842
40, 43, -0.72478
40, 44, 0.49036
40, 45, -2.21930
40, 46, 0.16031
40, 47, -1.57655
40, 48, -0.59316
40, 49, 1.55247
40, 50, -1.98182
40, 51, 1.51615
40, 52, -0.54178
40, 53, -0.84343
40, 54, -2.35451
40, 55, -1.61686
40, 56, -1.67260
40, 57, -0.27328
40, 58, 1.08916
40, 59, -0.82874
40, 60, -1.81065
40, 61, -2.11355
40, 62, -1.86215
40, 63, -1.51724
40, 64, 0.33449
40, 65, -1.36486
40, 66, -1.69288
40, 67, -2.49061
40, 68, 14.00057
40, 69, 1.20778
40, 70, -1.50106
40, 71, -2.25247
41, 42, -1.01321
41, 43, 9.30473
41, 44, 0.15600
41, 45, -1.06719
41, 46, 2.61632
41, 47, 1.84826
41, 48, 9.84553
41, 49, -2.44844
41, 50, -1.54985
41, 51, -2.37759
41, 52, -1.31001
41, 53, -1.46210
41, 54, -1.11246
41, 55, -1.09757
41, 56, -0.73130
41, 57, 0.02416
41, 58, 2.47223
41, 59, -0.79133
41, 60, -1.86066
41, 61, 0.51731
41, 62, -1.75362
41, 63, 1.18039
41, 64, -0.79130
41, 65, 1.18250
41, 66, -1.38755
41, 67, 1.88632
41, 68, -1.81955
41, 69, 2.96654
41, 70, 0.70261
41, 71, 4.35573
42, 43, 2.11001
42, 44, 1.70853
42, 45, -1.04838
42, 46, -0.66341
42, 47, -1.03244
42, 48, 0.65379
42, 49, 1.90044
42, 50, -1.30886
42, 51, 0.03546
42, 52, -1.09972
42, 53, -0.88323
42, 54, -0.04978
42, 55, 2.62339
42, 56, -0.77078
42, 57, 0.89633
42, 58, 6.35195
42, 59, -1.12114
42, 60, 1.04742
42, 61, -1.32906
42, 62, 0.58372
42, 63, -0.89477
42, 64, -0.40739
42, 65, -0.53575
42, 66, 0.82404
42, 67, -1.74072
42, 68, 3.58146
42, 69, -1.32007
42, 70, -0.91197
42, 71, -1.23422
43, 44, 2.73649
43, 45, -0.47182
43, 46, 2.11453
43, 47, 4.41719
43, 48, 3.96509
43, 49, -0.11107
43, 50, -1.25624
43, 51, -1.93213
43, 52, -1.84511
43, 53, -1.76567
43, 54, 1.84202
43, 55, -1.33492
43, 56, 0.45246
43, 57, -1.03209
43, 58, -1.84737
43, 59, 0.00641
43, 60, -1.48117
43, 61, -0.63240
43, 62, -1.23813
43, 63, 0.60345
43, 64, -0.94800
43, 65, -0.53581
43, 66, -1.03292
43, 67, 6.75475
43, 68, -2.03007
43, 69, 11.92050
43, 70, 0.07022
43, 71, 1.14182
44, 45, 4.70173
44, 46, 5.35610
44, 47, 3.87199
44, 48, -1.56863
44, 49, -0.27954
44, 50, -1.06247
44, 51, -1.26359
44, 52, -1.58839
44, 53, 0.37851
44, 54, -0.05359
44, 55, -0.90062
44, 56, -0.63808
44, 57, -0.84957
44, 58, -1.12138
44, 59, -0.26801
44, 60, 2.70978
44, 61, -0.67792
44, 62, 0.38430
44, 63, 1.60197
44, 64, 3.45795
44, 65, -0.78275
44, 66, -0.61965
44, 67, 2.78414
44, 68, -1.10992
44, 69, 0.61822
44, 70, -1.26023
44, 71, -0.51221
45, 46, 8.79166
45, 47, -0.10935
45, 48, 0.83662
45, 49, 0.69738
45, 50, 1.76751
45, 51, 1.06776
45, 52, -1.11461
45, 53, -0.29131
45, 54, -1.00480
45, 55, -0.58876
45, 56, -0.56904
45, 57, -1.14278
45, 58, -1.17009
45, 59, 0.61911
45, 60, -0.65045
45, 61, -0.66541
45, 62, 1.92763
45, 63, 1.23695
45, 64, -0.53117
45, 65, 2.09865
45, 66, 0.72703
45, 67, 0.95087
45, 68, 2.06275
45, 69, -0.75402
45, 70, -0.44599
45, 71, -0.54314
46, 47, 6.64851
46, 48, -0.85450
46, 49, 2.99721
46, 50, -1.44585
46, 51, 0.55489
46, 52, -1.13552
46, 53, -1.43620
46, 54, 0.20941
46, 55, -0.47562
46, 56, 0.41468
46, 57, -1.42681
46, 58, 0.43287
46, 59, -1.35681
46, 60, -1.61319
46, 61, -0.67780
46, 62, -2.05319
46, 63, -1.47236
46, 64, -1.59513
46, 65, -1.23865
46, 66, -0.21169
46, 67, 7.64809
46, 68, -0.88717
46, 69, -1.26417
46, 70, -1.25678
46, 71, -0.00033
47, 48, 2.87940
47, 49, 2.66051
47, 50, 0.24009
47, 51, -0.47477
47, 52, 2.78382
47, 53, 1.59999
47, 54, 0.00668
47, 55, 0.01161
47, 56, -0.31508
47, 57, -0.44869
47, 58, -0.79278
47, 59, 0.23765
47, 60, 0.72083
47, 61, 0.43577
47, 62, 2.71652
47, 63, -0.13129
47, 64, -0.68421
47, 65, -0.63180
47, 66, -0.89881
47, 67, 1.48483
47, 68, -1.27452
47, 69, 0.76093
47, 70, -1.18741
47, 71, -0.96604
48, 49, -0.12177
48, 50, 7.77494
48, 51, 1.38473
48, 52, 2.05145
48, 53, -0.21443
48, 54, 0.13896
48, 55, -0.70168
48, 56, -0.81148
48, 57, 0.17871
48, 58, -1.23548
48, 59, -0.71940
48, 60, -0.30467
48, 61, -1.61635
48, 62, -1.72617
48, 63, -1.14602
48, 64, 0.02200
48, 65, -1.10952
48, 66, 0.11205
48, 67, -1.80886
48, 68, -1.14791
48, 69, 1.98890
48, 70, 0.23382
48, 71, 3.53132
49, 50, -0.52431
49, 51, 4.78257
49, 52, 0.68600
49, 53, 0.21903
49, 54, 0.70545
49, 55, 3.20408
49, 56, -0.94777
49, 57, -0.98580
49, 58, -0.23554
49, 59, -1.34537
49, 60, 5.62453
49, 61, -0.71897
49, 62, -0.20826
49, 63, -1.37626
49, 64, -0.35298
49, 65, -0.12531
49, 66, 1.98061
49, 67, -1.73943
49, 68, -0.25044
49, 69, -1.59841
49, 70, -1.36472
49, 71, 0.43576
50, 51, 2.45872
50, 52, 7.07399
50, 53, 7.62035
50, 54, 0.05911
50, 55, 0.84543
50, 56, 0.84727
50, 57, 0.10993
50, 58, 6.19634
50, 59, -1.02356
50, 60, -1.47352
50, 61, 1.23126
50, 62, -1.16419
50, 63, 3.05770
50, 64, -1.02318
50, 65, -0.84102
50, 66, -1.49388
50, 67, 0.29407
50, 68, -1.64796
50, 69, -1.01481
50, 70, 2.07508
50, 71, 2.66020
51, 52, -0.86646
51, 53, -0.42750
51, 54, -0.95376
51, 55, 0.50224
51, 56, -0.55403
51, 57, -0.63126
51, 58, -1.67302
51, 59, -1.37931
51, 60, -1.79059
51, 61, -0.29890
51, 62, -1.64351
51, 63, 0.70939
51, 64, -1.77263
51, 65, -1.19203
51, 66, 0.68852
51, 67, -1.50532
51, 68, -1.69742
51, 69, -0.81438
51, 70, -0.92899
51, 71, -0.56394
52, 53, 1.36087
52, 54, 0.42548
52, 55, -0.52300
52, 56, 0.31501
52, 57, 5.78683
52, 58, 3.10770
52, 59, 0.00657
52, 60, -1.17400
52, 61, -1.42406
52, 62, -0.81638
52, 63, -0.99419
52, 64, -0.69490
52, 65, -1.51778
52, 66, -1.08801
52, 67, -1.76410
52, 68, 0.92312
52, 69, -0.81133
52, 70, -0.49870
52, 71, -0.51112
53, 54, 2.20627
53, 55, -0.82869
53, 56, 2.60842
53, 57, 6.21606
53, 58, 8.88667
53, 59, -0.16366
53, 60, 0.68525
53, 61, -0.69258
53, 62, -0.41866
53, 63, -0.59044
53, 64, -0.21737
53, 65, -0.29137
53, 66, -1.37785
53, 67, 0.59391
53, 68, -1.38732
53, 69, -1.06465
53, 70, -1.16383
53, 71, 0.39269
54, 55, 0.92690
54, 56, 8.98899
54, 57, 2.39826
54, 58, 0.42806
54, 59, 2.42383
54, 60, 1.27305
54, 61, 0.00432
54, 62, -0.98838
54, 63, 0.07533
54, 64, -0.89371
54, 65, -1.06062
54, 66, -0.55187
54, 67, -1.18339
54, 68, -1.23203
54, 69, -1.08476
54, 70, -0.80880
54, 71, -1.20465
55, 56, 1.53127
55, 57, -0.65053
55, 58, 2.09575
55, 59, 3.46499
55, 60, 2.33332
55, 61, -0.43171
55, 62, -1.18242
55, 63, -1.01385
55, 64, -0.02101
55, 65, 3.42393
55, 66, 0.05290
55, 67, -1.43027
55, 68, -0.74226
55, 69, -1.61808
55, 70, -1.35027
55, 71, 0.73092
56, 57, 0.69060
56, 58, 2.05870
56, 59, 1.68265
56, 60, -0.06687
56, 61, 2.89001
56, 62, -0.76007
56, 63, -0.31150
56, 64, -0.99310
56, 65, -0.79454
56, 66, 0.16617
56, 67, -0.95953
56, 68, -0.79742
56, 69, -1.14509
56, 70, -0.49361
56, 71, -1.18281
57, 58, 4.11248
57, 59, 0.06058
57, 60, 0.33280
57, 61, -0.93173
57, 62, 1.53727
57, 63, -0.33826
57, 64, 0.39120
57, 65, -0.41988
57, 66, -0.86516
57, 67, -1.77755
57, 68, -0.45847
57, 69, -0.85497
57, 70, 0.03013
57, 71, 2.79515
58, 59, 6.62184
58, 60, 10.04815
58, 61, 3.07940
58, 62, -0.36056
58, 63, -1.19702
58, 64, 0.31638
58, 65, -0.82117
58, 66, -0.23205
58, 67, -1.33257
58, 68, -1.03359
58, 69, -2.10333
58, 70, -1.20433
58, 71, -1.33156
59, 60, 2.03523
59, 61, 6.12427
59, 62, 0.56763
59, 63, 0.96061
59, 64, -0.00990
59, 65, -0.72713
59, 66, -0.70916
59, 67, -0.92775
59, 68, -1.18682
59, 69, -0.27598
59, 70, -0.52892
59, 71, -0.81388
60, 61, 2.03453
60, 62, 3.76733
60, 63, -0.12802
60, 64, 2.79168
60, 65, -0.28994
60, 66, 3.69363
60, 67, -1.24538
60, 68, -0.05819
60, 69, -1.25843
60, 70, -1.42679
60, 71, -0.77036
61, 62, 6.68695
61, 63, 0.69328
61, 64, 1.75088
61, 65, 0.48507
61, 66, -0.87752
61, 67, 0.01939
61, 68, 0.09761
61, 69, -0.28929
61, 70, -0.62336
61, 71, -1.48527
62, 63, 3.55467
62, 64, -0.21214
62, 65, -0.52520
62, 66, -0.06362
62, 67, -1.51612
62, 68, -0.71839
62, 69, -1.23398
62, 70, -0.00384
62, 71, 0.67070
63, 64, 3.70571
63, 65, 0.77801
63, 66, 0.38055
63, 67, 2.19273
63, 68, 2.89252
63, 69, 1.31133
63, 70, -0.44306
63, 71, -0.46931
64, 65, 0.46849
64, 66, 4.19654
64, 67, 0.57722
64, 68, -0.44363
64, 69, -0.22361
64, 70, 1.13360
64, 71, -1.05177
65, 66, 0.50745
65, 67, 6.63300
65, 68, 0.46976
65, 69, -0.32722
65, 70, -1.00163
65, 71, -0.02911
66, 67, 0.30704
66, 68, 3.99452
66, 69, -0.24193
66, 70, -0.86138
66, 71, -0.82795
67, 68, 4.34391
67, 69, 7.26062
67, 70, 1.15903
67, 71, 0.68031
68, 69, 0.92674
68, 70, 0.10091
68, 71, -1.00907
69, 70, 0.77519
69, 71, 3.66651
70, 71, 3.06928
