 2105    43    69   0.01679 11.92049697
 2477    67    69   0.01450 7.26062170
 2027    41    48   0.01405 9.84553054
    2     1     3   0.01078 11.28891564
 2083    43    47   0.00998 4.41719308
 1746    33    35   0.00922 7.62267885
  341     6     7   0.00922 6.17451601
 1337    23    51   0.00891 6.73062404
  406     7     8   0.00831 2.53571505
  468     7    70   0.00824 2.89684915
  342     6     8   0.00789 5.54025465
 2232    48    71   0.00787 3.53132013
 1988    39    70   0.00784 6.37814493
  470     8     9   0.00769 6.27121141
 2050    41    71   0.00744 4.35573316
 2103    43    67   0.00735 6.75475042
  201     3    65   0.00689 7.81960728
  473     8    12   0.00685 5.34644987
  617    10    33   0.00664 7.52245807
 2186    47    48   0.00649 2.87940460
 1666    31    32   0.00588 3.36675822
 1310    23    24   0.00527 5.59511971
 2048    41    69   0.00522 2.96653789
  492     8    31   0.00520 2.01456525
 2334    54    56   0.00509 8.98899331
 2200    47    62   0.00496 2.71652248
  147     3    11   0.00495 6.29872038
 2137    45    48   0.00441 0.83661912
  593     9    70   0.00437 3.51406138
 2151    45    62   0.00433 1.92762837
 2156    45    67   0.00418 0.95087019
 1313    23    27   0.00399 2.56332509
  181     3    45   0.00385 0.74996967
 2136    45    47   0.00371 -0.10934617
 2484    69    71   0.00313 3.66651043
 2231    48    70   0.00308 0.23382405
  596    10    12   0.00295 3.28657189
 2230    48    69   0.00292 1.98890386
 1957    38    71   0.00286 4.20017079
 2046    41    67   0.00285 1.88632180
  336     5    67   0.00280 4.41358031
  207     3    71   0.00266 0.26459664
 1669    31    35   0.00261 0.68777859
 2017    40    68   0.00260 14.00057242
   12     1    13   0.00258 6.90276452
  432     7    34   0.00250 2.38805165
 2205    47    67   0.00243 1.48482728
  344     6    10   0.00236 5.03364356
  407     7     9   0.00232 5.42017834
 2394    57    71   0.00226 2.79514677
 1682    31    48   0.00215 -0.54882840
 2084    43    48   0.00213 3.96508793
 1852    35    68   0.00212 2.42530876
 2081    43    45   0.00210 -0.47182067
  439     7    41   0.00209 3.75878310
 1704    31    70   0.00209 -0.14507544
  316     5    47   0.00209 0.78917812
 2022    41    43   0.00202 9.30472570
 2396    58    60   0.00197 10.04814942
 1360    24    27   0.00186 6.05835968
   64     1    65   0.00176 1.41014753
 1209    20    70   0.00175 0.26217613
 1990    40    41   0.00166 7.38971492
 1356    23    70   0.00165 0.28560807
 1333    23    47   0.00164 -0.11612805
  571     9    48   0.00164 2.75520233
 2219    48    58   0.00162 -1.23548320
 1334    23    48   0.00162 0.76377186
 2211    48    50   0.00159 7.77493736
 2207    47    69   0.00156 0.76093326
  832    13    71   0.00154 1.06772162
 2479    67    71   0.00154 0.68031176
 1705    31    71   0.00151 0.35284268
  656    11    12   0.00150 3.25813831
 2026    41    47   0.00148 1.84826258
  377     6    43   0.00140 2.32844458
  403     6    69   0.00139 1.78646708
  671    11    27   0.00139 1.66479222
 2212    48    51   0.00139 1.38472734
  437     7    39   0.00134 0.06383504
  500     8    39   0.00132 2.26939136
   10     1    11   0.00130 1.51915854
 1853    35    69   0.00124 2.29361357
  695    11    51   0.00124 0.28605863
  373     6    39   0.00122 1.30308622
  657    11    13   0.00113 4.05659145
 2107    43    71   0.00113 1.14182318
  156     3    20   0.00111 -0.20542229
 2161    46    47   0.00111 6.64851291
  495     8    34   0.00109 3.28694483
  145     3     9   0.00107 3.31716309
   31     1    32   0.00106 3.44610311
 2197    47    59   0.00106 0.23765113
 2290    51    66   0.00105 0.68852273
 1010    17    27   0.00102 0.82087127
  401     6    67   0.00100 0.16214846
 2154    45    65   0.00100 2.09865160
  187     3    51   0.00099 -0.44086040
  715    11    71   0.00099 1.96572972
 2393    57    70   0.00096 0.03012527
 2480    68    69   0.00095 0.92674360
  446     7    48   0.00092 -0.07878564
  276     5     7   0.00091 4.09971802
 2287    51    63   0.00089 0.70939046
  274     4    71   0.00087 1.26516415
  467     7    69   0.00086 1.93447415
   61     1    62   0.00085 4.20050453
  456     7    58   0.00085 0.23435238
 1212    21    23   0.00085 1.68674417
 1457    26    33   0.00085 1.75775079
  455     7    57   0.00084 -0.23977654
  421     7    23   0.00084 -0.89090585
  587     9    64   0.00082 2.09609929
  558     9    35   0.00077 1.31761753
 1320    23    34   0.00077 1.50314713
 2147    45    58   0.00077 -1.17008990
  441     7    43   0.00076 1.00505873
  900    15    26   0.00076 -0.04101584
 1026    17    43   0.00076 0.94880397
 2198    47    60   0.00074 0.72082853
  580     9    57   0.00074 0.68971631
 2275    50    71   0.00074 2.66019654
 1380    24    47   0.00073 -1.10943635
  457     7    59   0.00071 0.52797886
  496     8    35   0.00071 1.06708947
 2476    67    68   0.00070 4.34390559
  546     9    23   0.00070 -1.01380820
 2181    46    67   0.00070 7.64808801
 2076    42    68   0.00068 3.58145792
  196     3    60   0.00067 -0.16289231
 1720    32    47   0.00067 0.19643630
 1740    32    67   0.00067 1.40306992
 1781    33    70   0.00067 4.79375021
  438     7    40   0.00067 -0.72332172
 2448    62    70   0.00065 -0.00383869
 1894    37    41   0.00065 3.73838575
  875    14    57   0.00065 0.98252632
 2148    45    59   0.00064 0.61910995
 1961    39    43   0.00063 1.46608845
 2218    48    57   0.00062 0.17870864
 1702    31    68   0.00060 -0.50355356
 1536    27    68   0.00060 -1.53771798
   46     1    47   0.00060 0.65205441
 1199    20    60   0.00059 -0.48070746
 1595    29    42   0.00058 8.64551551
  494     8    33   0.00057 5.83498644
   59     1    60   0.00057 -0.18588494
 2049    41    70   0.00055 0.70260960
 1621    29    68   0.00054 2.74894804
  167     3    31   0.00054 -0.39485370
  418     7    20   0.00053 -1.20480234
 1742    32    69   0.00053 -0.45435790
 1265    22    27   0.00052 0.66308520
 2135    45    46   0.00052 8.79165586
 1426    25    47   0.00052 -0.07718621
 1264    22    26   0.00051 2.21113617
  206     3    70   0.00050 -0.06053064
 1285    22    47   0.00050 1.60306405
  433     7    35   0.00050 -0.08622315
  381     6    47   0.00049 -0.98896259
 2130    44    67   0.00049 2.78414138
 1848    35    64   0.00049 -0.61790602
 1344    23    58   0.00048 -0.66286969
 1413    25    34   0.00046 1.51215804
 1965    39    47   0.00046 -1.19431274
  195     3    59   0.00046 -0.34278219
 1475    26    51   0.00045 23.90406692
 2041    41    62   0.00045 -1.75361771
 1030    17    47   0.00045 -0.76350787
  160     3    24   0.00045 -1.06740782
  451     7    53   0.00044 -1.07409424
  826    13    65   0.00044 2.40931918
 1215    21    26   0.00044 6.44227468
   56     1    57   0.00044 -0.07661678
   19     1    20   0.00044 -0.57870480
 2365    55    71   0.00043 0.73092004
 2481    68    70   0.00043 0.10090595
 1083    18    47   0.00043 -0.49407876
 2158    45    69   0.00040 -0.75402295
  272     4    69   0.00040 0.54260449
 2036    41    57   0.00040 0.02415577
 2378    56    69   0.00040 -1.14509223
 1515    27    47   0.00040 -0.83960750
  895    15    21   0.00039 0.69973890
 2295    51    71   0.00038 -0.56394043
 2406    58    70   0.00038 -1.20432823
  531     8    70   0.00038 0.06673675
 2418    59    70   0.00038 -0.52891505
 2424    60    65   0.00038 -0.28994113
 1449    25    70   0.00038 -0.31985698
  482     8    21   0.00037 1.11293935
 1856    36    37   0.00037 5.07570321
  775    13    14   0.00037 1.57750386
  286     5    17   0.00037 -0.72414527
  152     3    16   0.00035 -1.19030385
  149     3    13   0.00035 3.37379987
 2276    51    52   0.00035 -0.86646354
  573     9    50   0.00035 -0.28103377
  445     7    47   0.00035 -1.21714083
 1178    20    39   0.00035 -1.39935830
  212     4     9   0.00035 1.46538568
 2051    42    43   0.00034 2.11000818
 1427    25    48   0.00034 -0.70136389
  665    11    21   0.00034 -0.17702679
 2403    58    67   0.00034 -1.33256685
 1708    32    35   0.00034 0.62571526
  429     7    31   0.00033 -1.37639483
   63     1    64   0.00033 -1.73440604
 2401    58    65   0.00033 -0.82116710
  115     2    47   0.00033 0.04983232
 1958    39    40   0.00032 4.06797052
  161     3    25   0.00032 -1.04368485
 2134    44    71   0.00032 -0.51220605
  127     2    59   0.00031 0.83819426
 2274    50    70   0.00031 2.07508493
 2183    46    69   0.00030 -1.26416667
  466     7    68   0.00030 -0.24757864
  462     7    64   0.00030 2.17603067
 1241    21    52   0.00030 3.46067052
 1048    17    65   0.00030 0.44894880
   26     1    27   0.00029 -1.17223683
  412     7    14   0.00029 0.17401806
 2082    43    46   0.00029 2.11452515
  310     5    41   0.00029 0.45446739
  465     7    67   0.00029 -0.01338129
  984    16    55   0.00029 1.41643745
  562     9    39   0.00028 0.55129082
  194     3    58   0.00027 -1.97452047
  311     5    42   0.00027 0.93150290
 2429    60    70   0.00027 -1.42678759
  901    15    27   0.00027 1.52876947
 2415    59    67   0.00027 -0.92774939
 1992    40    43   0.00026 -0.72477869
 1890    36    71   0.00026 0.23709760
  950    16    21   0.00026 1.07072650
  831    13    70   0.00026 -0.82494443
 2025    41    46   0.00026 2.61631554
 2019    40    70   0.00025 -1.50106023
  140     3     4   0.00025 0.48183571
  773    12    70   0.00025 -0.61665984
 1929    38    43   0.00025 -1.09484292
 2095    43    59   0.00025 0.00641036
  347     6    13   0.00024 0.38586411
 1295    22    57   0.00024 1.52832170
 2185    46    71   0.00024 -0.00033018
   57     1    58   0.00024 -2.27670254
   69     1    70   0.00024 -0.66797320
 1523    27    55   0.00024 3.51289812
  372     6    38   0.00024 0.78930300
 1955    38    69   0.00023 -0.98304528
 2485    70    71   0.00023 3.06928368
  477     8    16   0.00023 1.26020077
  415     7    17   0.00023 -1.03006211
  338     5    69   0.00023 0.51771175
   70     1    71   0.00023 -1.11160489
 1590    29    37   0.00023 -1.06448539
 2109    44    46   0.00023 5.35609786
 1933    38    47   0.00023 -1.52874253
 2038    41    59   0.00023 -0.79132829
   20     1    21   0.00023 0.34550246
 1453    26    29   0.00022 4.27324161
 2425    60    66   0.00022 3.69362873
 1554    28    43   0.00022 1.24154692
  956    16    27   0.00022 -1.04897587
   15     1    16   0.00022 1.12573099
 1152    19    64   0.00022 -0.20304291
 2195    47    57   0.00022 -0.44868986
 2035    41    56   0.00022 -0.73129519
  576     9    53   0.00022 -1.07619450
  921    15    47   0.00022 -0.41127982
  424     7    26   0.00021 -0.25786711
  555     9    32   0.00021 1.89238747
 1105    18    69   0.00021 -0.39114919
 2380    56    71   0.00021 -1.18281325
 2020    40    71   0.00021 -2.25246755
  939    15    65   0.00021 1.35578732
 1517    27    49   0.00021 -0.94747325
   72     2     4   0.00021 1.52156183
 1463    26    39   0.00020 0.17096091
  564     9    41   0.00020 -0.10091163
 1302    22    64   0.00020 -0.84221896
  548     9    25   0.00020 1.93802291
 2209    47    71   0.00020 -0.96604074
  987    16    58   0.00020 -0.65280309
 1483    26    59   0.00020 1.45950755
  392     6    58   0.00020 -1.39010064
  802    13    41   0.00020 -0.78796197
    8     1     9   0.00020 -0.72310169
 1230    21    41   0.00020 0.64011405
   89     2    21   0.00019 -0.16235253
 1991    40    42   0.00019 2.04841724
 2192    47    54   0.00019 0.00668049
 2187    47    49   0.00019 2.66051315
 2066    42    58   0.00019 6.35195383
  422     7    24   0.00019 -0.90444016
  376     6    42   0.00019 0.14055763
 1953    38    67   0.00018 1.24409932
 1451    26    27   0.00018 2.20053136
   75     2     7   0.00018 -0.12757754
 2423    60    64   0.00018 2.79167627
  460     7    62   0.00018 -0.93462211
 2407    58    71   0.00018 -1.33156072
  219     4    16   0.00018 -0.01206522
 2254    49    71   0.00017 0.43575799
 1211    21    22   0.00017 1.22913106
  543     9    20   0.00017 -1.08656848
 1543    28    32   0.00017 2.62175727
 2073    42    65   0.00017 -0.53575037
  567     9    44   0.00016 -1.13666095
  209     4     6   0.00016 0.83156308
  951    16    22   0.00016 1.50283366
  258     4    55   0.00016 3.28556412
 1528    27    60   0.00016 -0.45712494
  469     7    71   0.00016 -0.63404137
 2047    41    68   0.00016 -1.81954516
  423     7    25   0.00016 -1.50173339
 1909    37    56   0.00016 -0.55256533
   36     1    37   0.00015 -0.26971921
  307     5    38   0.00015 -1.16895335
 1050    17    67   0.00015 -0.65120335
  232     4    29   0.00015 2.46399710
   52     1    53   0.00015 -1.25724397
 1662    30    68   0.00015 2.02389890
  631    10    47   0.00015 -0.46719546
  428     7    30   0.00015 -0.82983477
 1216    21    27   0.00015 -0.72029936
  714    11    70   0.00015 0.01494331
  689    11    45   0.00015 0.78282363
 2085    43    49   0.00015 -0.11106521
  151     3    15   0.00015 -0.50661079
 2146    45    57   0.00015 -1.14277695
  910    15    36   0.00015 -1.05561178
  812    13    51   0.00015 -1.13110580
 1492    26    68   0.00015 2.79191030
 1505    27    37   0.00014 2.59423812
  702    11    58   0.00014 -1.38753265
 1076    18    40   0.00014 1.20551614
 1258    21    69   0.00014 0.97959961
  436     7    38   0.00014 -1.21359187
 2354    55    60   0.00014 2.33331880
  442     7    44   0.00014 0.48622963
  777    13    16   0.00014 2.15367734
  296     5    27   0.00014 -0.19924025
 1927    38    41   0.00014 -0.76213996
 2381    57    58   0.00014 4.11248184
 2236    49    53   0.00014 0.21902593
   84     2    16   0.00014 4.53209140
 1384    24    51   0.00013 -0.85169044
 2199    47    61   0.00013 0.43576572
 1558    28    47   0.00013 -1.43493416
  380     6    46   0.00013 1.79887877
 2376    56    67   0.00013 -0.95952559
 2405    58    69   0.00013 -2.10332598
  404     6    70   0.00013 0.18590553
 1960    39    42   0.00013 0.16622569
 1825    35    41   0.00013 -0.77877288
 1327    23    41   0.00013 -1.43071265
  840    14    22   0.00013 0.56023076
 1900    37    47   0.00012 -0.19134867
 1232    21    43   0.00012 -0.54206941
  350     6    16   0.00012 -0.70595083
 1326    23    40   0.00012 -2.28720538
 1077    18    41   0.00012 -1.28790911
  270     4    67   0.00012 -1.53293818
  430     7    32   0.00012 -0.22498389
 2160    45    71   0.00012 -0.54313660
 1861    36    42   0.00012 -0.45020459
 2249    49    66   0.00012 1.98061483
 1804    34    56   0.00012 -0.37698657
  529     8    68   0.00012 -0.44956863
 2347    54    69   0.00012 -1.08475729
 2138    45    49   0.00012 0.69737972
 1887    36    68   0.00012 3.10382167
 1534    27    66   0.00012 0.65101710
   54     1    55   0.00012 1.84840070
 1009    17    26   0.00011 -1.59114081
  536     9    13   0.00011 -0.65074381
  414     7    16   0.00011 -1.02646336
  261     4    58   0.00011 -1.29952595
  920    15    46   0.00011 0.07960537
   40     1    41   0.00011 -0.38292238
  327     5    58   0.00011 -1.90183960
 2390    57    67   0.00011 -1.77755316
    5     1     6   0.00011 -0.86124670
  886    14    68   0.00011 1.48288210
  348     6    14   0.00011 -0.63701798
 1513    27    45   0.00011 -0.59528218
  295     5    26   0.00011 -0.31056570
 1293    22    55   0.00011 4.88195161
 1464    26    40   0.00011 1.49234856
  420     7    22   0.00011 -1.53195798
 2238    49    55   0.00011 3.20407942
 2248    49    65   0.00010 -0.12531443
 1959    39    41   0.00010 -0.26452517
  828    13    67   0.00010 -1.16662036
 2377    56    68   0.00010 -0.79741843
  493     8    32   0.00010 -1.37462026
  312     5    43   0.00010 1.43501174
 1715    32    42   0.00010 -0.44903962
 1052    17    69   0.00010 -0.52557594
 1612    29    59   0.00010 -0.25195620
 2194    47    56   0.00010 -0.31507980
 1754    33    43   0.00010 -1.47121456
  135     2    67   0.00010 -0.21577233
 1220    21    31   0.00009 0.13562306
  917    15    43   0.00009 -0.47450863
  360     6    26   0.00009 -0.71732012
 2063    42    55   0.00009 2.62339070
 1249    21    60   0.00009 0.22392329
 2233    49    50   0.00009 -0.52430683
  393     6    59   0.00009 -0.36391796
 2057    42    49   0.00009 1.90044428
  318     5    49   0.00009 2.19094682
 1597    29    44   0.00009 -1.23814472
 1976    39    58   0.00009 0.38141315
 1458    26    34   0.00009 3.03757753
 1029    17    46   0.00009 -0.12425823
 2087    43    51   0.00009 -1.93212900
 1307    22    69   0.00009 -0.70599559
  934    15    60   0.00009 -0.59625477
 2163    46    49   0.00009 2.99721200
 2252    49    69   0.00009 -1.59840570
 1115    19    27   0.00009 -0.24250073
 2018    40    69   0.00008 1.20778143
 1869    36    50   0.00008 -0.40872522
 2104    43    68   0.00008 -2.03006996
 1716    32    43   0.00008 -1.08179143
 1870    36    51   0.00008 -1.30752706
 2005    40    56   0.00008 -1.67259968
 1289    22    51   0.00008 2.10472726
  208     4     5   0.00008 1.82602221
 2291    51    67   0.00008 -1.50532258
 1207    20    68   0.00008 -0.96605489
  230     4    27   0.00008 -1.03187972
  906    15    32   0.00008 -0.99949874
  539     9    16   0.00008 0.18034593
 1593    29    40   0.00008 7.19296340
  239     4    36   0.00008 0.03329641
 1932    38    46   0.00008 1.46173032
 2314    52    71   0.00008 -0.51111869
  396     6    62   0.00008 -1.06654268
  782    13    21   0.00008 -0.34886329
  563     9    40   0.00007 -1.65302384
  732    12    29   0.00007 -0.00433755
  486     8    25   0.00007 -1.17181853
  932    15    58   0.00007 -1.29014760
 2428    60    69   0.00007 -1.25842936
  804    13    43   0.00007 -0.69799487
  282     5    13   0.00007 -1.09069003
 2243    49    60   0.00007 5.62452909
  385     6    51   0.00007 -1.09841733
 1581    28    70   0.00007 -0.65261954
  183     3    47   0.00007 -1.03159661
 1801    34    53   0.00007 -0.10935817
 1079    18    43   0.00007 -1.26926236
 1954    38    68   0.00007 -1.84130478
 2250    49    67   0.00007 -1.73943089
 2021    41    42   0.00007 -1.01320636
 1342    23    56   0.00007 0.81315806
 1863    36    44   0.00007 -0.88261605
 2404    58    68   0.00006 -1.03359166
  157     3    21   0.00006 -1.06815751
 1148    19    60   0.00006 2.21182351
 1470    26    46   0.00006 -0.38625143
  234     4    31   0.00006 1.19052884
 1986    39    68   0.00006 -0.82402150
  416     7    18   0.00006 -0.46508302
  878    14    60   0.00006 -1.21047163
   94     2    26   0.00006 -0.04302475
 1835    35    51   0.00006 -1.74400493
   14     1    15   0.00006 0.21409751
  454     7    56   0.00006 -0.62638644
 1967    39    49   0.00006 -1.49329957
   73     2     5   0.00006 0.44825563
 2210    48    49   0.00006 -0.12176530
  653    10    69   0.00006 -1.02075259
  413     7    15   0.00006 -0.83902369
  946    16    17   0.00006 0.35720866
 1406    25    27   0.00006 -0.34117645
  355     6    21   0.00006 0.48361931
  284     5    15   0.00006 -0.85191961
  119     2    51   0.00006 1.40620100
 2471    66    67   0.00006 0.30704339
  389     6    55   0.00006 -1.29291337
 1493    26    69   0.00006 -1.96589598
  315     5    46   0.00006 4.20538821
    1     1     2   0.00006 1.83993596
 2000    40    51   0.00006 1.51614819
 1467    26    43   0.00006 -2.15202038
 2311    52    68   0.00006 0.92312101
  845    14    27   0.00006 0.93457413
 1298    22    60   0.00006 -0.99567018
 1222    21    33   0.00006 -0.75444905
  660    11    16   0.00005 -0.21954795
 1586    29    33   0.00005 0.75691222
  490     8    29   0.00005 -1.58550032
 2281    51    57   0.00005 -0.63125828
 1566    28    55   0.00005 -1.25543994
  487     8    26   0.00005 -2.05329731
 1521    27    53   0.00005 -1.00328693
 2235    49    52   0.00005 0.68600147
  542     9    19   0.00005 -1.02547554
  240     4    37   0.00005 -1.34890065
 1902    37    49   0.00005 0.15924396
 1237    21    48   0.00005 -1.66988471
  328     5    59   0.00005 -0.10560919
  104     2    36   0.00005 -0.07666308
 1240    21    51   0.00005 -0.72432148
  440     7    42   0.00005 -0.73729215
  577     9    54   0.00005 -1.16044527
 1510    27    42   0.00005 0.31302965
  383     6    49   0.00005 -0.48516349
 2053    42    45   0.00005 -1.04837589
 2090    43    54   0.00005 1.84201930
 2037    41    58   0.00005 2.47223274
 2165    46    51   0.00005 0.55488545
  123     2    55   0.00005 0.41693008
 2059    42    51   0.00005 0.03546398
  544     9    21   0.00005 -0.09715350
 2234    49    51   0.00005 4.78256554
  624    10    40   0.00005 -1.49126350
  582     9    59   0.00005 0.14814102
 2114    44    51   0.00004 -1.26358537
 2353    55    59   0.00004 3.46499102
  324     5    55   0.00004 1.40409384
 2188    47    50   0.00004 0.24009278
 1306    22    68   0.00004 -0.82796427
 2336    54    58   0.00004 0.42806338
  796    13    35   0.00004 -1.11694391
  177     3    41   0.00004 -1.78276087
 2400    58    64   0.00004 0.31637969
 2180    46    66   0.00004 -0.21168600
 2058    42    50   0.00004 -1.30885677
  600    10    16   0.00004 -0.94603283
 1607    29    54   0.00004 -0.87994128
 2478    67    70   0.00004 1.15902747
   77     2     9   0.00004 -0.29132786
  585     9    62   0.00004 -0.08496605
 2074    42    66   0.00004 0.82404456
 1519    27    51   0.00004 -0.08598706
 1645    30    51   0.00004 -0.63787662
  772    12    69   0.00004 -0.45773625
 1297    22    59   0.00004 -0.03402946
  547     9    24   0.00004 -1.10700970
 1329    23    43   0.00004 -0.34425774
 2189    47    51   0.00004 -0.47477026
  249     4    46   0.00004 1.33680154
  391     6    57   0.00004 -0.84235897
 1259    21    70   0.00004 -0.21673290
 1649    30    55   0.00004 0.07525672
 2440    61    71   0.00004 -1.48526774
 1799    34    51   0.00004 -0.76852060
  245     4    42   0.00004 0.71825034
 2282    51    58   0.00004 -1.67301976
 2196    47    58   0.00004 -0.79277662
  269     4    66   0.00004 3.51222381
 1956    38    70   0.00003 -0.62362648
  448     7    50   0.00003 -1.03246886
 1998    40    49   0.00003 1.55246536
 2062    42    54   0.00003 -0.04977541
 2080    43    44   0.00003 2.73649308
 2060    42    52   0.00003 -1.09972211
  518     8    57   0.00003 -0.59346490
 2029    41    50   0.00003 -1.54984698
  252     4    49   0.00003 0.03270462
 1964    39    46   0.00003 -0.12496159
 2286    51    62   0.00003 -1.64350952
 2284    51    60   0.00003 -1.79058998
  685    11    41   0.00003 -1.23443720
  605    10    21   0.00003 -1.37680331
  954    16    25   0.00003 3.74987159
  308     5    39   0.00003 1.54685472
 2077    42    69   0.00003 -1.32007324
 1496    27    28   0.00003 3.76428652
  427     7    29   0.00003 1.22061128
 1139    19    51   0.00003 -0.62817477
 1469    26    45   0.00003 -0.70580350
 2461    64    68   0.00003 -0.44363367
 1434    25    55   0.00003 0.21765657
  534     9    11   0.00003 -1.03886502
  744    12    41   0.00003 -1.64106543
  275     5     6   0.00003 1.75387807
 1405    25    26   0.00003 1.86446273
 2008    40    59   0.00003 -0.82874044
 2162    46    48   0.00003 -0.85450186
 2117    44    54   0.00003 -0.05358511
  627    10    43   0.00003 -1.69001565
 1588    29    35   0.00003 0.72364913
   48     1    49   0.00003 0.66939047
  973    16    44   0.00002 -0.82724762
 1466    26    42   0.00002 2.27400683
  379     6    45   0.00002 0.06543136
 2360    55    66   0.00002 0.05289563
 1468    26    44   0.00002 1.32622272
  604    10    20   0.00002 -1.05485668
 1849    35    65   0.00002 0.20539053
 2241    49    58   0.00002 -0.23554103
  635    10    51   0.00002 -1.56560042
 1187    20    48   0.00002 -1.99641973
 1204    20    65   0.00002 -1.24876852
  301     5    32   0.00002 -0.47990120
  283     5    14   0.00002 -1.17825166
  717    12    14   0.00002 5.38997239
 1503    27    35   0.00002 -0.64376544
 1156    19    68   0.00002 -1.35774534
 2445    62    67   0.00002 -1.51611521
  590     9    67   0.00002 -0.66621355
 1724    32    51   0.00002 -0.99376553
  411     7    13   0.00002 -0.72985616
 2221    48    60   0.00002 -0.30466612
 2292    51    68   0.00002 -1.69741893
 1473    26    49   0.00002 0.37666256
 1995    40    46   0.00002 0.16030592
 1229    21    40   0.00002 -1.49792136
  574     9    51   0.00002 -1.78582202
 1879    36    60   0.00002 -1.46892770
 2251    49    68   0.00002 -0.25043633
  980    16    51   0.00002 -0.61300173
 1255    21    66   0.00002 -0.58646613
 1611    29    58   0.00002 -0.62737083
  224     4    21   0.00001 1.11919629
 1808    34    60   0.00001 -0.95908289
  639    10    55   0.00001 -0.84732995
 2054    42    46   0.00001 -0.66340696
 1197    20    58   0.00001 -2.12319814
 2004    40    55   0.00001 -1.61686274
  111     2    43   0.00001 -0.88525334
 1452    26    28   0.00001 -0.39138518
 2175    46    61   0.00001 -0.67779739
  983    16    54   0.00001 -0.40517668
 1239    21    50   0.00001 -0.05244674
 1242    21    53   0.00001 2.03302523
 2416    59    68   0.00001 -1.18681939
 2204    47    66   0.00001 -0.89880716
  444     7    46   0.00001 -1.50755057
  896    15    22   0.00001 -0.94686942
  390     6    56   0.00001 0.18032465
 1514    27    46   0.00001 -1.12218535
 2131    44    68   0.00001 -1.10992248
 1414    25    35   0.00001 -0.48086313
   24     1    25   0.00001 -0.96990610
  545     9    22   0.00001 -0.01776661
 1762    33    51   0.00001 -1.61904466
  271     4    68   0.00001 3.27117921
 1604    29    51   0.00001 -1.52311420
 2140    45    51   0.00001 1.06776324
 1430    25    51   0.00001 -0.98110940
 1053    17    70   0.00001 -0.69362917
 1532    27    64   0.00001 -1.06191180
 2239    49    56   0.00001 -0.94776763
 1305    22    67   0.00001 -0.67990979
 1718    32    45   0.00001 -1.00878820
 1019    17    36   0.00000 -0.23836123
 2366    56    57   0.00000 0.69060358
 1246    21    57   0.00000 -0.46374685
 1402    24    69   0.00000 -1.27777455
 1709    32    36   0.00000 0.11418617
 1368    24    35   0.00000 0.35039978
 2030    41    51   0.00000 -2.37758575
  864    14    46   0.00000 -0.31018139
 1928    38    42   0.00000 -0.72273043
 2094    43    58   0.00000 -1.84737042
 1571    28    60   0.00000 1.86452517
  754    12    51   0.00000 -1.76568101
 1041    17    58   0.00000 -1.38421433
 1012    17    29   0.00000 -0.75781325
 1114    19    26   0.00000 -1.08885574
 2208    47    70   0.00000 -1.18740820
  153     3    17   0.00000 0.09739118
    7     1     8   0.00000 -0.20643913
 2392    57    69   0.00000 -0.85497388
   21     1    22   0.00000 -1.11661604
  110     2    42   0.00000 1.53136454
  568     9    45   0.00000 0.55447069
 1104    18    68  -0.00000 -0.06196370
 1087    18    51  -0.00000 0.60019681
   23     1    24  -0.00000 -0.66574799
 2419    59    71  -0.00000 -0.81387702
  335     5    66  -0.00000 -0.66940263
  803    13    42  -0.00000 -1.29277580
  541     9    18  -0.00000 2.76962291
 1491    26    67  -0.00000 -2.21389595
 1296    22    58  -0.00000 3.08725304
 1438    25    59  -0.00000 -0.48866910
 2182    46    68  -0.00000 -0.88717319
 2427    60    68  -0.00000 -0.05818668
  363     6    29  -0.00000 -0.92711247
  556     9    33  -0.00000 -1.19212326
 2168    46    54  -0.00000 0.20940704
 2149    45    60  -0.00000 -0.65044595
  979    16    50  -0.00000 -1.00407960
 2280    51    56  -0.00000 -0.55403063
 1039    17    56  -0.00000 0.47805459
 1335    23    49  -0.00000 -1.67768447
 1226    21    37  -0.00000 -1.41230941
 1610    29    57  -0.00000 0.77023267
 1247    21    58  -0.00000 -0.67603929
  351     6    17  -0.00000 0.03689678
 2121    44    58  -0.00000 -1.12137552
  323     5    54  -0.00000 -1.02200005
  610    10    26  -0.00000 -0.94816324
   71     2     3  -0.00001 0.53170388
  117     2    49  -0.00001 0.12486342
  449     7    51  -0.00001 0.89213077
  916    15    42  -0.00001 -0.91302220
 1263    22    25  -0.00001 0.95092645
  586     9    63  -0.00001 0.33748204
 2056    42    48  -0.00001 0.65379132
  220     4    17  -0.00001 -0.60320911
  326     5    57  -0.00001 -0.57379076
 1174    20    35  -0.00001 -1.32992005
 1245    21    56  -0.00001 -1.07681105
 1135    19    47  -0.00001 0.53472637
 1550    28    39  -0.00001 -1.22560027
  931    15    57  -0.00001 0.50159195
  887    14    69  -0.00001 -0.95080004
  833    14    15  -0.00001 1.18695096
   34     1    35  -0.00001 -0.55700170
 2369    56    60  -0.00001 -0.06687076
 2052    42    44  -0.00001 1.70852675
 2016    40    67  -0.00001 -2.49061129
 1553    28    42  -0.00001 -1.32940795
 2294    51    70  -0.00001 -0.92899478
 1826    35    42  -0.00001 -0.64776137
 1654    30    60  -0.00001 -1.39355946
  254     4    51  -0.00001 -1.09395527
  419     7    21  -0.00001 -1.10713382
 1221    21    32  -0.00001 -0.55217051
 1757    33    46  -0.00001 0.83976834
 1462    26    38  -0.00001 -0.52188997
 1623    29    70  -0.00001 -1.13637215
 2289    51    65  -0.00001 -1.19202693
  550     9    27  -0.00001 1.30586444
  288     5    19  -0.00001 -0.70769026
 1143    19    55  -0.00001 -1.06244871
 2279    51    55  -0.00001 0.50223734
 1977    39    59  -0.00001 -1.22574321
  241     4    38  -0.00002 -1.18385428
 1021    17    38  -0.00002 -1.01602886
  664    11    20  -0.00002 -1.05722412
  426     7    28  -0.00002 -1.18417956
 2068    42    60  -0.00002 1.04742032
  339     5    70  -0.00002 -0.93487184
 1842    35    58  -0.00002 -1.61741997
 2237    49    54  -0.00002 0.70544772
  888    14    70  -0.00002 -1.12593480
  291     5    22  -0.00002 -0.43053831
 2028    41    49  -0.00002 -2.44844482
 1004    17    21  -0.00002 -1.26164685
 2176    46    62  -0.00002 -2.05319479
 1155    19    67  -0.00002 -0.22467758
 1816    34    68  -0.00002 -0.57378065
 2332    53    71  -0.00002 0.39269125
 2414    59    66  -0.00002 -0.70915741
  321     5    52  -0.00002 -0.09658137
 2293    51    69  -0.00002 -0.81438325
 1474    26    50  -0.00002 0.36434964
  579     9    56  -0.00002 -1.16430972
  178     3    42  -0.00002 -2.01814668
 2064    42    56  -0.00002 -0.77077543
 1919    37    66  -0.00002 -0.35247698
 1461    26    37  -0.00002 -1.62928068
  434     7    36  -0.00002 0.84917088
    3     1     4  -0.00002 -0.65992801
 1576    28    65  -0.00002 -0.80217224
  320     5    51  -0.00002 1.53261903
  273     4    70  -0.00002 -0.16247823
  537     9    14  -0.00002 -1.06571350
 2247    49    64  -0.00002 -0.35298209
  280     5    11  -0.00002 4.04242972
  581     9    58  -0.00002 -1.19498616
  163     3    27  -0.00002 -1.12631877
 2079    42    71  -0.00002 -1.23422422
  806    13    45  -0.00002 -0.56107716
  501     8    40  -0.00002 -0.98639777
  142     3     6  -0.00002 -0.31649398
 1789    34    41  -0.00003 -1.63588317
 2078    42    70  -0.00003 -0.91197420
 1482    26    58  -0.00003 -0.52733339
   53     1    54  -0.00003 -0.42184732
 2417    59    69  -0.00003 -0.27598044
  659    11    15  -0.00003 -1.06809754
  552     9    29  -0.00003 -0.49685011
 1217    21    28  -0.00003 2.54194120
 1937    38    51  -0.00003 -1.62057891
 2006    40    57  -0.00003 -0.27327668
  489     8    28  -0.00003 0.59557602
 2133    44    70  -0.00003 -1.26023149
 1886    36    67  -0.00003 -1.28176484
  176     3    40  -0.00003 -2.45499688
  309     5    40  -0.00003 -1.95570777
 1562    28    51  -0.00003 -1.52287850
  370     6    36  -0.00003 -0.72703269
 1454    26    30  -0.00003 -0.23276139
 2075    42    67  -0.00003 -1.74072210
  761    12    58  -0.00003 -1.26097072
  676    11    32  -0.00003 -0.83343906
 2285    51    61  -0.00003 -0.29889960
 2242    49    59  -0.00003 -1.34537398
  317     5    48  -0.00003 0.02321282
 1794    34    46  -0.00003 -1.43882264
  611    10    27  -0.00003 -0.47365608
  138     2    70  -0.00003 -0.74893258
 2351    55    57  -0.00003 -0.65053188
  244     4    41  -0.00003 -1.24088866
 2482    68    71  -0.00003 -1.00906698
 2106    43    70  -0.00003 0.07021809
 1803    34    55  -0.00003 -1.25581897
  834    14    16  -0.00003 5.78101907
  592     9    69  -0.00003 -0.74509590
  869    14    51  -0.00003 -0.27810855
 2329    53    68  -0.00003 -1.38731615
 1790    34    42  -0.00003 -0.80804603
  844    14    26  -0.00003 -0.63432700
 2067    42    59  -0.00003 -1.12113731
 2333    54    55  -0.00003 0.92689709
  999    16    70  -0.00003 -0.37593756
 1444    25    65  -0.00003 -1.16853491
 1896    37    43  -0.00003 -1.02705895
  402     6    68  -0.00003 -0.89375392
  935    15    61  -0.00003 -0.06320594
 1913    37    60  -0.00003 -0.75545784
 1511    27    43  -0.00004 -1.02360955
 2032    41    53  -0.00004 -1.46209690
  758    12    55  -0.00004 -1.40024686
  329     5    60  -0.00004 -1.17308980
 1437    25    58  -0.00004 -1.45500528
 1719    32    46  -0.00004 -1.41023323
   50     1    51  -0.00004 -0.85861372
 2065    42    57  -0.00004 0.89632802
 2228    48    67  -0.00004 -1.80886108
  809    13    48  -0.00004 0.50466478
 2437    61    68  -0.00004 0.09760535
  109     2    41  -0.00004 -0.99807120
  453     7    55  -0.00004 -1.44236561
  711    11    67  -0.00004 -1.02116788
 1987    39    69  -0.00004 -0.46559239
  148     3    12  -0.00004 -0.93096921
 1177    20    38  -0.00004 -1.17903904
 2362    55    68  -0.00004 -0.74226453
  929    15    55  -0.00004 -0.92609947
 1194    20    55  -0.00004 -0.65728452
 2240    49    57  -0.00004 -0.98579635
 1422    25    43  -0.00004 -1.46435912
  251     4    48  -0.00004 -0.94281678
    4     1     5  -0.00004 -0.10287858
    6     1     7  -0.00004 -0.88542091
 2345    54    67  -0.00004 -1.18339110
 1227    21    38  -0.00004 -0.48914156
 1569    28    58  -0.00004 -1.76015805
 2229    48    68  -0.00004 -1.14791143
 1231    21    42  -0.00004 -1.09446275
  963    16    34  -0.00005 -0.74134999
 2096    43    60  -0.00005 -1.48117478
 1806    34    58  -0.00005 -1.81897852
  362     6    28  -0.00005 -0.19291918
 1618    29    65  -0.00005 -1.15957845
 2061    42    53  -0.00005 -0.88322952
  584     9    61  -0.00005 -0.81754366
 1054    17    71  -0.00005 -1.66452839
 1596    29    43  -0.00005 -1.33062417
 1233    21    44  -0.00005 0.10208737
  930    15    56  -0.00005 -0.04332609
 1379    24    46  -0.00005 -1.71919837
  102     2    34  -0.00005 -0.68634948
   47     1    48  -0.00005 0.09192130
 1476    26    52  -0.00005 2.04583637
  630    10    46  -0.00005 0.62193414
 1608    29    55  -0.00005 -0.94191720
 2426    60    67  -0.00005 -1.24538471
 1701    31    67  -0.00005 -0.93019141
  366     6    32  -0.00005 -1.16732897
   28     1    29  -0.00005 -0.26097025
  912    15    38  -0.00005 0.51454609
 1082    18    46  -0.00005 0.24539206
 1619    29    66  -0.00005 -0.27970037
 1877    36    58  -0.00005 -1.58696941
 1425    25    46  -0.00005 0.56437311
 1057    18    21  -0.00005 -0.12788679
 1978    39    60  -0.00005 -1.45629374
 1085    18    49  -0.00005 -1.00060664
 1865    36    46  -0.00005 -1.92592881
  530     8    69  -0.00005 0.20291020
  957    16    28  -0.00005 0.14208087
  719    12    16  -0.00005 -0.11345066
 1578    28    67  -0.00005 -1.12550904
 1260    21    71  -0.00005 -0.72261218
  829    13    68  -0.00005 -1.50438780
 1254    21    65  -0.00005 0.08823404
 2172    46    58  -0.00005 0.43286525
  374     6    40  -0.00005 -2.49193468
 2262    50    58  -0.00005 6.19634362
  948    16    19  -0.00005 0.04625962
  808    13    47  -0.00005 -0.87647057
 1529    27    61  -0.00006 -0.62987062
 2438    61    69  -0.00006 -0.28928547
  185     3    49  -0.00006 0.85162852
 2177    46    63  -0.00006 -1.47236047
 1791    34    43  -0.00006 -0.96040757
  108     2    40  -0.00006 -1.25132536
 2033    41    54  -0.00006 -1.11246330
  559     9    36  -0.00006 0.27430576
 1158    19    70  -0.00006 -0.48671482
 1284    22    46  -0.00006 -0.62158044
 1675    31    41  -0.00006 -1.41731253
 1478    26    54  -0.00006 -1.44186353
  354     6    20  -0.00006 -1.09276793
  908    15    34  -0.00006 -0.70443634
 1908    37    55  -0.00006 -0.80890881
  578     9    55  -0.00006 -0.38634641
  652    10    68  -0.00006 -0.26512849
  186     3    50  -0.00006 -1.80177054
  971    16    42  -0.00006 -1.00440154
  443     7    45  -0.00006 -1.00966320
  165     3    29  -0.00006 1.12808102
 1760    33    49  -0.00006 -1.03946324
 1435    25    56  -0.00006 -0.61164296
 1243    21    54  -0.00006 0.55865528
  409     7    11  -0.00006 -0.67977039
 2173    46    59  -0.00006 -1.35681105
  306     5    37  -0.00006 -0.91089896
  994    16    65  -0.00006 -0.57560608
  704    11    60  -0.00006 -1.11128236
 1824    35    40  -0.00006 8.17818342
  114     2    46  -0.00006 -0.73644115
  214     4    11  -0.00006 0.66133199
 1286    22    48  -0.00006 -1.66114132
  974    16    45  -0.00006 -1.05419543
 1577    28    66  -0.00006 -0.78209015
 1935    38    49  -0.00006 -0.94991141
  215     4    12  -0.00006 0.10244322
  724    12    21  -0.00006 -0.77729664
  968    16    39  -0.00006 -0.89642656
 1300    22    62  -0.00006 -0.40811223
  387     6    53  -0.00006 -0.36342086
  816    13    55  -0.00006 -0.88656490
 2361    55    67  -0.00006 -1.43026922
 2349    54    71  -0.00006 -1.20465418
  375     6    41  -0.00006 -1.18160554
 2288    51    64  -0.00007 -1.77262820
 1038    17    55  -0.00007 -0.76438120
  750    12    47  -0.00007 -1.24983552
  995    16    66  -0.00007 0.25363222
 2101    43    65  -0.00007 -0.53580781
 1129    19    41  -0.00007 -0.85711746
  985    16    56  -0.00007 -0.05037311
  525     8    64  -0.00007 -0.91939248
  699    11    55  -0.00007 -0.75014816
 2338    54    60  -0.00007 1.27305398
  198     3    62  -0.00007 3.30879985
 1122    19    34  -0.00007 -0.83580975
 2118    44    55  -0.00007 -0.90061509
  137     2    69  -0.00007 0.54571202
  940    15    66  -0.00007 -1.18203264
 1017    17    34  -0.00007 -1.10396591
 1218    21    29  -0.00007 -1.19898967
 1993    40    44  -0.00007 0.49036127
 2092    43    56  -0.00007 0.45246462
 1186    20    47  -0.00007 -0.04175928
 1680    31    46  -0.00007 -1.56666469
 1589    29    36  -0.00007 -0.59651005
 2283    51    59  -0.00007 -1.37930698
  606    10    22  -0.00007 -1.08672707
 1213    21    24  -0.00007 0.59174387
  343     6     9  -0.00007 -0.44391151
 1481    26    57  -0.00007 -1.31933972
  988    16    59  -0.00007 0.01710825
  557     9    34  -0.00007 -0.90394542
  594     9    71  -0.00007 -1.77419066
 1423    25    44  -0.00007 -1.29361821
 1862    36    43  -0.00007 -0.10185274
  981    16    52  -0.00007 -1.47572866
  290     5    21  -0.00007 -0.97057227
  388     6    54  -0.00007 -0.94895949
 1884    36    65  -0.00008 -1.43194216
   83     2    15  -0.00008 -0.37542133
  698    11    54  -0.00008 -0.73489584
  488     8    27  -0.00008 0.14062705
 1287    22    49  -0.00008 2.69404813
 1223    21    34  -0.00008 -1.04374944
  452     7    54  -0.00008 -1.37075613
 1567    28    56  -0.00008 -0.59034578
 2102    43    66  -0.00008 -1.03292049
  302     5    33  -0.00008 -1.33560574
  211     4     8  -0.00008 -1.18786109
 1257    21    68  -0.00008 -1.31294492
  560     9    37  -0.00008 -0.83569403
  325     5    56  -0.00008 -0.84575140
 1134    19    46  -0.00008 -0.78713055
 1005    17    22  -0.00008 -1.36296289
 1918    37    65  -0.00008 -0.96178235
 1722    32    49  -0.00008 -1.58856290
 1838    35    54  -0.00008 -1.04929219
  182     3    46  -0.00008 -0.94143266
 1883    36    64  -0.00008 -0.80585592
 2483    69    70  -0.00008 0.77519485
  583     9    60  -0.00008 -1.01058212
  260     4    57  -0.00008 -0.58111328
  410     7    12  -0.00008 -0.69444526
  512     8    51  -0.00008 0.44063755
  687    11    43  -0.00008 -1.26105441
  598    10    14  -0.00008 -0.40419297
 1743    32    70  -0.00008 1.01554347
  305     5    36  -0.00008 -1.41040821
  553     9    30  -0.00008 -1.15445553
 1225    21    36  -0.00008 -1.28016537
 1674    31    40  -0.00009 -1.52696727
 1032    17    49  -0.00009 -1.11398499
 1551    28    40  -0.00009 -2.11381180
  303     5    34  -0.00009 -0.84070014
  964    16    35  -0.00009 -1.17106234
 1357    23    71  -0.00009 0.07682504
 1622    29    69  -0.00009 -1.26567481
  565     9    42  -0.00009 -0.88398304
  510     8    49  -0.00009 -1.33834089
  622    10    38  -0.00009 -0.97543313
 1601    29    48  -0.00009 -1.24083761
 1124    19    36  -0.00009 -1.09242966
 1866    36    47  -0.00009 -1.19635740
  247     4    44  -0.00009 0.75388099
  561     9    38  -0.00009 -0.21938602
 1376    24    43  -0.00009 -1.58571193
  191     3    55  -0.00009 -2.04687737
 2093    43    57  -0.00009 -1.03208919
 1833    35    49  -0.00009 -0.16776721
 1817    34    69  -0.00009 0.65945980
  384     6    50  -0.00009 -0.66899035
 2278    51    54  -0.00009 -0.95376235
 1560    28    49  -0.00009 -1.69842047
  535     9    12  -0.00009 -0.63032948
  540     9    17  -0.00009 -1.09354484
 1267    22    29  -0.00009 0.44215736
 1924    37    71  -0.00009 -0.91944759
 1839    35    55  -0.00009 -0.46264003
 1130    19    42  -0.00009 -0.86114559
 2144    45    55  -0.00009 -0.58875865
 1485    26    61  -0.00009 -1.38465736
 1556    28    45  -0.00009 -0.49452977
  693    11    49  -0.00009 -0.90590003
  353     6    19  -0.00009 -0.96142935
  923    15    49  -0.00009 -1.70629622
  967    16    38  -0.00009 -0.83780505
 1745    33    34  -0.00009 6.01606348
 2171    46    57  -0.00009 -1.42680700
  425     7    27  -0.00009 -1.32440286
 1165    20    26  -0.00009 -1.58742323
 2330    53    69  -0.00010 -1.06465037
  358     6    24  -0.00010 0.16907321
  359     6    25  -0.00010 -0.09346837
  285     5    16  -0.00010 -0.98044857
  986    16    57  -0.00010 -0.87856371
 1895    37    42  -0.00010 -1.69623878
 2277    51    53  -0.00010 -0.42749503
  989    16    60  -0.00010 2.64073856
  928    15    54  -0.00010 -0.96468550
   58     1    59  -0.00010 -0.92350493
 1969    39    51  -0.00010 -1.40741036
 1460    26    36  -0.00010 -2.16124779
 1559    28    48  -0.00010 -1.35631215
  821    13    60  -0.00010 -1.13012037
   35     1    36  -0.00010 -1.59701608
 1888    36    69  -0.00010 -1.71752679
 1303    22    65  -0.00010 -0.07127297
 1585    29    32  -0.00010 1.23737489
  417     7    19  -0.00010 -0.64293998
 1328    23    42  -0.00010 -1.55334405
 1266    22    28  -0.00010 -0.96749295
 1214    21    25  -0.00010 0.04361218
 2408    59    60  -0.00010 2.03523468
 1728    32    55  -0.00010 -0.84565114
 2464    64    71  -0.00010 -1.05176780
  752    12    49  -0.00010 -0.91002198
 1999    40    50  -0.00011 -1.98181642
 1779    33    68  -0.00011 -1.46782263
  213     4    10  -0.00011 0.53456732
  788    13    27  -0.00011 -0.67688509
 1830    35    46  -0.00011 -1.52163799
 1617    29    64  -0.00011 -0.08168459
  237     4    34  -0.00011 -0.97485451
  356     6    22  -0.00011 0.46167781
 1829    35    45  -0.00011 -0.32395609
 2003    40    54  -0.00011 -2.35451466
 1587    29    34  -0.00011 -0.66845233
  729    12    26  -0.00011 -1.04361659
  588     9    65  -0.00011 -0.11936717
 2359    55    65  -0.00011 3.42393185
  150     3    14  -0.00011 -1.28445512
 1783    34    35  -0.00011 1.16706053
 1873    36    54  -0.00011 -0.64247341
 1557    28    46  -0.00011 -1.42496450
  210     4     7  -0.00011 1.08944378
 1868    36    49  -0.00011 -0.49553253
 1549    28    38  -0.00011 -0.33893408
   90     2    22  -0.00011 -0.52579636
 2184    46    70  -0.00011 -1.25678184
  519     8    58  -0.00011 -1.27854801
 2472    66    68  -0.00011 3.99451508
 1751    33    40  -0.00011 -1.60457012
 1827    35    43  -0.00011 -0.14697448
 1103    18    67  -0.00011 -0.71720877
  257     4    54  -0.00011 -0.18131014
 1228    21    39  -0.00011 -0.10221735
  459     7    61  -0.00011 -0.94304107
  480     8    19  -0.00011 -0.73346494
 1637    30    43  -0.00011 -1.40319182
  250     4    47  -0.00011 -0.91462500
 1546    28    35  -0.00011 0.27375385
  885    14    67  -0.00011 -0.52711492
 1400    24    67  -0.00011 -1.39926581
  502     8    41  -0.00011 -1.88926133
 2112    44    49  -0.00011 -0.27953547
 1252    21    63  -0.00011 -0.46632196
  516     8    55  -0.00012 -1.70129863
  960    16    31  -0.00012 -0.43783518
 2169    46    55  -0.00012 -0.47561763
  517     8    56  -0.00012 -0.48945547
 1446    25    67  -0.00012 -1.67291215
  569     9    46  -0.00012 -1.27762679
 1160    20    21  -0.00012 3.04403072
 1272    22    34  -0.00012 -0.61280055
 2055    42    47  -0.00012 -1.03244450
  395     6    61  -0.00012 -1.33598029
 1613    29    60  -0.00012 1.23133104
 1855    35    71  -0.00012 -0.86740127
 1171    20    32  -0.00012 -1.27327345
 1123    19    35  -0.00012 0.67317635
 2245    49    62  -0.00012 -0.20825622
  319     5    50  -0.00012 -0.81091743
  278     5     9  -0.00012 -0.72539654
  293     5    24  -0.00012 -1.30434083
  294     5    25  -0.00012 -1.43810651
  533     9    10  -0.00012 0.75530565
  686    11    42  -0.00012 -0.23606541
 2193    47    55  -0.00012 0.01161400
   74     2     6  -0.00012 -0.25849931
  642    10    58  -0.00012 -1.93903725
  399     6    65  -0.00012 1.79002919
  962    16    33  -0.00012 -1.07528319
   66     1    67  -0.00012 -1.40341034
  965    16    36  -0.00012 -0.45183540
 1592    29    39  -0.00012 -0.25175646
 1355    23    69  -0.00012 -0.45838726
 2009    40    60  -0.00012 -1.81065151
 1685    31    51  -0.00012 1.28484469
 1283    22    45  -0.00012 -1.25438916
 1547    28    36  -0.00012 -1.18580437
   49     1    50  -0.00012 -0.30111112
  192     3    56  -0.00012 -0.59090788
  314     5    45  -0.00012 -1.29742220
  903    15    29  -0.00012 -1.17523257
  800    13    39  -0.00012 -1.20406269
 1234    21    45  -0.00013 -0.05554553
 1946    38    60  -0.00013 -0.40870024
 1599    29    46  -0.00013 -1.38058887
 1851    35    67  -0.00013 -0.32289556
  599    10    15  -0.00013 -0.79675345
  225     4    22  -0.00013 1.64065080
 1181    20    42  -0.00013 -0.35660158
 1049    17    66  -0.00013 -1.46310889
 1802    34    54  -0.00013 0.83127861
 2352    55    58  -0.00013 2.09574854
  190     3    54  -0.00013 -1.28170175
  297     5    28  -0.00013 -0.79874480
  476     8    15  -0.00013 -0.31405846
  922    15    48  -0.00013 0.67671991
 1602    29    49  -0.00013 1.76210351
 1504    27    36  -0.00013 0.18662421
 1224    21    35  -0.00013 -0.62644788
 1591    29    38  -0.00013 0.23852502
  221     4    18  -0.00013 -0.17207543
  300     5    31  -0.00013 -0.84870461
  292     5    23  -0.00013 0.35512302
 1516    27    48  -0.00013 -1.38774267
  378     6    44  -0.00013 -0.33077818
 1899    37    46  -0.00013 -1.53941443
 1812    34    64  -0.00013 0.33790054
  554     9    31  -0.00013 -0.12635058
  538     9    15  -0.00013 -0.16608290
  958    16    29  -0.00013 -0.52847565
  405     6    71  -0.00013 0.33207979
  944    15    70  -0.00013 -0.79897585
  507     8    46  -0.00013 -0.52402964
 1219    21    30  -0.00013 -1.22859989
  259     4    56  -0.00013 -1.09079683
  913    15    39  -0.00013 -0.82060376
 2011    40    62  -0.00013 -1.86214539
 1624    29    71  -0.00013 -0.72408378
 1813    34    65  -0.00013 -0.58816708
 1952    38    66  -0.00013 -1.23784588
 1797    34    49  -0.00013 -1.64749324
 2343    54    65  -0.00013 -1.06061545
  199     3    63  -0.00014 3.64613867
 2119    44    56  -0.00014 -0.63808233
 1235    21    46  -0.00014 -1.22728221
   41     1    42  -0.00014 -1.25752174
 2457    63    71  -0.00014 -0.46931205
  263     4    60  -0.00014 0.47839861
 1137    19    49  -0.00014 0.83454069
 2174    46    60  -0.00014 -1.61319211
  458     7    60  -0.00014 -1.75601681
 1635    30    41  -0.00014 -1.20956895
 2357    55    63  -0.00014 -1.01385455
  591     9    68  -0.00014 -0.88027450
  394     6    60  -0.00014 -1.71922542
  337     5    68  -0.00014 0.08135586
  589     9    66  -0.00014 0.37119666
  128     2    60  -0.00014 -0.38513550
  255     4    52  -0.00014 -1.28719096
 2040    41    61  -0.00014 0.51730890
 2167    46    53  -0.00014 -1.43619937
  633    10    49  -0.00014 0.85636009
 1072    18    36  -0.00014 1.52556419
 1062    18    26  -0.00014 -1.05079213
  125     2    57  -0.00014 0.22165029
   43     1    44  -0.00014 -1.60482525
 1788    34    40  -0.00014 6.13364602
   79     2    11  -0.00014 -0.82208788
 1040    17    57  -0.00015 1.40416156
 1841    35    57  -0.00015 -0.33642168
 1136    19    48  -0.00015 -1.04514023
  688    11    44  -0.00015 -1.36416441
 2468    65    69  -0.00015 -0.32721715
 1107    18    71  -0.00015 -1.47905885
 1807    34    59  -0.00015 -0.09042277
 1308    22    70  -0.00015 -0.28557146
  238     4    35  -0.00015 0.00322874
 1922    37    69  -0.00015 -0.32731022
  134     2    66  -0.00015 -0.21222700
 1023    17    40  -0.00015 -0.93358837
 1636    30    42  -0.00015 0.25114847
 2363    55    69  -0.00015 -1.61807950
  914    15    40  -0.00015 -1.42321916
 1494    26    70  -0.00015 -0.70158232
  124     2    56  -0.00015 -0.04789525
  105     2    37  -0.00015 -0.48821696
  977    16    48  -0.00015 -0.36639510
  955    16    26  -0.00015 0.45634957
  508     8    47  -0.00015 -1.19304388
 2145    45    56  -0.00015 -0.56904489
  173     3    37  -0.00015 -1.52719202
  907    15    33  -0.00015 -1.00238383
  790    13    29  -0.00015 -1.14791703
  158     3    22  -0.00015 -0.59655974
  857    14    39  -0.00015 -0.78221633
 2226    48    65  -0.00015 -1.10952031
  268     4    65  -0.00015 -0.39154979
  771    12    68  -0.00015 -1.18014747
 1244    21    55  -0.00015 1.13811571
 2447    62    69  -0.00015 -1.23397832
 1876    36    57  -0.00015 -0.37378462
  141     3     5  -0.00015 1.56088591
  549     9    26  -0.00016 -1.45488171
 2014    40    65  -0.00016 -1.36486226
  890    15    16  -0.00016 3.57595729
 1256    21    67  -0.00016 -1.16695732
 2170    46    56  -0.00016 0.41467802
  609    10    25  -0.00016 -0.82720243
  612    10    28  -0.00016 -1.34108703
 1479    26    55  -0.00016 -0.97302531
  155     3    19  -0.00016 -1.17637962
  222     4    19  -0.00016 0.57696474
  223     4    20  -0.00016 -1.30109031
   45     1    46  -0.00016 -0.97483330
  229     4    26  -0.00016 0.33963053
 1109    19    21  -0.00016 1.61981453
  172     3    36  -0.00016 -0.92744193
  174     3    38  -0.00016 -0.50106152
 1022    17    39  -0.00016 -2.04535055
 2402    58    66  -0.00016 -0.23205404
  873    14    55  -0.00016 0.05061835
 1507    27    39  -0.00016 -1.47323623
   95     2    27  -0.00016 -0.39215530
 1070    18    34  -0.00016 0.20371753
 1640    30    46  -0.00016 0.05827922
 1238    21    49  -0.00016 0.34942470
  839    14    21  -0.00016 0.13600005
 1844    35    60  -0.00016 0.03649322
  919    15    45  -0.00016 -1.05094678
 1926    38    40  -0.00016 0.08577209
 1439    25    60  -0.00016 -1.06436285
  669    11    25  -0.00016 -0.44199690
 2467    65    68  -0.00016 0.46976295
 1253    21    64  -0.00016 -0.49539731
 1994    40    45  -0.00016 -2.21929989
 1661    30    67  -0.00016 -0.66819204
  340     5    71  -0.00016 -0.23609602
 1874    36    55  -0.00016 -0.88142684
  661    11    17  -0.00016 -1.06471785
 2159    45    70  -0.00016 -0.44598536
  168     3    32  -0.00016 -1.77648412
  997    16    68  -0.00016 -0.84902495
 1792    34    44  -0.00016 -0.00937272
 2164    46    50  -0.00016 -1.44585046
 1157    19    69  -0.00016 -0.88507713
 1288    22    50  -0.00017 -0.96998085
 1455    26    31  -0.00017 -1.45374100
  819    13    58  -0.00017 0.82210574
 1798    34    50  -0.00017 -0.98440161
  692    11    48  -0.00017 -1.64067220
 2367    56    58  -0.00017 2.05870447
  867    14    49  -0.00017 0.14692993
 2097    43    61  -0.00017 -0.63239881
  227     4    24  -0.00017 -1.05148368
 1251    21    62  -0.00017 0.45199859
 2216    48    55  -0.00017 -0.70168438
 1206    20    67  -0.00017 0.17704667
  551     9    28  -0.00017 -1.05279255
  990    16    61  -0.00017 -1.11863437
  613    10    29  -0.00017 -0.47842806
  103     2    35  -0.00017 -0.41789007
  313     5    44  -0.00017 -1.46742014
  786    13    25  -0.00017 -1.06943043
 2013    40    64  -0.00017 0.33449130
 2002    40    53  -0.00017 -0.84342828
 1765    33    54  -0.00017 -0.60224576
  126     2    58  -0.00017 -0.16227036
  815    13    54  -0.00017 -0.94576345
 2379    56    70  -0.00017 -0.49360527
 1421    25    42  -0.00017 1.09325999
 1997    40    48  -0.00017 -0.59315630
 2007    40    58  -0.00017 1.08916435
  924    15    50  -0.00017 -1.37656430
 1707    32    34  -0.00017 -0.22747725
  625    10    41  -0.00017 -0.93844709
 2342    54    64  -0.00017 -0.89370706
  952    16    23  -0.00017 -0.86084067
 1545    28    34  -0.00017 -0.76938695
 1689    31    55  -0.00017 -0.56547766
  475     8    14  -0.00017 -0.13251147
  666    11    22  -0.00017 -0.51321594
 1843    35    59  -0.00017 -0.89450760
 1944    38    58  -0.00017 -1.02918261
 1153    19    65  -0.00017 -0.68026932
  106     2    38  -0.00017 -0.12620299
  672    11    28  -0.00018 -0.90425666
  807    13    46  -0.00018 -0.91686281
  620    10    36  -0.00018 -0.25177045
  572     9    49  -0.00018 -0.44330120
  805    13    44  -0.00018 -0.27203856
   97     2    29  -0.00018 0.14497467
  521     8    60  -0.00018 -1.93804400
  474     8    13  -0.00018 -0.41083783
  770    12    67  -0.00018 -0.56726759
 1274    22    36  -0.00018 -0.37040723
 2043    41    64  -0.00018 -0.79129761
 1524    27    56  -0.00018 -0.54001344
 1694    31    60  -0.00018 -0.36079103
 1173    20    34  -0.00018 0.07764010
  925    15    51  -0.00018 -0.11442892
 2031    41    52  -0.00018 -1.31000631
  651    10    67  -0.00018 0.56134391
 1497    27    29  -0.00018 -1.27653420
 2123    44    60  -0.00018 2.70977833
  682    11    38  -0.00018 -1.34201124
 1840    35    56  -0.00018 -0.49945946
 1146    19    58  -0.00018 -0.57088871
 1821    35    37  -0.00018 -0.27341697
  281     5    12  -0.00018 -0.55580152
  143     3     7  -0.00018 -0.64224462
  248     4    45  -0.00018 -0.98852876
  256     4    53  -0.00018 -1.16552451
  236     4    33  -0.00018 -0.13601329
  909    15    35  -0.00018 -0.80781631
 1027    17    44  -0.00018 -1.20574440
 1620    29    67  -0.00019 -1.65344169
  464     7    66  -0.00019 -0.59083129
 1121    19    33  -0.00019 -0.75508023
 2110    44    47  -0.00019 3.87199243
 1780    33    69  -0.00019 -1.05445686
 1565    28    54  -0.00019 -0.57262380
  876    14    58  -0.00019 -1.23778203
 1065    18    29  -0.00019 -0.89635374
 1166    20    27  -0.00019 -0.00206020
 2179    46    65  -0.00019 -1.23865024
  749    12    46  -0.00019 0.95484396
  265     4    62  -0.00019 -1.47454846
   93     2    25  -0.00019 0.95877184
  797    13    36  -0.00019 0.00861656
  504     8    43  -0.00019 -1.81320814
 1484    26    60  -0.00019 -1.67176188
 2373    56    64  -0.00019 -0.99309923
  893    15    19  -0.00019 -0.23897827
 1024    17    41  -0.00019 -1.60919712
  203     3    67  -0.00019 -1.85148586
 1332    23    46  -0.00019 0.62114224
 1127    19    39  -0.00019 -0.87688409
 2034    41    55  -0.00019 -1.09757005
  978    16    49  -0.00019 -1.43613062
 1499    27    31  -0.00019 -0.02955363
  933    15    59  -0.00019 -0.83695380
 1584    29    31  -0.00019 0.67676977
  331     5    62  -0.00019 -1.14728331
 1834    35    50  -0.00019 -1.31972385
 2272    50    68  -0.00020 -1.64795977
 1878    36    59  -0.00020 -1.04630023
 1809    34    61  -0.00020 0.10204450
 2217    48    56  -0.00020 -0.81147766
  961    16    32  -0.00020 0.13771198
  575     9    52  -0.00020 0.60292206
  218     4    15  -0.00020 0.56524151
  975    16    46  -0.00020 -1.50998025
  683    11    39  -0.00020 0.69193567
 2220    48    59  -0.00020 -0.71939636
 2253    49    70  -0.00020 -1.36472282
 2166    46    52  -0.00020 -1.13551810
 1403    24    70  -0.00020 -0.50495767
 1132    19    44  -0.00020 -0.69800432
 1850    35    66  -0.00020 -0.23691395
 1034    17    51  -0.00020 -0.36938972
 2350    55    56  -0.00020 1.53127195
 1731    32    58  -0.00020 -0.27260617
 1248    21    59  -0.00020 -0.75782187
   76     2     8  -0.00021 -0.61074747
  243     4    40  -0.00021 -1.68302209
  246     4    43  -0.00021 -1.10073096
 2203    47    65  -0.00021 -0.63180365
  514     8    53  -0.00021 -1.05380942
  861    14    43  -0.00021 -0.91497659
  113     2    45  -0.00021 -0.50744924
   11     1    12  -0.00021 -0.12868944
 1786    34    38  -0.00021 -0.04700878
 1091    18    55  -0.00021 0.34279195
 1520    27    52  -0.00021 2.99579988
  217     4    14  -0.00021 0.66421993
  697    11    53  -0.00021 -1.28817219
 1512    27    44  -0.00021 -0.01590584
 1188    20    49  -0.00021 -2.05398762
 1016    17    33  -0.00021 -2.14999139
 1190    20    51  -0.00021 -0.82260007
  483     8    22  -0.00021 -1.51384631
 1354    23    68  -0.00021 -0.55123131
   81     2    13  -0.00021 -0.22623318
 1415    25    36  -0.00021 -1.40441440
  655    10    71  -0.00021 1.76586220
 1184    20    45  -0.00022 0.69861014
 2255    50    51  -0.00022 2.45872446
  996    16    67  -0.00022 -0.86564153
 1459    26    35  -0.00022 -1.63942830
 1526    27    58  -0.00022 -0.99013570
  694    11    50  -0.00022 -0.86893274
 1828    35    44  -0.00022 -1.37475333
 1168    20    29  -0.00022 -0.24845010
  139     2    71  -0.00022 -0.94884327
  673    11    29  -0.00022 -0.93210766
 1304    22    66  -0.00022 -0.40234212
  852    14    34  -0.00022 -0.49993564
 1800    34    52  -0.00022 -0.42515581
 2108    44    45  -0.00022 4.70173313
 1544    28    33  -0.00022 -0.29854269
 2460    64    67  -0.00022 0.57721643
 1893    37    40  -0.00022 2.94826987
 1071    18    35  -0.00022 0.45076010
 2364    55    70  -0.00022 -1.35026771
 1518    27    50  -0.00022 -0.21555564
  262     4    59  -0.00022 0.42790099
  349     6    15  -0.00022 -0.73112105
 1185    20    46  -0.00022 -2.37584199
  180     3    44  -0.00022 -0.47220938
 1676    31    42  -0.00022 -1.16752243
  226     4    23  -0.00023 -1.32079854
 2039    41    60  -0.00023 -1.86065553
 1555    28    44  -0.00023 -0.93139894
 1822    35    38  -0.00023 -0.58606682
 1525    27    57  -0.00023 -0.03506080
  264     4    61  -0.00023 -0.62274727
 2045    41    66  -0.00023 -1.38754671
  847    14    29  -0.00023 -0.05297589
 1456    26    32  -0.00023 -1.97893639
 1382    24    49  -0.00023 0.56011216
 2023    41    44  -0.00023 0.15600329
  701    11    57  -0.00023 -0.71445957
  795    13    34  -0.00023 0.73730959
 1424    25    45  -0.00023 -1.30311931
 1145    19    57  -0.00023 -0.35858241
 1771    33    60  -0.00023 -1.72991695
  966    16    37  -0.00023 -0.28233300
 2436    61    67  -0.00023 0.01939226
 1598    29    45  -0.00023 -1.21233676
  993    16    64  -0.00023 -0.10543493
  640    10    56  -0.00023 -0.43180708
 1579    28    68  -0.00023 -0.08099792
  680    11    36  -0.00023 -1.23375664
 1996    40    47  -0.00023 -1.57655464
 1921    37    68  -0.00023 0.27121336
 1250    21    61  -0.00023 0.05136045
  520     8    59  -0.00024 0.88826538
  745    12    42  -0.00024 -0.07113959
 1018    17    35  -0.00024 -1.14044073
 1764    33    53  -0.00024 -0.91312128
  905    15    31  -0.00024 0.79703663
   33     1    34  -0.00024 -1.02908006
  371     6    37  -0.00024 -0.65744924
  235     4    32  -0.00024 0.12803579
 1277    22    39  -0.00024 -0.94817098
 1778    33    67  -0.00024 -1.36807558
  859    14    41  -0.00024 -1.17695891
 1663    30    69  -0.00024 -0.50704654
  242     4    39  -0.00024 -1.79731007
   65     1    66  -0.00024 0.90688866
  279     5    10  -0.00024 1.86216525
 1665    30    71  -0.00024 -0.34413820
  644    10    60  -0.00024 -1.49127202
 1982    39    64  -0.00024 -0.55485919
 1270    22    32  -0.00024 -1.27128572
  133     2    65  -0.00024 -0.12506754
   27     1    28  -0.00024 1.97162931
  949    16    20  -0.00024 2.54469918
 1945    38    59  -0.00024 -0.99320047
 2303    52    60  -0.00024 -1.17399547
  763    12    60  -0.00024 1.77208236
 1859    36    40  -0.00024 9.81144727
  853    14    35  -0.00024 -0.81963144
 2474    66    70  -0.00024 -0.86138171
  947    16    18  -0.00024 0.19838914
 1428    25    49  -0.00024 -0.53797049
  862    14    44  -0.00024 -1.43114383
   37     1    38  -0.00024 -0.29934037
  866    14    48  -0.00024 -1.09392051
  883    14    65  -0.00024 -0.45970998
  526     8    65  -0.00024 -1.55406106
 1294    22    56  -0.00024 -0.38957012
 2178    46    64  -0.00024 -1.59512625
 1741    32    68  -0.00024 -1.82079899
 1025    17    42  -0.00024 -1.42967478
 1410    25    31  -0.00025 -0.43325397
 1094    18    58  -0.00025 -1.29651986
 1359    24    26  -0.00025 -1.31014572
  818    13    57  -0.00025 -0.52275123
  267     4    64  -0.00025 -1.01634982
 2024    41    45  -0.00025 -1.06718873
  171     3    35  -0.00025 -0.77530186
 2382    57    59  -0.00025 0.06057825
 1609    29    56  -0.00025 -1.24322328
  481     8    20  -0.00025 0.12640364
  361     6    27  -0.00025 -0.59003599
 1393    24    60  -0.00025 -1.54494122
  776    13    15  -0.00025 1.69676309
 1974    39    56  -0.00025 -0.77665755
  690    11    46  -0.00025 -0.02614945
 1920    37    67  -0.00025 -1.51975933
 1375    24    42  -0.00025 -1.58172008
  783    13    22  -0.00025 -0.34800398
  918    15    44  -0.00025 -0.63501154
 1819    34    71  -0.00025 -1.14626964
 1418    25    39  -0.00026 -1.14418666
   88     2    20  -0.00026 -0.49417349
 1502    27    34  -0.00026 0.46531073
 2001    40    52  -0.00026 -0.54177621
  774    12    71  -0.00026 2.01001834
  120     2    52  -0.00026 -1.12276590
  253     4    50  -0.00026 0.17559401
  650    10    66  -0.00026 -0.74382962
 2122    44    59  -0.00026 -0.26800655
  304     5    35  -0.00026 -0.79745739
  731    12    28  -0.00026 -0.61493469
  856    14    38  -0.00026 -0.89417934
 1875    36    56  -0.00026 -0.81411325
 1273    22    35  -0.00026 -1.09567555
 1729    32    56  -0.00026 -0.77751180
  298     5    29  -0.00026 0.01246459
 1971    39    53  -0.00026 -1.49946675
 1280    22    42  -0.00026 3.79872246
 1126    19    38  -0.00026 0.67104059
  863    14    45  -0.00026 -0.88243139
  216     4    13  -0.00026 -0.39025054
 2069    42    61  -0.00026 -1.32906112
 2086    43    50  -0.00027 -1.25623889
  801    13    40  -0.00027 -1.53622013
  231     4    28  -0.00027 -0.86413287
  941    15    67  -0.00027 -1.22958120
 1092    18    56  -0.00027 3.16102374
 1784    34    36  -0.00027 -0.06889664
 1269    22    31  -0.00027 0.29158659
  649    10    65  -0.00027 -1.04798572
 2383    57    60  -0.00027 0.33279641
  400     6    66  -0.00027 0.83962250
   39     1    40  -0.00027 -0.67146542
  746    12    43  -0.00027 -0.98210708
  969    16    40  -0.00027 -1.44047345
  626    10    42  -0.00027 -1.26432295
 1096    18    60  -0.00027 -0.28272650
  904    15    30  -0.00027 -0.64394923
 1980    39    62  -0.00027 1.52630952
 1904    37    51  -0.00027 0.24835593
 2473    66    69  -0.00027 -0.24192681
 2449    62    71  -0.00027 0.67070158
 1189    20    50  -0.00027 -1.06857062
 1717    32    44  -0.00027 1.27374268
 1412    25    33  -0.00027 -0.92921371
  447     7    49  -0.00027 1.03131034
 1917    37    64  -0.00027 -0.98969112
 1580    28    69  -0.00027 -1.55604595
 2420    60    61  -0.00027 2.03453003
 1811    34    63  -0.00028 -0.14614267
   44     1    45  -0.00028 -0.55855322
  691    11    47  -0.00028 0.31118779
  463     7    65  -0.00028 0.96841016
 2344    54    66  -0.00028 -0.55186519
 1973    39    55  -0.00028 -0.86134858
 1533    27    65  -0.00028 -0.12463272
  450     7    52  -0.00028 -0.69323040
 1522    27    54  -0.00028 -0.96793316
 2346    54    68  -0.00028 -1.23202993
 1752    33    41  -0.00028 -1.84598476
 1854    35    70  -0.00028 -0.69324447
 1195    20    56  -0.00028 -0.91816308
 1805    34    57  -0.00028 -0.76195796
 1968    39    50  -0.00028 -1.22270295
  648    10    64  -0.00028 -0.58786624
  681    11    37  -0.00028 -0.91297708
  532     8    71  -0.00028 -1.34643891
 1353    23    67  -0.00028 -1.26467435
 1634    30    40  -0.00029 1.47715659
 2439    61    70  -0.00029 -0.62336486
 1535    27    67  -0.00029 -0.03507185
 1714    32    41  -0.00029 -1.52507353
 1703    31    69  -0.00029 -0.30064525
  679    11    35  -0.00029 -1.16814520
 1881    36    62  -0.00029 -1.02695343
 1880    36    61  -0.00029 -1.03305331
 1681    31    47  -0.00029 -1.01870512
 2335    54    57  -0.00029 2.39825749
 1436    25    57  -0.00029 -0.99898561
  716    12    13  -0.00029 0.38798618
 2072    42    64  -0.00029 -0.40739491
 1911    37    58  -0.00029 -1.55683219
 1278    22    40  -0.00029 -0.28883026
 1552    28    41  -0.00029 -1.92600032
  204     3    68  -0.00029 -2.06800502
 1796    34    48  -0.00029 -0.21063806
 1401    24    68  -0.00029 -1.41100960
  506     8    45  -0.00029 -0.42190622
 1538    27    70  -0.00029 -1.06752767
   96     2    28  -0.00029 -0.67456705
 1279    22    41  -0.00029 -1.36679556
  658    11    14  -0.00029 0.50298754
 1488    26    64  -0.00029 -1.75175351
  485     8    24  -0.00029 -0.85076702
 2244    49    61  -0.00030 -0.71897267
 1271    22    33  -0.00030 1.19796851
 1391    24    58  -0.00030 -1.71927455
  352     6    18  -0.00030 -0.57740930
  858    14    40  -0.00030 0.63955794
 1128    19    40  -0.00030 -0.83931897
 1133    19    45  -0.00030 -0.36251503
 2355    55    61  -0.00030 -0.43170822
  768    12    65  -0.00030 -0.49810999
  678    11    34  -0.00030 -1.27930338
 1490    26    66  -0.00030 -1.30157436
 1465    26    41  -0.00030 -2.24116071
 2264    50    60  -0.00030 -1.47352308
 2319    53    58  -0.00030 8.88666966
 2413    59    65  -0.00030 -0.72713375
 2091    43    55  -0.00030 -1.33491804
 1120    19    32  -0.00030 -0.78173982
  299     5    30  -0.00031 -1.12149549
 1282    22    44  -0.00031 -0.65136227
 1346    23    60  -0.00031 -1.19342707
  289     5    20  -0.00031 -1.22131140
  703    11    59  -0.00031 -0.50217137
 1388    24    55  -0.00031 -1.06193454
 1448    25    69  -0.00031 -0.97703325
 1814    34    66  -0.00031 1.19864873
 1864    36    45  -0.00031 -0.13476919
 1500    27    32  -0.00031 -0.50960610
 2465    65    66  -0.00031 0.50745367
  877    14    59  -0.00031 0.54954471
  860    14    42  -0.00031 -0.28645399
  435     7    37  -0.00031 -0.37948552
  942    15    68  -0.00031 -1.06907327
 1941    38    55  -0.00031 0.95627767
 1733    32    60  -0.00031 -0.38815226
  233     4    30  -0.00031 0.53900669
  112     2    44  -0.00031 1.31668149
  193     3    57  -0.00031 -1.29429309
  628    10    44  -0.00032 -0.72493646
  345     6    11  -0.00032 0.75955453
 1648    30    54  -0.00032 -0.85668479
  759    12    56  -0.00032 -0.85123417
 2388    57    65  -0.00032 -0.41988235
 1860    36    41  -0.00032 0.98194153
  638    10    54  -0.00032 -1.23741591
 1159    19    71  -0.00032 -0.91511330
  684    11    40  -0.00032 -0.42022207
 1931    38    45  -0.00032 -0.10033128
 2446    62    68  -0.00032 -0.71838537
  743    12    40  -0.00032 -1.61358531
 1845    35    61  -0.00032 0.02428280
  654    10    70  -0.00032 -0.32032824
 2375    56    66  -0.00032 0.16617225
 1730    32    57  -0.00033 -1.02554935
 1000    16    71  -0.00033 -0.96746671
 1923    37    70  -0.00033 1.38460755
 2475    66    71  -0.00033 -0.82794585
 2129    44    66  -0.00033 -0.61965472
  408     7    10  -0.00033 -0.81380959
 1131    19    43  -0.00033 -0.81520211
 2071    42    63  -0.00033 -0.89476960
 1506    27    38  -0.00033 -0.27611908
 1075    18    39  -0.00033 1.37945592
 1836    35    52  -0.00033 0.46930297
 1078    18    42  -0.00033 -0.03917359
 1509    27    41  -0.00033 0.88768417
 1713    32    40  -0.00033 -0.52289328
  144     3     8  -0.00033 -1.23213877
  107     2    39  -0.00033 -0.28083610
 1117    19    29  -0.00033 -0.26308744
 1766    33    55  -0.00033 -0.90381268
 2459    64    66  -0.00033 4.19653622
  820    13    59  -0.00033 0.12979360
 1643    30    49  -0.00033 -0.11430908
 1404    24    71  -0.00033 1.99554666
  116     2    48  -0.00034 -0.89822421
 1540    28    29  -0.00034 0.21035166
  101     2    33  -0.00034 -0.46348801
 2348    54    70  -0.00034 -0.80880224
 1753    33    42  -0.00034 -1.57666796
 1110    19    22  -0.00034 -0.67541517
 1408    25    29  -0.00034 0.33967305
 1480    26    56  -0.00034 -2.03987581
 1180    20    41  -0.00034 -0.32076798
  725    12    22  -0.00034 -0.88942142
   78     2    10  -0.00034 0.42333993
  597    10    13  -0.00034 -0.87260162
 1416    25    37  -0.00034 -1.15184570
   38     1    39  -0.00034 -1.19220252
 1182    20    43  -0.00034 -1.09635207
 1818    34    70  -0.00034 -0.93740819
 2201    47    63  -0.00034 -0.13128895
 1943    38    57  -0.00034 -0.66094223
  827    13    66  -0.00034 -0.64577193
 1429    25    50  -0.00034 -0.48328488
 1677    31    43  -0.00034 -0.99214299
  472     8    11  -0.00034 -1.08051409
  136     2    68  -0.00034 -1.11525184
  953    16    24  -0.00034 -0.59665963
 2463    64    70  -0.00034 1.13359598
 1031    17    48  -0.00034 -1.31752670
 1172    20    33  -0.00035 -1.73785873
 1561    28    50  -0.00035 -0.66139036
 1815    34    67  -0.00035 -0.32326318
 1594    29    41  -0.00035 -0.56352581
 1362    24    29  -0.00035 -1.04303508
  330     5    61  -0.00035 -0.90973395
  368     6    34  -0.00035 -0.17672112
 1043    17    60  -0.00035 -1.78074467
 1950    38    64  -0.00035 -0.84666499
 2246    49    63  -0.00035 -1.37626401
 1605    29    52  -0.00035 -1.04929639
 1795    34    47  -0.00035 -1.12406153
  707    11    63  -0.00036 1.19820535
   67     1    68  -0.00036 -1.33572672
 2128    44    65  -0.00036 -0.78274624
 1769    33    58  -0.00036 -1.67000045
   30     1    31  -0.00036 -1.08070770
  364     6    30  -0.00036 -1.53031644
  894    15    20  -0.00036 -0.63282509
  846    14    28  -0.00036 -0.46118096
 2088    43    52  -0.00036 -1.84510865
 2328    53    67  -0.00036 0.59390532
 2273    50    69  -0.00036 -1.01481467
  998    16    69  -0.00036 0.02956098
 1582    28    71  -0.00036 -1.30829741
 2270    50    66  -0.00037 -1.49387580
  992    16    63  -0.00037 0.16385548
  603    10    19  -0.00037 -0.69471966
 1508    27    40  -0.00037 -1.89123462
 2356    55    62  -0.00037 -1.18241662
  287     5    18  -0.00037 1.07068624
  643    10    59  -0.00037 -0.07036542
  700    11    56  -0.00037 2.13805731
  369     6    35  -0.00037 -0.45979483
  333     5    64  -0.00037 -0.91938373
 1183    20    44  -0.00038 1.58637066
  799    13    38  -0.00038 0.84057908
 2010    40    61  -0.00038 -2.11355345
 1417    25    38  -0.00038 -0.32996008
 1951    38    65  -0.00038 -1.11902239
 2358    55    64  -0.00038 -0.02100811
 1603    29    50  -0.00038 1.65177590
  730    12    27  -0.00038 -0.38294801
 1767    33    56  -0.00038 -0.74623859
  871    14    53  -0.00038 -1.63651333
  515     8    54  -0.00038 -1.34616679
 1744    32    71  -0.00038 -1.40142497
  709    11    65  -0.00039 1.29837057
  527     8    66  -0.00039 -0.63593374
 1721    32    48  -0.00039 -0.68214787
  874    14    56  -0.00039 0.94941203
  322     5    53  -0.00039 -0.84113460
 1419    25    40  -0.00039 -1.86772785
 2389    57    66  -0.00039 -0.86515713
 2395    58    59  -0.00039 6.62184226
  170     3    34  -0.00039 1.39959455
 2120    44    57  -0.00039 -0.84956951
  357     6    23  -0.00039 -0.90663674
  810    13    49  -0.00039 -0.46930684
  503     8    42  -0.00039 -1.38605806
 2391    57    68  -0.00039 -0.45846951
  365     6    31  -0.00039 -0.82465604
 1081    18    45  -0.00040 0.68276366
 1934    38    48  -0.00040 0.10773129
 1527    27    59  -0.00040 -0.59421617
 1984    39    66  -0.00040 -0.60705394
 2458    64    65  -0.00040 0.46849205
  346     6    12  -0.00040 2.40031027
 2316    53    55  -0.00040 -0.82868566
 1275    22    37  -0.00040 -1.12909832
  528     8    67  -0.00040 0.12693904
  505     8    44  -0.00040 -1.49108038
   99     2    31  -0.00040 -0.75984576
 2462    64    69  -0.00040 -0.22361335
 1047    17    64  -0.00041 -0.32118800
  710    11    66  -0.00041 2.12485178
 2089    43    53  -0.00041 -1.76566882
  760    12    57  -0.00041 -0.97612757
 1447    25    68  -0.00041 -1.14104540
 1028    17    45  -0.00041 -1.35571931
 2098    43    62  -0.00041 -1.23813272
 1678    31    44  -0.00041 -0.16911172
   18     1    19  -0.00041 0.05608676
  663    11    19  -0.00041 1.76149312
  499     8    38  -0.00041 0.80048811
 2113    44    50  -0.00041 -1.06246843
 2454    63    68  -0.00041 2.89252302
  872    14    54  -0.00041 -1.19906059
  511     8    50  -0.00041 -0.83597635
 1785    34    37  -0.00041 0.97634733
  478     8    17  -0.00042 0.40890362
   98     2    30  -0.00042 -0.54343493
   87     2    19  -0.00042 0.05662287
 1290    22    52  -0.00042 -0.53404284
 1501    27    33  -0.00042 -0.46253856
  792    13    31  -0.00042 0.05813115
 1683    31    49  -0.00042 -1.06729575
  991    16    62  -0.00042 0.20550590
  228     4    25  -0.00042 -0.45592407
 1659    30    65  -0.00042 -1.39281621
 1638    30    44  -0.00042 -1.72650386
 1411    25    32  -0.00043 1.45334193
 1179    20    40  -0.00043 -1.11610706
 1367    24    34  -0.00043 -0.37538292
 1033    17    50  -0.00043 -0.71619254
  637    10    53  -0.00043 -1.15657670
 2015    40    66  -0.00043 -1.69287779
 2070    42    62  -0.00043 0.58371570
 2132    44    69  -0.00043 0.61822181
 1530    27    62  -0.00044 -0.81515370
 1664    30    70  -0.00044 -0.21450372
 1857    36    38  -0.00044 1.06028064
  830    13    69  -0.00044 -1.12787138
   22     1    23  -0.00044 -1.71204643
  614    10    30  -0.00044 0.88962882
  982    16    53  -0.00044 -0.06688265
 1600    29    47  -0.00044 -1.13236588
  524     8    63  -0.00044 1.27149836
  479     8    18  -0.00044 -1.22376176
 1985    39    67  -0.00044 -1.50623466
 1276    22    38  -0.00044 -0.87972839
  884    14    66  -0.00044 -0.12964553
 1692    31    58  -0.00045 0.80398637
 2111    44    48  -0.00045 -1.56863322
  737    12    34  -0.00045 -0.83821689
  718    12    15  -0.00045 1.42905603
 1208    20    69  -0.00045 -1.67333933
  122     2    54  -0.00045 0.30677510
 2259    50    55  -0.00045 0.84542548
 1198    20    59  -0.00045 -1.35131108
  712    11    68  -0.00045 -1.54041511
 1102    18    66  -0.00046 -1.24130819
 1837    35    53  -0.00046 -0.94724029
   13     1    14  -0.00046 -0.74453022
 1196    20    57  -0.00046 -0.73628651
  118     2    50  -0.00046 -0.22919450
 1138    19    50  -0.00046 -0.81993397
 2127    44    64  -0.00046 3.45795402
 1614    29    61  -0.00046 -1.40495786
  798    13    37  -0.00046 -1.25505036
 1759    33    48  -0.00046 1.20839577
 1445    25    66  -0.00046 7.19313131
 1962    39    44  -0.00047 -1.66439115
 1381    24    48  -0.00047 -1.61852609
  386     6    52  -0.00047 -1.26331404
 1831    35    47  -0.00047 -0.94898767
 1373    24    40  -0.00047 -1.91174822
  175     3    39  -0.00047 -0.75760783
    9     1    10  -0.00047 -1.18814785
 1154    19    66  -0.00047 -0.85474313
 1948    38    62  -0.00047 0.92058991
 1652    30    58  -0.00047 -1.80332526
 2374    56    65  -0.00047 -0.79454022
  277     5     8  -0.00047 1.50098797
 1639    30    45  -0.00047 1.88924626
 1236    21    47  -0.00047 -0.89973548
 2310    52    67  -0.00047 -1.76409751
 1770    33    59  -0.00047 -0.18946911
  431     7    33  -0.00047 -1.61378860
 2469    65    70  -0.00047 -1.00162795
  618    10    34  -0.00048 -0.42940538
  382     6    48  -0.00048 -1.10230241
  943    15    69  -0.00048 -0.74911216
  753    12    50  -0.00048 -1.36202225
 2143    45    54  -0.00048 -1.00480204
  334     5    65  -0.00048 1.43976579
  781    13    20  -0.00048 -0.21822579
  747    12    44  -0.00048 -0.02811263
  728    12    25  -0.00048 -0.58828978
 2312    52    69  -0.00048 -0.81133007
  164     3    28  -0.00048 0.95345854
 1732    32    59  -0.00049 -0.70036712
 1477    26    53  -0.00049 -1.82459205
 1450    25    71  -0.00049 -0.54652927
 1390    24    57  -0.00049 -0.82931803
  674    11    30  -0.00049 -1.03912330
 2397    58    61  -0.00049 3.07939709
 1885    36    66  -0.00049 -0.62780819
 2385    57    62  -0.00049 1.53727302
 1489    26    65  -0.00050 -1.56539508
 1810    34    62  -0.00050 -0.96239385
 1693    31    59  -0.00050 -0.48656143
 1175    20    36  -0.00050 -0.66267950
   85     2    17  -0.00050 -0.49923501
 1963    39    45  -0.00051 -0.53771496
 1281    22    43  -0.00051 -0.82045112
  850    14    32  -0.00051 0.20716867
  184     3    48  -0.00051 -1.00377876
  868    14    50  -0.00051 -1.26831077
 1940    38    54  -0.00051 -0.28064426
  675    11    31  -0.00051 -1.19904105
  602    10    18  -0.00051 1.26820662
 1583    29    30  -0.00051 2.77006911
  154     3    18  -0.00051 -0.83572657
   55     1    56  -0.00051 -0.47367024
 1846    35    62  -0.00052 -0.99784944
 2399    58    63  -0.00052 -1.19701647
 2327    53    66  -0.00052 -1.37784920
  398     6    64  -0.00052 0.56529498
 1261    22    23  -0.00052 -0.55364966
 2331    53    70  -0.00052 -1.16382999
 2298    52    55  -0.00052 -0.52300131
  491     8    30  -0.00052 0.21714625
 1262    22    24  -0.00052 2.28574413
 1064    18    28  -0.00053 -0.67398001
 2126    44    63  -0.00053 1.60196691
 1321    23    35  -0.00053 -0.50051127
 1378    24    45  -0.00053 -0.43443812
 2100    43    64  -0.00053 -0.94800389
 1739    32    66  -0.00053 -0.88669304
  200     3    64  -0.00053 3.53365481
 1629    30    35  -0.00053 1.72787859
  332     5    63  -0.00053 -0.18063617
   80     2    12  -0.00053 0.72361194
 1101    18    65  -0.00053 -0.41288054
 2384    57    61  -0.00053 -0.93173417
 2430    60    71  -0.00053 -0.77035658
   82     2    14  -0.00053 0.32036473
  889    14    71  -0.00054 1.77543785
  166     3    30  -0.00054 -0.74486607
  713    11    69  -0.00054 1.27487616
  854    14    36  -0.00054 -0.19269069
 2157    45    68  -0.00054 2.06274582
  668    11    24  -0.00054 0.36436515
 2368    56    59  -0.00054 1.68264536
 1668    31    34  -0.00054 1.00952229
 2042    41    63  -0.00054 1.18038960
  794    13    33  -0.00054 -1.01696220
 1443    25    64  -0.00055 -0.28011962
  865    14    47  -0.00055 -0.67821570
 1930    38    44  -0.00055 1.66956543
 1291    22    53  -0.00055 1.21579559
 1315    23    29  -0.00055 0.30282212
 1161    20    22  -0.00055 -1.03415114
  945    15    71  -0.00055 -1.15797003
  787    13    26  -0.00055 -1.62124410
 2321    53    60  -0.00056 0.68524841
  959    16    30  -0.00056 0.22061585
  645    10    61  -0.00056 -1.01288674
 1312    23    26  -0.00056 1.70389163
 1820    35    36  -0.00056 5.01359219
 2271    50    67  -0.00056 0.29406552
 1758    33    47  -0.00057 -0.53978465
  266     4    63  -0.00057 -0.72298877
 1700    31    66  -0.00057 -1.33123619
 1727    32    54  -0.00057 -1.37111509
 1210    20    71  -0.00058 -1.52953182
  849    14    31  -0.00058 0.38440878
 1983    39    65  -0.00058 -0.41108284
 1738    32    65  -0.00058 -0.57895900
  736    12    33  -0.00058 0.76781149
  723    12    20  -0.00058 2.22291649
  706    11    62  -0.00058 -0.90827573
   16     1    17  -0.00058 2.04846939
 1205    20    66  -0.00058 -1.25044484
 1979    39    61  -0.00059 -1.39291186
 1910    37    57  -0.00059 -0.58180423
 1398    24    65  -0.00059 0.04011660
 1352    23    66  -0.00059 -0.63632992
  146     3    10  -0.00059 -1.24115662
 2326    53    65  -0.00059 -0.29137452
  748    12    45  -0.00059 -0.83365211
 1472    26    48  -0.00060 -1.54405035
  762    12    59  -0.00060 -0.80058238
  608    10    24  -0.00060 -0.33935816
 2153    45    64  -0.00060 -0.53117089
  778    13    17  -0.00060 0.05611375
  100     2    32  -0.00060 0.86177502
 1051    17    68  -0.00060 -0.84990861
  757    12    54  -0.00060 -1.20489264
  793    13    32  -0.00061 -0.33185891
 1898    37    45  -0.00061 2.54589211
  646    10    62  -0.00061 1.02951522
  972    16    43  -0.00061 -0.67313639
  566     9    43  -0.00061 -0.95102198
 1147    19    59  -0.00061 -0.28582621
 1042    17    59  -0.00062 -0.50717952
 2313    52    70  -0.00062 -0.49870008
 1832    35    48  -0.00062 -1.39938334
 1341    23    55  -0.00062 0.00849330
  899    15    25  -0.00062 0.94322433
  927    15    53  -0.00063 -0.41704877
 1750    33    39  -0.00063 1.52602435
 2258    50    54  -0.00063 0.05911150
  784    13    23  -0.00063 -0.83981394
  738    12    35  -0.00063 -0.39759518
 1568    28    57  -0.00063 1.65947838
  708    11    64  -0.00063 2.50658283
  497     8    36  -0.00063 -0.40262922
 1755    33    44  -0.00063 -0.96009152
 1486    26    62  -0.00064 -1.72674342
 2139    45    50  -0.00064 1.76750958
  791    13    30  -0.00064 -1.14075422
 1975    39    57  -0.00064 -1.48842574
 2115    44    52  -0.00064 -1.58838719
  811    13    50  -0.00064 -0.58324524
 1374    24    41  -0.00064 0.77857669
 1712    32    39  -0.00064 3.29866891
 1471    26    47  -0.00064 -0.83514625
 2142    45    53  -0.00064 -0.29131110
  789    13    28  -0.00064 0.58907464
 1748    33    37  -0.00065 -0.92415916
 2044    41    65  -0.00065 1.18249854
  817    13    56  -0.00065 -0.03527943
 2398    58    62  -0.00065 -0.36056089
 1193    20    54  -0.00065 0.96694655
 1641    30    47  -0.00065 -1.27226685
 1633    30    39  -0.00065 1.07068344
 1309    22    71  -0.00065 -0.02922658
  892    15    18  -0.00066 1.23289013
 2455    63    69  -0.00066 1.31133447
 1625    30    31  -0.00066 4.75490244
  838    14    20  -0.00066 -0.25966818
  851    14    33  -0.00066 0.85424892
 1925    38    39  -0.00066 7.53129902
 2466    65    67  -0.00066 6.63300371
  179     3    43  -0.00066 -2.24924958
  897    15    23  -0.00066 -0.27759096
 2301    52    58  -0.00066 3.10770232
  670    11    26  -0.00066 -1.64519378
   29     1    30  -0.00067 -0.68387434
  662    11    18  -0.00067 -0.51766916
  767    12    64  -0.00067 -1.16124178
 1889    36    70  -0.00067 4.33943884
 1093    18    57  -0.00067 -0.45603938
 1989    39    71  -0.00067 -0.63041066
 1615    29    62  -0.00067 -0.82825728
 1268    22    30  -0.00067 -0.80500794
 2227    48    66  -0.00067 0.11205410
  785    13    24  -0.00067 -1.07103012
  938    15    64  -0.00067 0.66756658
 2269    50    65  -0.00067 -0.84102107
 1322    23    36  -0.00068 -0.73891442
 2308    52    65  -0.00068 -1.51778255
 1793    34    45  -0.00068 -0.90103980
  169     3    33  -0.00068 -1.21359764
 1699    31    65  -0.00068 -0.39785903
 2452    63    66  -0.00068 0.38054659
 2309    52    66  -0.00069 -1.08800992
 1433    25    54  -0.00069 -0.72513534
 2206    47    68  -0.00069 -1.27451752
 1570    28    59  -0.00069 -0.80421200
  739    12    36  -0.00069 0.34718183
 1787    34    39  -0.00069 0.73594659
 1372    24    39  -0.00070 -1.39477623
 2190    47    52  -0.00070 2.78382212
 2191    47    53  -0.00070 1.59998680
 1747    33    36  -0.00070 0.60883527
  824    13    63  -0.00070 1.91425203
  970    16    41  -0.00071 -0.80471464
 1628    30    34  -0.00071 1.84295470
 2422    60    63  -0.00071 -0.12801652
   62     1    63  -0.00071 1.18091239
 1630    30    36  -0.00071 -0.78336633
  837    14    19  -0.00071 0.05676193
 1711    32    38  -0.00072 -0.73983703
 1345    23    59  -0.00072 -0.42917349
 1351    23    65  -0.00072 -0.74145318
 1972    39    54  -0.00072 2.57923400
 1650    30    56  -0.00072 -1.13971563
 1737    32    64  -0.00072 0.37086229
 1487    26    63  -0.00072 -1.15577334
 1723    32    50  -0.00072 -0.60054936
 2434    61    65  -0.00072 0.48506685
  121     2    53  -0.00072 -0.41332813
  641    10    57  -0.00073 0.37802109
 1782    33    71  -0.00073 -1.47177303
 2412    59    64  -0.00073 -0.00990342
   68     1    69  -0.00073 -1.62522620
 2470    65    71  -0.00074 -0.02911139
 1679    31    45  -0.00074 -1.14863435
 1672    31    38  -0.00074 1.01837825
   92     2    24  -0.00074 -0.36008861
 1125    19    37  -0.00075 -0.93303398
  735    12    32  -0.00075 1.48246478
 2387    57    64  -0.00075 0.39119565
 1942    38    56  -0.00075 1.04069136
  976    16    47  -0.00075 -0.82034032
  189     3    53  -0.00075 -0.20616348
 1616    29    63  -0.00075 -1.04123069
 1606    29    53  -0.00075 -1.15373595
 1343    23    57  -0.00075 -0.35105819
  835    14    17  -0.00076 -0.02124441
   32     1    33  -0.00076 -0.16072402
  741    12    38  -0.00076 -0.48622944
  915    15    41  -0.00076 1.38364931
  132     2    64  -0.00076 1.48773796
 1537    27    69  -0.00076 -1.26339903
  205     3    69  -0.00077 0.81230887
 1575    28    64  -0.00077 -0.66160739
 1170    20    31  -0.00077 1.95779234
 2202    47    64  -0.00077 -0.68420864
 1377    24    44  -0.00077 -0.49992755
 1690    31    56  -0.00077 0.02748810
  823    13    62  -0.00078 2.27879169
   51     1    52  -0.00078 -1.72185187
 1684    31    50  -0.00078 -0.69434664
 1777    33    66  -0.00078 -1.19758903
 2223    48    62  -0.00078 -1.72616539
  619    10    35  -0.00078 2.01239260
 1626    30    32  -0.00078 -0.26882791
 1688    31    54  -0.00078 -1.05618923
 1118    19    30  -0.00079 0.88265243
  202     3    66  -0.00079 -0.25515581
  722    12    19  -0.00079 0.21228331
  634    10    50  -0.00079 -1.10933820
 1191    20    52  -0.00079 -1.19841882
 2012    40    63  -0.00080 -1.51723647
 2155    45    66  -0.00080 0.72702528
 1691    31    57  -0.00080 -0.73003422
 2125    44    62  -0.00080 0.38429575
   91     2    23  -0.00080 -0.02044946
 1761    33    50  -0.00080 -0.54597900
  843    14    25  -0.00081 5.96570781
  841    14    23  -0.00081 -1.17563109
  522     8    61  -0.00081 -0.98525055
 2260    50    56  -0.00081 0.84726947
 2267    50    63  -0.00081 3.05769848
 1106    18    70  -0.00082 -0.01624545
 1420    25    41  -0.00082 -0.45459559
 1058    18    22  -0.00082 -0.68796723
  911    15    37  -0.00082 1.44936185
 1749    33    38  -0.00082 1.40257165
 1564    28    53  -0.00083 -1.47323682
 1063    18    27  -0.00083 -0.23537273
 1642    30    48  -0.00083 -1.26871843
  825    13    64  -0.00083 -0.97154709
  880    14    62  -0.00084 -0.04625364
 2261    50    57  -0.00084 0.10993272
  570     9    47  -0.00085 -0.32825951
   42     1    43  -0.00085 -0.85486408
 1069    18    33  -0.00086 -1.06720423
 1651    30    57  -0.00086 -0.96412391
  742    12    39  -0.00086 -1.87326655
 1441    25    62  -0.00086 0.71854580
 1981    39    63  -0.00086 -0.21970657
 2099    43    63  -0.00086 0.60344559
  616    10    32  -0.00086 2.11703993
 2225    48    64  -0.00086 0.02199701
 2337    54    59  -0.00086 2.42382770
  636    10    52  -0.00087 -1.14329678
 1903    37    50  -0.00087 -0.92847885
 1776    33    65  -0.00087 0.44439224
  926    15    52  -0.00087 0.75793215
 1542    28    31  -0.00088 1.53126016
 1897    37    44  -0.00089 0.38212883
  726    12    23  -0.00089 -0.45879995
 2124    44    61  -0.00089 -0.67791650
  632    10    48  -0.00089 2.86216694
  734    12    31  -0.00089 -0.97182916
  131     2    63  -0.00089 0.17763292
  129     2    61  -0.00089 0.02578852
  677    11    33  -0.00090 -0.85853729
 1013    17    30  -0.00090 -1.48096292
 1660    30    66  -0.00090 0.48739668
 1324    23    38  -0.00090 0.13735894
  667    11    23  -0.00090 -0.34012192
  751    12    48  -0.00090 1.32660055
  523     8    62  -0.00091 0.02263834
 2263    50    59  -0.00091 -1.02355895
 1823    35    39  -0.00092 0.03764703
 1330    23    44  -0.00092 -1.13694824
 1867    36    48  -0.00092 0.24254787
 1966    39    48  -0.00092 -1.64795419
 1768    33    57  -0.00092 -1.11443987
 1164    20    25  -0.00093 3.91641957
 1203    20    64  -0.00093 0.18154413
  769    12    66  -0.00094 0.89853792
 1644    30    50  -0.00094 -1.47576027
 1698    31    64  -0.00094 -0.50647536
  936    15    62  -0.00095 0.29445903
 1407    25    28  -0.00095 1.65116468
 1858    36    39  -0.00095 5.92369785
 1318    23    32  -0.00095 0.85303460
 2116    44    53  -0.00095 0.37851101
  882    14    64  -0.00096 -0.29174052
 1144    19    56  -0.00097 2.47055219
 1003    17    20  -0.00097 0.53440163
 1323    23    37  -0.00097 1.00768450
 1200    20    61  -0.00097 -1.00442471
 1074    18    38  -0.00098 -0.72994298
 2215    48    54  -0.00098 0.13895878
 1399    24    66  -0.00098 -1.18307696
 1014    17    31  -0.00098 1.03585434
  130     2    62  -0.00098 -0.71094069
 1440    25    61  -0.00098 -1.08218471
  937    15    63  -0.00099 -0.29440740
 1113    19    25  -0.00099 0.06642642
  601    10    17  -0.00099 2.08108013
  756    12    53  -0.00100 0.15018157
 1573    28    62  -0.00100 -0.78508904
 1670    31    36  -0.00100 2.34705037
 1495    26    71  -0.00100 -0.05344749
 1392    24    59  -0.00100 0.24576555
 2421    60    62  -0.00100 3.76733199
  367     6    33  -0.00101 0.28009804
 1163    20    24  -0.00101 1.94950435
 1201    20    62  -0.00101 0.77473649
 1068    18    32  -0.00101 -0.10938969
  842    14    24  -0.00101 0.98922780
  780    13    19  -0.00102 3.20942519
 1498    27    30  -0.00102 2.42279916
 1369    24    36  -0.00102 -0.53731454
 1080    18    44  -0.00102 0.86954086
 1882    36    63  -0.00103 -1.43717507
 2435    61    66  -0.00103 -0.87751762
 1311    23    25  -0.00103 -1.15217325
 1574    28    63  -0.00104 -1.06906812
 1653    30    59  -0.00104 0.96954663
 1901    37    48  -0.00104 -0.85183421
   25     1    26  -0.00104 -0.72316468
 2318    53    57  -0.00104 6.21606459
  720    12    17  -0.00105 -0.87668204
 1162    20    23  -0.00105 1.62177482
   17     1    18  -0.00106 0.08361836
 1331    23    45  -0.00106 -1.12677639
  461     7    63  -0.00107 1.28476235
 1364    24    31  -0.00107 1.44757991
 1119    19    31  -0.00107 -0.42251858
  159     3    23  -0.00107 -1.56006073
  779    13    18  -0.00107 0.15639608
  162     3    26  -0.00107 -0.48579075
  188     3    52  -0.00107 -1.22535863
  513     8    52  -0.00108 -1.53647694
 1111    19    23  -0.00109 -1.12140577
 1872    36    53  -0.00109 0.56252062
  765    12    62  -0.00109 0.29066147
 1150    19    62  -0.00110 -0.59521527
 2443    62    65  -0.00110 -0.52519792
 1673    31    39  -0.00110 -0.96512126
 1735    32    62  -0.00110 0.66983797
  621    10    37  -0.00110 1.32265623
 1772    33    61  -0.00110 -1.65743134
 1365    24    32  -0.00111 -0.61080014
 2411    59    63  -0.00111 0.96060778
 1847    35    63  -0.00111 -0.55331877
 1366    24    33  -0.00112 -1.55442413
 1912    37    59  -0.00112 -1.09914907
 1539    27    71  -0.00112 -0.86223925
  848    14    30  -0.00112 -1.28856916
 1725    32    52  -0.00113 -0.65343214
   86     2    18  -0.00113 -0.12127238
 1906    37    53  -0.00113 -1.09832703
 2386    57    63  -0.00113 -0.33825712
 1314    23    28  -0.00113 -0.71301697
 1015    17    32  -0.00115 1.68069250
  696    11    52  -0.00115 -1.05109579
 1409    25    30  -0.00115 0.25333856
 1192    20    53  -0.00115 1.75667376
 1541    28    30  -0.00116 0.35134413
  705    11    61  -0.00116 -0.76200340
 1325    23    39  -0.00116 -1.12294919
 1432    25    53  -0.00116 2.19821955
 2341    54    63  -0.00117 0.07532686
 1726    32    53  -0.00117 -1.32392937
 2410    59    62  -0.00118 0.56762546
  855    14    37  -0.00118 0.53480875
 2456    63    70  -0.00118 -0.44306062
 2320    53    59  -0.00118 -0.16365598
  623    10    39  -0.00118 0.24104996
 1871    36    52  -0.00119 -0.03800692
  733    12    30  -0.00120 0.99420974
 2340    54    62  -0.00120 -0.98837937
 1710    32    37  -0.00120 0.30011714
  814    13    53  -0.00120 0.77339222
 2450    63    64  -0.00121 3.70571169
  484     8    23  -0.00121 -0.26850879
 1667    31    33  -0.00122 1.60867642
 1632    30    38  -0.00122 0.82765679
 1108    19    20  -0.00123 5.01817516
 1627    30    33  -0.00124 3.68246636
 1775    33    64  -0.00125 -0.60390871
 1371    24    38  -0.00126 1.94083876
  879    14    61  -0.00126 -1.31129259
 1891    37    38  -0.00127 -0.24313845
 1141    19    53  -0.00127 -0.49328010
 1916    37    63  -0.00127 -0.42027164
 1350    23    64  -0.00127 0.42081689
 1299    22    61  -0.00128 -0.90216082
 2371    56    62  -0.00128 -0.76007180
 2150    45    61  -0.00128 -0.66541448
 1892    37    39  -0.00129 2.44799252
 1056    18    20  -0.00129 -0.10631691
  615    10    31  -0.00129 0.13180758
 1383    24    50  -0.00129 -1.79010112
  870    14    52  -0.00129 -0.81000901
 1389    24    56  -0.00129 0.16862352
 1036    17    53  -0.00129 -1.30980447
 1169    20    30  -0.00130 3.45399852
 1292    22    54  -0.00130 3.14548813
  607    10    23  -0.00131 -0.45483796
 1658    30    64  -0.00132 -0.97624188
 1915    37    62  -0.00132 -0.80577037
  902    15    28  -0.00132 2.82031813
 1140    19    52  -0.00133 -1.00809566
 1763    33    52  -0.00133 -1.62875715
 1116    19    28  -0.00133 0.65251843
  197     3    61  -0.00133 1.86758233
 1970    39    52  -0.00133 -0.79113512
 1084    18    48  -0.00134 0.08689681
 2444    62    66  -0.00134 -0.06361860
 2441    62    63  -0.00134 3.55466848
 2442    62    64  -0.00134 -0.21213810
 1696    31    62  -0.00134 -0.74494465
 1706    32    33  -0.00134 4.46484874
 1548    28    37  -0.00135 0.12200521
 1936    38    50  -0.00136 3.12985706
 1067    18    31  -0.00136 -1.11028127
 2268    50    64  -0.00138 -1.02317950
 2453    63    67  -0.00138 2.19272643
 2315    53    54  -0.00138 2.20627085
  727    12    24  -0.00139 0.32397053
 1008    17    25  -0.00139 -0.04177624
 2339    54    61  -0.00140 0.00431821
 1316    23    30  -0.00141 -0.26582666
 1086    18    50  -0.00141 -0.92774053
 1358    24    25  -0.00141 3.49851428
 1100    18    64  -0.00142 -0.42439152
 1939    38    53  -0.00144 1.05390173
 1949    38    63  -0.00145 -1.32688071
 1176    20    37  -0.00145 1.05835667
 1340    23    54  -0.00145 0.64755614
  595    10    11  -0.00145 2.65228117
 1339    23    53  -0.00145 0.57010037
  898    15    24  -0.00147 1.67951440
 1773    33    62  -0.00147 -0.98389015
  822    13    61  -0.00149 -0.44598799
  764    12    61  -0.00149 -0.56120770
 1687    31    53  -0.00149 -0.58852717
  836    14    18  -0.00150 -0.37019088
 1301    22    63  -0.00150 -1.21450448
 1370    24    37  -0.00151 -0.44521900
 2141    45    52  -0.00151 -1.11461019
  647    10    63  -0.00151 -0.82249848
 1431    25    52  -0.00152 -0.88963749
 1142    19    54  -0.00153 2.81782677
 1914    37    61  -0.00155 -1.22723349
  509     8    48  -0.00157 -0.85394272
  498     8    37  -0.00157 1.88262553
 2214    48    53  -0.00157 -0.21443363
 2222    48    61  -0.00158 -1.61635343
 2372    56    63  -0.00158 -0.31149929
 1647    30    53  -0.00159 0.12325869
 2152    45    63  -0.00159 1.23694590
 1151    19    63  -0.00159 -0.45465210
 2325    53    64  -0.00162 -0.21736954
 1319    23    33  -0.00163 -1.68068659
 2257    50    53  -0.00163 7.62034863
 1099    18    63  -0.00164 -0.20353713
 2451    63    65  -0.00165 0.77801340
 1095    18    59  -0.00166 -0.87436910
  629    10    45  -0.00167 0.33574170
 1671    31    37  -0.00168 1.48391652
   60     1    61  -0.00169 0.66157528
 1656    30    62  -0.00169 -0.84916518
 1317    23    31  -0.00169 -0.83202428
 1563    28    52  -0.00170 -0.76464278
  471     8    10  -0.00171 -0.11646455
 1347    23    61  -0.00171 -0.19697984
 2433    61    64  -0.00172 1.75087504
  397     6    63  -0.00174 -0.95849827
 2266    50    62  -0.00174 -1.16418677
  740    12    37  -0.00174 1.07608580
 2299    52    56  -0.00176 0.31501088
 1387    24    54  -0.00176 0.88039071
 1006    17    23  -0.00177 4.22492590
 1061    18    25  -0.00177 -0.70926369
 1947    38    61  -0.00178 0.73090211
 2317    53    56  -0.00178 2.60841711
 1572    28    61  -0.00179 0.87169176
  755    12    52  -0.00180 -0.63891920
 1397    24    64  -0.00181 -0.81223397
 1066    18    30  -0.00182 0.03799836
 2300    52    57  -0.00182 5.78683413
 1046    17    63  -0.00182 -0.91796479
 2297    52    54  -0.00183 0.42547638
 1167    20    28  -0.00184 14.90810903
  813    13    52  -0.00185 0.76399954
 1361    24    28  -0.00185 0.83521664
 1531    27    63  -0.00187 -1.01067202
 2307    52    64  -0.00187 -0.69490434
 1756    33    45  -0.00187 1.07078511
 2265    50    61  -0.00188 1.23126414
 2409    59    61  -0.00189 6.12426695
 1037    17    54  -0.00189 -0.28520794
 1631    30    37  -0.00191 0.77929146
 1736    32    63  -0.00192 -0.78744488
 1073    18    37  -0.00192 -0.83451807
  881    14    63  -0.00195 -0.92905972
 1202    20    63  -0.00195 -1.25542132
 1396    24    63  -0.00199 -0.48862510
 1098    18    62  -0.00201 -0.15021263
 1363    24    30  -0.00201 2.30782479
 1336    23    50  -0.00201 -1.32059201
 2302    52    59  -0.00203 0.00656847
 1045    17    62  -0.00204 1.23817322
  766    12    63  -0.00205 -0.38827201
 1044    17    61  -0.00205 -0.18884801
 1386    24    53  -0.00207 -0.87696074
 2224    48    63  -0.00208 -1.14601650
 1734    32    61  -0.00209 3.54064744
 1112    19    24  -0.00209 2.79314377
  721    12    18  -0.00211 -0.86186814
 1035    17    52  -0.00211 -1.53983511
 1442    25    63  -0.00212 -1.23054344
 1907    37    54  -0.00212 2.13788485
 1774    33    63  -0.00212 -0.88026098
 1938    38    52  -0.00214 0.27596511
 1090    18    54  -0.00217 2.61445005
 1001    17    18  -0.00220 4.98328346
 1655    30    61  -0.00222 -0.95947892
 2323    53    62  -0.00225 -0.41865514
 2370    56    61  -0.00226 2.89000633
 1686    31    52  -0.00228 1.63296467
 1697    31    63  -0.00232 -0.83853097
 1011    17    28  -0.00235 3.57279741
 1149    19    61  -0.00235 1.35402315
 1657    30    63  -0.00235 -1.41686727
 1395    24    62  -0.00237 -0.72111881
 2432    61    63  -0.00238 0.69328156
 2213    48    52  -0.00240 2.05145083
 1002    17    19  -0.00241 3.59242187
 1348    23    62  -0.00243 -1.05971621
 1695    31    61  -0.00253 1.87097468
 1097    18    61  -0.00256 1.30844348
 1394    24    61  -0.00257 0.95884736
 1088    18    52  -0.00261 -0.54132246
 1060    18    24  -0.00261 0.14660865
 1089    18    53  -0.00263 -0.97295075
 2324    53    63  -0.00264 -0.59044452
 1055    18    19  -0.00265 0.92644403
 1646    30    52  -0.00268 1.07991187
 1349    23    63  -0.00270 -1.17761943
 2322    53    61  -0.00273 -0.69258414
 1020    17    37  -0.00275 2.57875662
  891    15    17  -0.00286 8.59678138
 2256    50    52  -0.00286 7.07399203
 2306    52    63  -0.00290 -0.99418737
 1059    18    23  -0.00294 0.33029537
 2296    52    53  -0.00315 1.36086860
 2304    52    61  -0.00329 -1.42406270
 2431    61    62  -0.00330 6.68694902
 1905    37    52  -0.00335 0.64222646
 2305    52    62  -0.00362 -0.81638039
 1385    24    52  -0.00393 -0.37586739
 1007    17    24  -0.00413 4.87810023
 1338    23    52  -0.00431 7.62305735
