-6.971420000000000394e-01
-2.620540000000000092e-01
-7.742499999999999938e-01
-9.543129999999999669e-01
4.392759999999999998e-01
3.364650000000000141e-01
-4.772319999999999895e-01
-4.864120000000000110e-01
-1.340050000000000130e-01
-2.308679999999999899e-01
1.844619999999999871e-01
3.542399999999999993e-01
3.010599999999999943e-01
3.976750000000000007e-01
5.250939999999999497e-01
4.034440000000000248e-01
1.511010000000000131e-01
-6.185500000000000026e-02
-1.636090000000000044e-01
-1.426830000000000043e-01
2.535439999999999916e-01
-1.476850000000000107e-01
-4.210409999999999986e-01
7.710350000000000259e-01
-8.831999999999999573e-02
-3.695049999999999724e-01
-2.241610999999999798e+00
-1.953041999999999945e+00
-6.876959999999999740e-01
4.728840000000000265e-01
-1.957157999999999953e+00
-6.538819999999999633e-01
5.618999999999999863e-03
5.362200000000000299e-02
8.033999999999999475e-02
2.050638000000000183e+00
1.323100000000000109e-01
-1.611067999999999945e+00
-2.733539999999999859e-01
7.630029999999999868e-01
-5.537720000000000420e-01
6.365800000000000347e-01
-2.241610999999999798e+00
-2.610499999999999973e-02
7.151159999999999739e-01
2.311662000000000106e+00
2.145769999999999900e-01
1.056505999999999945e+00
1.583189999999999875e-01
1.661667999999999923e+00
9.697900000000000409e-01
8.682050000000000045e-01
-7.129469999999999974e-01
-2.823140000000000094e-01
1.978310000000000068e-01
8.623060000000000169e-01
4.243815999999999811e+00
-7.587429999999999453e-01
1.272149999999999948e-01
2.635700000000000265e-01
7.432819999999999983e-01
-7.147019999999999484e-01
-2.143110000000000015e-01
2.109340000000000104e-01
3.948820000000000108e-01
-9.932509999999999950e-01
-4.727790000000000048e-01
-2.415859999999999952e-01
3.770530000000000270e-01
-2.073939999999999950e-01
2.391850000000000087e-01
7.533980000000000121e-01
2.358939999999999926e-01
-1.248768000000000100e+00
-2.222501999999999978e+00
-7.787830000000000030e-01
-1.460177999999999976e+00
-1.177216999999999958e+00
-8.652990000000000403e-01
-5.639189999999999481e-01
-6.111100000000000421e-01
1.075149999999999995e-01
-3.769239999999999813e-01
-6.302720000000000544e-01
2.150706000000000007e+00
-5.071569999999999689e-01
-3.234870000000000245e-01
-5.696830000000000505e-01
-1.118569999999999981e-01
-5.918999999999999782e-03
-2.141569999999999863e-01
-4.656410000000000271e-01
-8.487999999999999712e-02
-1.579440000000000011e-01
-2.462387999999999799e+00
-2.014521999999999924e+00
-7.358369999999999633e-01
-2.778919000000000139e+00
8.160939999999999861e-01
-2.455293999999999865e+00
-1.183130000000000015e-01
-1.473152999999999935e+00
-2.870200999999999780e+00
-2.586961000000000066e+00
-9.896019999999999817e-01
1.021660000000000068e-01
-6.275560000000000027e-01
-9.619320000000000093e-01
-8.830829999999999513e-01
-1.875038999999999900e+00
-2.892113000000000156e+00
-2.364818999999999782e+00
-2.642421999999999827e+00
-2.394772999999999818e+00
-2.600124999999999797e+00
-7.646180000000000199e-01
-2.399379999999999846e+00
-2.474642999999999926e+00
-2.151097000000000037e+00
-3.680789999999999895e-01
-1.585701000000000027e+00
-2.351236000000000104e+00
-1.122967000000000048e+00
3.301060000000000105e+00
-2.355408999999999864e+00
-2.556239999999999846e+00
-2.904139999999999944e+00
-1.825806999999999958e+00
-2.849396000000000040e+00
-2.611067999999999945e+00
9.529809999999999670e-01
-2.467614999999999892e+00
-2.569367999999999874e+00
-1.091830999999999996e+00
-2.382124999999999826e+00
8.063679999999999737e-01
-2.432246999999999826e+00
-4.075759999999999939e-01
-5.064290000000000180e-01
-8.348079999999999945e-01
-1.569914999999999949e+00
-1.669975999999999905e+00
1.902790000000000037e-01
-1.542073000000000027e+00
-1.431262000000000034e+00
-2.135040000000000049e+00
1.450171000000000099e+00
1.508216999999999919e+00
-1.315612000000000004e+00
7.998650000000000482e-01
-2.353086999999999929e+00
1.989609999999999990e-01
-5.398749999999999938e-01
-2.104108000000000089e+00
-5.442879999999999940e-01
-2.906727000000000061e+00
-6.509589999999999543e-01
-1.985462999999999978e+00
-1.208696999999999910e+00
-2.386000999999999816e+00
-1.837000000000000022e-01
6.289999999999999758e-02
-2.218539999999999957e-01
-1.697542000000000106e+00
-1.120481000000000060e+00
-2.451325000000000198e+00
4.016390000000000238e-01
-3.973920000000000230e-01
-2.650535999999999781e+00
-9.005429999999999824e-01
-2.924135000000000151e+00
-1.638897999999999966e+00
1.024020000000000069e-01
6.289999999999999758e-02
-1.470400000000000006e-02
-9.936840000000000117e-01
-2.453114999999999934e+00
-2.972330000000000250e-01
2.496224000000000220e+00
-1.122967000000000048e+00
-2.550699999999999842e-02
-9.371000000000000441e-01
-1.490698999999999996e+00
-1.211287999999999920e+00
-1.039976999999999929e+00
3.177849999999999842e-01
-2.805143999999999860e+00
-2.578645999999999994e+00
-6.342780000000000085e-01
-3.387680000000000136e-01
-2.386000999999999816e+00
-2.093218999999999941e+00
-2.112077999999999900e+00
-1.772742000000000040e+00
-1.457630999999999899e+00
-2.600680999999999798e+00
-2.900574000000000208e+00
-2.315611999999999782e+00
-1.710788999999999893e+00
-1.427300000000000013e+00
-2.107504000000000044e+00
-2.652949000000000002e+00
-5.003889999999999727e-01
1.520388000000000073e+00
-9.403599999999999459e-02
-1.273751000000000078e+00
-8.195750000000000535e-01
-2.001350000000000073e-01
-2.485536999999999885e+00
-1.029158999999999935e+00
-2.682669000000000192e+00
1.547481000000000106e+00
-1.806909000000000098e+00
-2.198020000000000085e+00
-4.676150000000000029e-01
-1.990793999999999953e+00
-1.682285999999999948e+00
-1.789436999999999944e+00
1.714163000000000103e+00
-1.271444000000000019e+00
-1.044310000000000072e+00
8.939899999999999514e-01
-2.257692000000000032e+00
-1.894500000000000073e-01
1.535244999999999971e+00
-1.851258000000000070e+00
-1.886840000000000073e+00
-3.156120000000000037e-01
-1.599139000000000088e+00
-2.274970000000000159e+00
-7.340860000000000163e-01
-2.938160000000000216e-01
2.257385000000000197e+00
2.580893999999999799e+00
2.291940000000000088e-01
-3.932030000000000247e-01
2.742199999999999846e-02
1.335510000000000030e-01
-9.449239999999999862e-01
-1.111941000000000068e+00
-2.472201999999999789e+00
-7.498430000000000373e-01
6.843879999999999963e-01
-8.561800000000000521e-01
-2.208696999999999910e+00
3.517392000000000074e+00
-2.742840999999999863e+00
5.521549000000000262e+00
-2.683552000000000159e+00
1.828146999999999966e+00
3.199845999999999968e+00
-2.290521000000000029e+00
1.328499999999999993e-02
-1.918328000000000033e+00
-1.128549000000000024e+00
-2.452151000000000192e+00
-8.762320000000000109e-01
-1.480860000000000065e+00
-1.676878000000000091e+00
-2.963799999999999768e-01
-3.827260000000000106e-01
-1.487673000000000023e+00
-4.804820000000000202e-01
-7.267919999999999936e-01
-1.163608999999999893e+00
5.390110000000000179e-01
-1.087806000000000051e+00
-7.360630000000000228e-01
5.110029999999999850e-01
1.307887000000000022e+00
1.635999999999999954e-01
-1.355688999999999922e+00
-1.337220000000000075e+00
-2.409038999999999930e+00
-2.393613999999999908e+00
-1.438706999999999958e+00
-1.541760000000000019e+00
-2.397849999999999981e-01
-2.301216999999999846e+00
-2.465330000000000021e-01
1.064159999999999995e+00
-4.087210000000000010e-01
-1.055595999999999979e+00
-2.465974999999999806e+00
-2.203136999999999901e+00
-2.537555999999999923e+00
-6.526469999999999771e-01
-2.905899999999999928e+00
-9.936840000000000117e-01
-2.731946000000000208e+00
-2.306134000000000128e+00
-2.839373000000000147e+00
-2.519442999999999877e+00
-2.759628999999999888e+00
-2.495219000000000076e+00
-2.625710000000000210e+00
-2.429177000000000142e+00
3.983570000000000166e-01
-1.695394999999999985e+00
7.316939999999999555e-01
1.577810000000000046e-01
-7.692000000000000053e-03
-1.414638000000000062e+00
-1.536879999999999913e-01
-1.093218999999999941e+00
2.473099999999999951e-02
-1.730649000000000104e+00
-4.531149999999999900e-01
-1.135467999999999922e+00
9.511749999999999927e-01
-3.314670000000000116e-01
-7.591839999999999700e-01
-2.130851999999999968e+00
-1.204579999999999984e+00
-7.404100000000000126e-01
-1.145070000000000032e+00
-1.425235999999999947e+00
1.114791000000000087e+00
-1.128716999999999970e+00
-2.194020000000000081e+00
-1.315612000000000004e+00
-1.004691999999999918e+00
-2.215085000000000193e+00
-1.830184999999999951e+00
-1.504035999999999929e+00
-7.102659999999999529e-01
7.129699999999999926e-02
-5.635390000000000121e-01
-5.204320000000000057e-01
-1.248498000000000108e+00
-3.562460000000000071e-01
-2.571599999999999997e-01
-3.788059999999999761e-01
-3.519909999999999983e-01
-3.622589999999999977e-01
-9.212749999999999551e-01
-2.383881999999999834e+00
-7.306489999999999929e-01
-1.822488000000000108e+00
-1.851664999999999894e+00
-2.122967000000000048e+00
-7.402260000000000506e-01
-7.766739999999999755e-01
-2.393613999999999908e+00
-2.756184000000000189e+00
-3.156120000000000037e-01
-2.440688999999999886e+00
3.057723000000000191e+00
-2.021881000000000039e+00
-3.589430000000000121e+00
-2.500036000000000147e+00
1.621397999999999895e+00
-2.263955999999999857e+00
-9.844060000000000032e-01
-2.770719999999999850e+00
-2.793191000000000201e+00
-2.100623000000000129e+00
-2.538003999999999927e+00
-2.325250000000000039e+00
-2.802653999999999979e+00
-8.550750000000000295e-01
2.857492000000000143e+00
-1.900573999999999986e+00
-2.822181000000000051e+00
-2.488396999999999970e+00
-2.116302999999999823e+00
-2.585045000000000037e+00
-5.786459999999999937e-01
-2.412002000000000201e+00
-2.201907999999999976e+00
-2.675508000000000219e+00
-2.200134999999999952e+00
-2.649235000000000007e+00
-2.355140000000000011e+00
2.995589999999999975e+00
-1.173502000000000045e+00
-1.140525000000000011e+00
-2.075940999999999814e+00
-1.788273999999999919e+00
-2.166399999999999992e-01
1.868889999999999996e-01
8.020399999999999752e-02
2.693510000000000071e-01
-6.635349999999999859e-01
-7.644410000000000371e-01
-8.681529999999999525e-01
-1.756183999999999967e+00
-2.124799999999999953e-02
1.603999999999999870e-02
7.177289999999999504e-01
-1.021881000000000039e+00
-5.082569999999999588e-01
-6.100900000000000073e-02
2.425809999999999911e-01
-2.640790000000000082e-01
-1.182746000000000075e+00
-1.728703000000000101e+00
-7.035489999999999799e-01
-5.862589999999999746e-01
-2.145687000000000122e+00
-6.500719999999999832e-01
-1.061580000000000024e-01
-3.497529999999999806e-01
-1.938466000000000022e+00
-2.915599999999999858e-01
-8.944739999999999913e-01
-4.225269999999999859e-01
-5.485889999999999933e-01
-8.654889999999999528e-01
-5.163950000000000484e-01
-5.091320000000000290e-01
-7.306489999999999929e-01
-5.490509999999999557e-01
-5.500770000000000381e-01
-1.947880000000000056e+00
-4.712299999999999822e-02
-7.161089999999999955e-01
-1.122967000000000048e+00
-2.967529999999999890e-01
-5.108679999999999888e-01
-8.297069999999999723e-01
-1.139779999999999960e-01
-5.619299999999999989e-02
1.538730000000000098e-01
-1.372750000000000081e-01
2.940019999999999856e-01
-8.628000000000000114e-01
-1.993684000000000012e+00
-1.300560000000000049e-01
-1.935959999999999903e-01
1.072550000000000031e-01
-5.070949999999999624e-01
-2.694122999999999823e+00
-1.730649000000000104e+00
-8.561800000000000521e-01
-1.508256999999999959e+00
-1.064716999999999913e+00
-6.226570000000000160e-01
-4.728870000000000018e-01
-2.315611999999999782e+00
-6.716830000000000300e-01
-1.307387000000000077e+00
-4.310890000000000000e-01
-1.187068000000000012e+00
-6.151720000000000521e-01
-3.156120000000000037e-01
-1.012219999999999898e+00
-1.305884000000000045e+00
-2.760326000000000057e+00
-2.858826000000000089e+00
-6.102729999999999544e-01
-1.886720000000000064e-01
-7.467300000000000326e-02
-6.116219999999999990e-01
2.623190000000000244e-01
-5.477849999999999664e-01
-1.335790000000000033e+00
-1.467614999999999892e+00
-2.257240000000000080e-01
7.375000000000000444e-01
-1.605118000000000045e+00
2.872959999999999958e-01
1.698149999999999937e-01
-3.021000000000000074e-02
-6.566490000000000382e-01
-1.219395999999999924e+00
-2.569367999999999874e+00
-2.264610999999999930e+00
-5.998050000000000326e-01
1.220607999999999915e+00
-8.014829999999999455e-01
-3.629080000000000084e-01
-2.315611999999999782e+00
-5.222080000000000055e-01
-2.454999999999999891e-02
-2.723977999999999788e+00
9.651589999999999892e-01
-7.306489999999999929e-01
-2.842509999999999759e-01
4.117569999999999841e-01
-1.315612000000000004e+00
-1.231548000000000087e+00
-3.827260000000000106e-01
3.574439999999999840e-01
3.086530000000000107e-01
-4.436740000000000128e-01
1.429580000000000017e-01
-4.337810000000000277e-01
8.724680000000000213e-01
-3.247610000000000219e-01
-6.585900000000000087e-02
2.575970000000000204e-01
3.099210000000000020e-01
-7.971000000000000307e-02
-9.371000000000000441e-01
-1.615172000000000052e+00
2.503469999999999862e-01
-3.217729999999999757e-01
-1.142916999999999961e+00
-6.703989999999999672e-01
-1.022253000000000078e+00
-1.969059999999999977e-01
3.852519999999999833e-01
-1.918439999999999868e-01
7.259109999999999729e-01
-1.162099999999999939e-02
-1.476540000000000075e-01
5.353090000000000348e-01
-3.694299999999999667e-02
9.144430000000000058e-01
-2.113800000000000123e-01
-2.457350000000000090e-01
-7.851400000000000046e-02
-6.452339999999999742e-01
-4.849019999999999997e-01
8.031699999999999950e-02
-3.757699999999999929e-01
-1.663983999999999908e+00
4.972599999999999937e-02
-8.181119999999999504e-01
-1.692523999999999917e+00
-5.782899999999999707e-01
-2.771676999999999946e+00
-2.434235000000000149e+00
-1.409078000000000053e+00
3.184029999999999916e-01
-1.605118000000000045e+00
5.378249999999999975e-01
5.784700000000000258e-02
-6.762100000000000055e-02
-1.513369999999999993e-01
-1.015270000000000061e-01
-4.884479999999999933e-01
-2.782087000000000199e+00
-1.415146999999999933e+00
1.802060000000000051e-01
2.079499999999999960e-01
-1.636090000000000044e-01
-1.625952000000000064e+00
-6.051180000000000447e-01
3.800169999999999937e-01
6.866999999999999840e-03
-2.175434000000000090e+00
4.213540000000000063e-01
-6.635349999999999859e-01
-7.667190000000000394e-01
-2.481735000000000024e+00
9.464820000000000455e-01
-1.218315000000000037e+00
-1.116160000000000069e-01
1.546999999999999938e-02
-1.139779999999999960e-01
-2.238751999999999853e+00
-2.417199999999999793e+00
8.190380000000000438e-01
-1.863099999999999978e+00
-1.294246000000000008e+00
-9.196830000000000283e-01
-2.320257999999999932e+00
-2.180769999999999875e+00
-1.538003999999999927e+00
-1.039976999999999929e+00
4.808549999999999769e-01
4.291309999999999847e-01
1.555655000000000010e+00
4.299569999999999781e-01
-6.225200000000000178e-02
4.062430000000000208e-01
-5.271160000000000290e-01
5.117100000000000121e-02
-1.245222000000000051e+00
7.009720000000000395e-01
4.837929999999999731e-01
4.766690000000000094e-01
4.878489999999999771e-01
-3.398590000000000222e-01
-4.621999999999999720e-02
-2.422809999999999964e-01
-2.281935999999999964e+00
-9.219479999999999897e-01
-8.074649999999999883e-01
-3.550400000000000084e-02
1.278710000000000124e-01
3.945359999999999978e-01
-9.213329999999999576e-01
3.690100000000000324e-02
-8.595099999999999962e-02
-1.346200000000000001e-02
-1.274969999999999937e+00
2.978069999999999884e-01
-2.190081000000000166e+00
-3.156120000000000037e-01
-4.087210000000000010e-01
-2.380699999999999830e-02
-1.408720999999999890e+00
-1.636090000000000044e-01
-1.052577000000000096e+00
2.512207000000000079e+00
-9.461999999999999925e-03
8.214850000000000207e-01
7.517799999999999483e-02
1.316656000000000049e+00
2.543329999999999758e-01
2.438160000000000049e-01
1.854313000000000100e+00
-1.178107999999999933e+00
1.022685000000000066e+00
4.132759999999999767e-01
-2.913640000000000119e-01
3.070999999999999945e-03
4.955419999999999825e-01
3.326979999999999937e-01
-5.581819999999999560e-01
2.982060000000000266e-01
