1, 2, 50.02265
1, 3, 20.18678
1, 4, 4.29811
1, 5, 0.58211
1, 6, -1.49217
1, 7, -1.41289
1, 8, -0.72681
1, 9, -1.58704
1, 10, -1.78259
1, 11, -1.36889
1, 12, -1.31158
1, 13, -1.43690
1, 14, -0.73813
1, 15, -0.93869
1, 16, -0.92666
1, 17, -0.68720
1, 18, -1.00774
1, 19, -1.06894
1, 20, -0.56606
1, 21, 0.06727
1, 22, -0.87655
1, 23, -1.43020
1, 24, -1.08593
1, 25, -0.62959
1, 26, -0.65959
1, 27, -1.45269
1, 28, -1.03876
1, 29, -1.10323
1, 30, -0.70359
1, 31, -0.90153
1, 32, -1.12073
1, 33, -1.47844
1, 34, -0.88303
1, 35, -0.85124
1, 36, -0.54790
1, 37, -0.89022
1, 38, -0.77058
1, 39, -0.63142
1, 40, -1.06673
1, 41, -1.35287
1, 42, -1.02872
1, 43, -1.90898
1, 44, -1.37892
1, 45, -2.20814
1, 46, -1.53882
1, 47, -0.77587
1, 48, -1.97122
1, 49, 0.32981
1, 50, 0.04365
1, 51, -1.42903
1, 52, -0.94005
1, 53, -0.96920
1, 54, -0.33444
1, 55, -0.69518
1, 56, -1.26513
1, 57, -0.21868
1, 58, -0.91555
1, 59, -0.78098
1, 60, -0.72150
1, 61, -0.82211
1, 62, -0.67690
1, 63, -0.72565
1, 64, -0.95681
1, 65, -0.06717
1, 66, -0.44398
1, 67, -0.64561
1, 68, -1.32378
1, 69, -0.63782
1, 70, -1.30794
1, 71, -0.33885
1, 72, -1.83391
1, 73, -1.34301
1, 74, -1.44114
1, 75, -0.86320
1, 76, -0.32555
1, 77, -1.11117
1, 78, -0.41905
1, 79, -0.92229
1, 80, -1.11068
1, 81, -1.20852
1, 82, -1.33096
2, 3, 34.62509
2, 4, 2.88150
2, 5, -0.77381
2, 6, -0.70485
2, 7, -0.43197
2, 8, -1.37149
2, 9, -2.05425
2, 10, -1.89773
2, 11, -1.64044
2, 12, -1.19049
2, 13, -0.53541
2, 14, -0.84011
2, 15, -1.13999
2, 16, -1.01440
2, 17, -1.45034
2, 18, -0.64609
2, 19, -0.96113
2, 20, -0.66833
2, 21, -1.26622
2, 22, -0.75391
2, 23, -1.58149
2, 24, -0.62902
2, 25, -1.27290
2, 26, -0.92792
2, 27, -1.60382
2, 28, -1.79598
2, 29, -0.96580
2, 30, -0.32113
2, 31, -0.88864
2, 32, -0.02667
2, 33, -0.96644
2, 34, -1.48339
2, 35, -1.63789
2, 36, -1.13004
2, 37, -1.36563
2, 38, -1.24640
2, 39, -0.88508
2, 40, -0.74201
2, 41, -0.68713
2, 42, -1.17506
2, 43, -1.99801
2, 44, -1.77597
2, 45, -1.39562
2, 46, -1.44137
2, 47, -1.72959
2, 48, -1.92679
2, 49, -0.43970
2, 50, -0.68240
2, 51, -0.97059
2, 52, -1.09712
2, 53, -0.68041
2, 54, -0.32456
2, 55, -0.98202
2, 56, -1.40796
2, 57, -0.89304
2, 58, -0.42727
2, 59, -1.18885
2, 60, -2.25398
2, 61, -1.56809
2, 62, -1.02578
2, 63, -1.14420
2, 64, -1.14635
2, 65, -0.39462
2, 66, -1.14620
2, 67, -1.20400
2, 68, -1.09263
2, 69, -1.01729
2, 70, -1.44102
2, 71, -0.83865
2, 72, -1.67924
2, 73, -1.30025
2, 74, -1.09748
2, 75, -1.37186
2, 76, -0.53083
2, 77, -1.63272
2, 78, 0.77502
2, 79, -1.05352
2, 80, -1.65539
2, 81, -1.50703
2, 82, -1.93725
3, 4, 7.13110
3, 5, 1.32844
3, 6, 0.77912
3, 7, -0.11644
3, 8, -0.53912
3, 9, -1.10859
3, 10, -1.00293
3, 11, -0.75382
3, 12, -1.00459
3, 13, -1.00924
3, 14, -0.29111
3, 15, -0.35846
3, 16, -0.76566
3, 17, -0.68909
3, 18, -0.77222
3, 19, -1.17803
3, 20, -0.89929
3, 21, -0.46930
3, 22, -0.90808
3, 23, -1.25628
3, 24, -0.55699
3, 25, -0.62715
3, 26, -0.38106
3, 27, -1.16220
3, 28, -2.21654
3, 29, -0.90693
3, 30, -0.83546
3, 31, 0.56749
3, 32, 0.14373
3, 33, -1.12187
3, 34, -0.49087
3, 35, -1.81172
3, 36, -0.59761
3, 37, -1.06969
3, 38, -0.65405
3, 39, -1.05121
3, 40, -0.35489
3, 41, -0.46935
3, 42, -0.82647
3, 43, -1.73137
3, 44, -1.50754
3, 45, -1.64184
3, 46, 0.29419
3, 47, -2.04769
3, 48, -1.46851
3, 49, -1.28278
3, 50, -0.54873
3, 51, -0.30489
3, 52, -0.71368
3, 53, -0.73254
3, 54, 0.14368
3, 55, -0.50783
3, 56, -1.33646
3, 57, -0.49562
3, 58, 0.09298
3, 59, -0.72747
3, 60, -1.67679
3, 61, -0.23614
3, 62, -0.68195
3, 63, -0.98619
3, 64, -0.58645
3, 65, -0.61734
3, 66, -0.83279
3, 67, -0.93126
3, 68, -0.53023
3, 69, -1.05188
3, 70, -0.81652
3, 71, -1.05376
3, 72, -1.34154
3, 73, -0.97716
3, 74, -1.36365
3, 75, -1.19839
3, 76, -0.84235
3, 77, -0.70572
3, 78, 0.35895
3, 79, -1.46660
3, 80, -1.39428
3, 81, -1.57226
3, 82, -1.39408
4, 5, 1.00353
4, 6, 1.54601
4, 7, 0.57110
4, 8, -0.65319
4, 9, -1.54624
4, 10, -1.60874
4, 11, -1.41082
4, 12, -1.00074
4, 13, 0.13596
4, 14, -0.44969
4, 15, -1.17254
4, 16, -0.28904
4, 17, 1.39220
4, 18, -0.08233
4, 19, -0.74677
4, 20, -1.17126
4, 21, -0.37657
4, 22, -0.62456
4, 23, -0.99923
4, 24, -1.80940
4, 25, -0.45955
4, 26, 0.06150
4, 27, 0.18771
4, 28, 1.27590
4, 29, 0.15474
4, 30, -0.03608
4, 31, 2.62572
4, 32, -0.03540
4, 33, -0.89099
4, 34, -1.20712
4, 35, -0.54032
4, 36, -0.21442
4, 37, -0.75601
4, 38, -0.89300
4, 39, -0.42675
4, 40, -0.78435
4, 41, 0.00746
4, 42, -0.85200
4, 43, -0.97107
4, 44, -0.97967
4, 45, -0.46403
4, 46, -0.71327
4, 47, -1.35658
4, 48, -0.66280
4, 49, -1.17788
4, 50, 4.50128
4, 51, -0.26813
4, 52, 1.02486
4, 53, 0.47093
4, 54, 3.08880
4, 55, 0.58662
4, 56, -0.65887
4, 57, 4.24007
4, 58, -0.42138
4, 59, -0.21140
4, 60, -1.57440
4, 61, 2.67179
4, 62, -0.11958
4, 63, -0.77351
4, 64, -1.00455
4, 65, -0.05001
4, 66, -0.45214
4, 67, 0.54112
4, 68, -0.69990
4, 69, -0.72908
4, 70, 0.78366
4, 71, -0.23711
4, 72, -0.57036
4, 73, 0.31716
4, 74, -0.63557
4, 75, -1.00461
4, 76, -0.76672
4, 77, -0.38590
4, 78, -0.63319
4, 79, -0.55664
4, 80, -1.18014
4, 81, -1.04554
4, 82, -0.13458
5, 6, 1.90525
5, 7, 0.75956
5, 8, 0.16354
5, 9, 8.66386
5, 10, -1.01787
5, 11, -1.20957
5, 12, -1.03653
5, 13, -1.07620
5, 14, -0.23220
5, 15, -0.83821
5, 16, -0.62131
5, 17, -1.08759
5, 18, -1.04810
5, 19, -0.85796
5, 20, -1.53608
5, 21, 2.46109
5, 22, 0.20382
5, 23, 1.16026
5, 24, -1.45358
5, 25, -0.19739
5, 26, -0.65860
5, 27, 1.82729
5, 28, 0.74540
5, 29, -1.12713
5, 30, -0.93390
5, 31, -0.92452
5, 32, 2.00404
5, 33, 0.08547
5, 34, 7.91720
5, 35, 1.68463
5, 36, 0.23904
5, 37, -1.16579
5, 38, -0.98293
5, 39, -1.13358
5, 40, -1.18189
5, 41, -0.60072
5, 42, 2.48555
5, 43, 1.82535
5, 44, -1.34631
5, 45, 0.85875
5, 46, -0.38037
5, 47, -0.86449
5, 48, -0.43952
5, 49, -1.32454
5, 50, 1.70539
5, 51, -1.22385
5, 52, -1.56702
5, 53, -1.30558
5, 54, -0.22981
5, 55, -0.62044
5, 56, -1.13450
5, 57, -0.63809
5, 58, -0.93639
5, 59, -0.17264
5, 60, -1.77570
5, 61, -1.08953
5, 62, -0.50510
5, 63, 0.82495
5, 64, -1.20509
5, 65, -1.29923
5, 66, -0.58898
5, 67, 1.87507
5, 68, -0.79146
5, 69, -1.08728
5, 70, -0.26939
5, 71, -0.65101
5, 72, -1.82026
5, 73, 0.36272
5, 74, -0.48806
5, 75, 0.61837
5, 76, -1.84042
5, 77, 4.72984
5, 78, -0.10213
5, 79, 4.05987
5, 80, -0.88859
5, 81, -1.11538
5, 82, -1.82438
6, 7, 0.01473
6, 8, 1.90711
6, 9, -0.68906
6, 10, -1.17542
6, 11, 0.94844
6, 12, -0.86288
6, 13, -0.87467
6, 14, -0.25019
6, 15, -0.62155
6, 16, 1.00796
6, 17, -0.81234
6, 18, -0.67859
6, 19, -0.92022
6, 20, 0.74643
6, 21, -0.53599
6, 22, -1.08404
6, 23, -0.24331
6, 24, 3.72836
6, 25, -0.40456
6, 26, -0.81381
6, 27, -0.23125
6, 28, -1.36500
6, 29, -1.41666
6, 30, -1.16899
6, 31, -0.20409
6, 32, 0.42090
6, 33, -0.62244
6, 34, -0.80882
6, 35, 0.28509
6, 36, -1.89124
6, 37, -1.33967
6, 38, -0.59858
6, 39, -0.84438
6, 40, -1.33246
6, 41, 0.96149
6, 42, -0.36411
6, 43, -1.14544
6, 44, -1.21731
6, 45, -1.97356
6, 46, -1.62044
6, 47, -1.60726
6, 48, 3.47338
6, 49, 2.67279
6, 50, -1.77931
6, 51, 2.62679
6, 52, -0.06528
6, 53, -1.23349
6, 54, -0.85564
6, 55, -1.10782
6, 56, 1.85223
6, 57, 4.42809
6, 58, -1.25543
6, 59, -0.33159
6, 60, 1.37358
6, 61, 8.35932
6, 62, 0.19401
6, 63, 0.22986
6, 64, 0.34834
6, 65, -0.20242
6, 66, 1.54600
6, 67, 0.14065
6, 68, 0.15714
6, 69, -0.91778
6, 70, -1.58991
6, 71, -0.91919
6, 72, -1.79011
6, 73, -1.41615
6, 74, 1.29422
6, 75, -1.30338
6, 76, 2.84692
6, 77, -0.95822
6, 78, 7.85866
6, 79, -1.29194
6, 80, -1.51286
6, 81, -1.13785
6, 82, -1.83407
7, 8, 2.59208
7, 9, 14.47774
7, 10, 2.57005
7, 11, -1.03056
7, 12, 1.44348
7, 13, -1.34350
7, 14, 2.06549
7, 15, -1.06599
7, 16, -0.83758
7, 17, -0.29515
7, 18, 0.87369
7, 19, -1.25553
7, 20, 0.52239
7, 21, -0.18954
7, 22, -1.19603
7, 23, 0.85158
7, 24, 3.10623
7, 25, 0.04277
7, 26, -0.88576
7, 27, -1.22776
7, 28, -2.16063
7, 29, -0.54796
7, 30, -1.27377
7, 31, 1.02874
7, 32, -0.57570
7, 33, -1.15713
7, 34, -0.52117
7, 35, 0.83501
7, 36, 0.70278
7, 37, 0.17756
7, 38, -0.48481
7, 39, -1.49311
7, 40, 0.38768
7, 41, -1.28336
7, 42, -0.79555
7, 43, -1.01852
7, 44, 5.17808
7, 45, -0.40252
7, 46, -0.03580
7, 47, 2.84429
7, 48, -1.12303
7, 49, 0.44549
7, 50, 0.08390
7, 51, 0.74828
7, 52, -0.03137
7, 53, 0.57227
7, 54, -0.41366
7, 55, -0.88920
7, 56, 0.21113
7, 57, -0.35136
7, 58, -0.74545
7, 59, -1.07118
7, 60, -1.63705
7, 61, -0.79579
7, 62, -1.12316
7, 63, -0.33953
7, 64, -0.84085
7, 65, 0.56634
7, 66, -1.42461
7, 67, -1.03124
7, 68, -1.00103
7, 69, -1.01548
7, 70, -0.59285
7, 71, -0.98091
7, 72, 0.71182
7, 73, -0.74264
7, 74, -0.36347
7, 75, 0.29889
7, 76, -0.22471
7, 77, 0.14563
7, 78, -0.12607
7, 79, -0.75379
7, 80, -1.08212
7, 81, -1.18131
7, 82, -1.38181
8, 9, -0.15142
8, 10, 0.42576
8, 11, 1.27006
8, 12, 1.20930
8, 13, -0.71916
8, 14, -0.16073
8, 15, 0.55984
8, 16, -0.15263
8, 17, -1.19194
8, 18, -0.81837
8, 19, -1.03193
8, 20, 4.68902
8, 21, -0.66436
8, 22, -0.71317
8, 23, -0.85600
8, 24, 12.53261
8, 25, 0.23663
8, 26, -1.03149
8, 27, -0.45866
8, 28, 2.39381
8, 29, -0.81159
8, 30, 1.90119
8, 31, -0.52928
8, 32, 0.16961
8, 33, -0.70238
8, 34, -1.06737
8, 35, -1.48070
8, 36, -0.80073
8, 37, -1.22666
8, 38, -0.94887
8, 39, -1.38690
8, 40, -1.31591
8, 41, -0.18379
8, 42, -1.28812
8, 43, -0.74217
8, 44, -0.59330
8, 45, -1.49937
8, 46, 0.31626
8, 47, -1.27193
8, 48, -0.17010
8, 49, 7.72319
8, 50, -0.41844
8, 51, 0.92328
8, 52, -0.45868
8, 53, -0.36120
8, 54, -0.96923
8, 55, -0.55521
8, 56, -0.16104
8, 57, -0.74823
8, 58, -0.15178
8, 59, -0.19001
8, 60, 1.65188
8, 61, 0.47929
8, 62, -1.14195
8, 63, -0.54219
8, 64, -0.62627
8, 65, -0.28228
8, 66, -1.34803
8, 67, -0.47390
8, 68, -1.04118
8, 69, -0.21449
8, 70, 0.65542
8, 71, -0.99970
8, 72, -0.82138
8, 73, -0.95960
8, 74, 1.65910
8, 75, -1.23309
8, 76, 3.41687
8, 77, -1.48599
8, 78, -1.31858
8, 79, -0.89727
8, 80, -1.26371
8, 81, -1.01716
8, 82, -0.04215
9, 10, 0.11735
9, 11, 4.71055
9, 12, -1.41005
9, 13, -0.29479
9, 14, 0.29539
9, 15, 3.39421
9, 16, 1.34683
9, 17, 4.00756
9, 18, -0.76233
9, 19, -0.42420
9, 20, -1.75423
9, 21, -1.36315
9, 22, -1.01184
9, 23, -1.17270
9, 24, -2.82270
9, 25, -0.81578
9, 26, 0.96979
9, 27, -1.57215
9, 28, -2.88199
9, 29, -0.83375
9, 30, -0.28359
9, 31, -0.43409
9, 32, -0.63927
9, 33, 0.38815
9, 34, 1.64163
9, 35, -0.11402
9, 36, -0.25994
9, 37, -1.23424
9, 38, -0.68488
9, 39, -1.47920
9, 40, 1.19794
9, 41, -1.42134
9, 42, 0.60805
9, 43, -1.40242
9, 44, -1.81595
9, 45, -1.80687
9, 46, 10.17383
9, 47, -2.04930
9, 48, 3.45253
9, 49, -1.72653
9, 50, 1.38821
9, 51, -1.18471
9, 52, -1.30129
9, 53, 1.34556
9, 54, -0.98671
9, 55, -1.32661
9, 56, -1.72669
9, 57, -0.13380
9, 58, -0.15471
9, 59, -1.35958
9, 60, -1.80512
9, 61, -1.66290
9, 62, -1.43851
9, 63, -1.08139
9, 64, -0.82501
9, 65, -1.38354
9, 66, -1.37042
9, 67, -1.69143
9, 68, -0.27196
9, 69, -1.43321
9, 70, 0.43980
9, 71, -1.01942
9, 72, 2.88131
9, 73, -0.83524
9, 74, -1.56939
9, 75, 10.15883
9, 76, -1.71464
9, 77, 0.86241
9, 78, 0.79158
9, 79, -0.77053
9, 80, -1.49571
9, 81, -1.82918
9, 82, -2.17497
10, 11, 3.98838
10, 12, -0.11685
10, 13, 6.24845
10, 14, -0.12086
10, 15, 1.50453
10, 16, 0.45699
10, 17, -0.94242
10, 18, 0.82307
10, 19, -1.04613
10, 20, 2.47125
10, 21, -0.76401
10, 22, 0.48201
10, 23, 4.24862
10, 24, -0.15754
10, 25, -0.38447
10, 26, -0.18938
10, 27, -0.56745
10, 28, -1.24574
10, 29, -0.59078
10, 30, -0.56050
10, 31, -0.85574
10, 32, 1.40300
10, 33, -0.46803
10, 34, -0.89252
10, 35, -1.35430
10, 36, -0.18614
10, 37, 0.06387
10, 38, 0.19798
10, 39, 1.70769
10, 40, 3.20024
10, 41, -0.64376
10, 42, 1.41900
10, 43, -0.57802
10, 44, -0.95907
10, 45, -1.81207
10, 46, -0.51842
10, 47, -0.15644
10, 48, -2.14300
10, 49, -0.56040
10, 50, -0.94184
10, 51, -1.32209
10, 52, -0.61555
10, 53, -0.64360
10, 54, -0.06639
10, 55, -0.87398
10, 56, -1.11513
10, 57, -1.20161
10, 58, -0.79936
10, 59, -0.68402
10, 60, -0.24647
10, 61, -0.70061
10, 62, -0.41204
10, 63, -0.43958
10, 64, -0.92859
10, 65, -0.92616
10, 66, -0.11813
10, 67, -0.21533
10, 68, -0.59191
10, 69, 0.74372
10, 70, -0.00754
10, 71, -0.07792
10, 72, 6.79250
10, 73, 0.43052
10, 74, 4.26201
10, 75, 1.94000
10, 76, -0.80051
10, 77, -0.70074
10, 78, -0.81560
10, 79, -0.31056
10, 80, -1.59552
10, 81, -1.36266
10, 82, -0.27064
11, 12, 1.69469
11, 13, -1.13368
11, 14, -0.40178
11, 15, 6.81455
11, 16, 2.10189
11, 17, -0.85198
11, 18, -0.62716
11, 19, -0.79979
11, 20, 2.82876
11, 21, -0.88411
11, 22, 0.08603
11, 23, -0.04500
11, 24, -0.21961
11, 25, -0.37114
11, 26, -0.55665
11, 27, -0.68956
11, 28, -1.74208
11, 29, -1.27130
11, 30, -1.18683
11, 31, -1.03178
11, 32, -1.49297
11, 33, -0.06134
11, 34, -1.37859
11, 35, 4.51667
11, 36, 0.04683
11, 37, 0.98441
11, 38, -1.20415
11, 39, -1.17680
11, 40, -1.27452
11, 41, -1.20834
11, 42, 1.70069
11, 43, 3.05138
11, 44, -1.75680
11, 45, 1.20245
11, 46, -0.27341
11, 47, 5.39594
11, 48, 0.53233
11, 49, 2.56125
11, 50, -1.13382
11, 51, 0.39769
11, 52, -0.44398
11, 53, -1.15945
11, 54, -1.16356
11, 55, -0.99823
11, 56, -0.52137
11, 57, -1.91781
11, 58, -0.69186
11, 59, -1.34969
11, 60, 0.46906
11, 61, 0.11071
11, 62, -0.95203
11, 63, -0.90012
11, 64, -1.18681
11, 65, 1.51631
11, 66, 1.12547
11, 67, -0.83836
11, 68, -1.00694
11, 69, -0.29849
11, 70, 0.34761
11, 71, 0.94797
11, 72, -0.01670
11, 73, -0.76684
11, 74, 2.57234
11, 75, -0.32285
11, 76, -0.51974
11, 77, -1.16615
11, 78, -1.10003
11, 79, -1.06562
11, 80, -1.42863
11, 81, -1.41918
11, 82, -0.36456
12, 13, 0.10158
12, 14, 3.68331
12, 15, 6.61813
12, 16, 0.27652
12, 17, -0.20030
12, 18, 0.05990
12, 19, 0.52636
12, 20, -0.76428
12, 21, -0.53195
12, 22, -0.44506
12, 23, 3.30584
12, 24, -1.87452
12, 25, 0.23729
12, 26, -0.75852
12, 27, -0.78293
12, 28, -2.03687
12, 29, -0.55016
12, 30, 0.58893
12, 31, -0.41019
12, 32, -0.84036
12, 33, -0.93128
12, 34, 3.17568
12, 35, -0.72781
12, 36, -0.22496
12, 37, -0.96544
12, 38, 0.64640
12, 39, -0.94437
12, 40, -0.11771
12, 41, -0.68613
12, 42, -0.22657
12, 43, 0.75057
12, 44, -0.56553
12, 45, -0.17536
12, 46, -0.75901
12, 47, 1.35541
12, 48, -0.69854
12, 49, -1.25135
12, 50, -0.08825
12, 51, -1.66454
12, 52, -0.63246
12, 53, -0.93008
12, 54, -0.78118
12, 55, -0.26602
12, 56, -0.83964
12, 57, -0.33384
12, 58, 0.44639
12, 59, 0.70072
12, 60, -1.35605
12, 61, -0.06570
12, 62, -0.23197
12, 63, -0.95358
12, 64, 0.20849
12, 65, -1.01138
12, 66, -0.94655
12, 67, 0.40127
12, 68, -0.67224
12, 69, 4.47661
12, 70, 1.33584
12, 71, -0.52543
12, 72, -0.09602
12, 73, 2.79350
12, 74, 3.76259
12, 75, -0.81191
12, 76, 1.25302
12, 77, 1.67172
12, 78, -0.83769
12, 79, -0.70080
12, 80, -0.95077
12, 81, -1.23738
12, 82, -1.12344
13, 14, 0.45768
13, 15, 0.76367
13, 16, 1.43837
13, 17, -0.60700
13, 18, -0.54406
13, 19, -0.28742
13, 20, -0.62485
13, 21, -0.33500
13, 22, -0.65615
13, 23, -1.01166
13, 24, -2.14754
13, 25, -0.64079
13, 26, -0.49144
13, 27, 2.44568
13, 28, -2.04694
13, 29, -0.75657
13, 30, -1.14638
13, 31, 0.44478
13, 32, -0.79526
13, 33, 0.61201
13, 34, -0.70708
13, 35, -1.27598
13, 36, -0.91409
13, 37, 1.83571
13, 38, -0.86124
13, 39, -0.39863
13, 40, -0.80357
13, 41, -0.00955
13, 42, 4.51266
13, 43, 2.05297
13, 44, 1.62819
13, 45, 9.71019
13, 46, -1.19158
13, 47, -1.69665
13, 48, -1.55697
13, 49, -1.03264
13, 50, 2.57628
13, 51, -1.09422
13, 52, -0.97080
13, 53, -0.63568
13, 54, -0.51485
13, 55, -0.84773
13, 56, -1.03045
13, 57, -1.29094
13, 58, -0.68570
13, 59, -0.97993
13, 60, -1.91542
13, 61, -0.99913
13, 62, -0.72672
13, 63, 0.34067
13, 64, -1.16385
13, 65, -0.01505
13, 66, -1.06198
13, 67, -0.96581
13, 68, -0.40421
13, 69, 0.55660
13, 70, -0.39479
13, 71, 0.56504
13, 72, 17.68804
13, 73, -0.13081
13, 74, -1.27558
13, 75, -1.42138
13, 76, -1.23297
13, 77, -0.99123
13, 78, 1.50442
13, 79, -0.34616
13, 80, -0.62395
13, 81, -1.46457
13, 82, -1.28853
14, 15, 2.76450
14, 16, 0.37618
14, 17, 1.77017
14, 18, 0.31638
14, 19, -0.34757
14, 20, 0.08443
14, 21, 1.26260
14, 22, 0.20309
14, 23, -0.11922
14, 24, -0.55275
14, 25, 0.04742
14, 26, 0.00290
14, 27, -0.07914
14, 28, -1.33713
14, 29, -0.72641
14, 30, -0.79203
14, 31, 0.11411
14, 32, -0.59056
14, 33, -0.74252
14, 34, -0.03974
14, 35, -0.24684
14, 36, -0.37237
14, 37, -0.42623
14, 38, -0.53405
14, 39, -0.43339
14, 40, -0.87540
14, 41, 0.01506
14, 42, -0.28312
14, 43, -0.28704
14, 44, 1.71065
14, 45, 0.08013
14, 46, 1.61382
14, 47, -0.96731
14, 48, -0.98682
14, 49, -1.04988
14, 50, 1.12409
14, 51, 0.70138
14, 52, -0.40400
14, 53, -0.44756
14, 54, -0.34712
14, 55, 0.01323
14, 56, -0.75520
14, 57, -0.73611
14, 58, 0.39531
14, 59, -0.35730
14, 60, -0.24753
14, 61, -0.76985
14, 62, 0.21743
14, 63, -0.03971
14, 64, -0.54248
14, 65, -0.16295
14, 66, -0.56422
14, 67, -0.65247
14, 68, 1.44298
14, 69, 0.10093
14, 70, 2.76959
14, 71, 0.73222
14, 72, -0.77342
14, 73, -0.35069
14, 74, -0.91785
14, 75, 1.35576
14, 76, -0.42281
14, 77, -0.69153
14, 78, 0.04521
14, 79, 0.97573
14, 80, -0.75687
14, 81, -1.02500
14, 82, -0.88530
15, 16, 0.78858
15, 17, -0.80338
15, 18, -0.40624
15, 19, 3.86531
15, 20, 3.24022
15, 21, -0.11944
15, 22, 1.94784
15, 23, -0.39521
15, 24, -0.54868
15, 25, -0.29227
15, 26, -0.12046
15, 27, -1.03084
15, 28, -1.55668
15, 29, -0.78235
15, 30, -0.71389
15, 31, -0.49137
15, 32, -0.65566
15, 33, -0.90352
15, 34, -1.01187
15, 35, 0.01297
15, 36, 0.17883
15, 37, 0.38781
15, 38, -0.50491
15, 39, -0.70231
15, 40, 0.14403
15, 41, -0.93150
15, 42, -0.80869
15, 43, -0.03964
15, 44, -0.98411
15, 45, -1.39360
15, 46, -0.85065
15, 47, -0.44450
15, 48, 0.54888
15, 49, -0.38207
15, 50, -0.79404
15, 51, -0.96687
15, 52, -1.02796
15, 53, -1.01510
15, 54, -0.72366
15, 55, -0.74779
15, 56, 1.02820
15, 57, -1.27745
15, 58, -0.64382
15, 59, -0.84356
15, 60, 0.99744
15, 61, -1.46379
15, 62, -0.56981
15, 63, 0.48690
15, 64, -0.40455
15, 65, -0.76977
15, 66, -0.20443
15, 67, -0.10264
15, 68, -0.96352
15, 69, 3.77182
15, 70, 2.36397
15, 71, 1.34073
15, 72, -0.80262
15, 73, 2.05655
15, 74, -0.12803
15, 75, -1.57615
15, 76, -1.09572
15, 77, -0.02664
15, 78, -1.18653
15, 79, -1.35202
15, 80, -1.21131
15, 81, -1.42542
15, 82, -1.35357
16, 17, 0.11843
16, 18, 8.03143
16, 19, 4.23019
16, 20, 0.50848
16, 21, 0.04052
16, 22, 0.67599
16, 23, -0.33084
16, 24, -0.25726
16, 25, -0.25629
16, 26, -0.14708
16, 27, 0.68921
16, 28, -1.38696
16, 29, 0.16639
16, 30, -0.86116
16, 31, -0.43286
16, 32, -0.48268
16, 33, -0.72386
16, 34, 0.69069
16, 35, 0.37940
16, 36, -0.38968
16, 37, 2.52897
16, 38, 0.33748
16, 39, 0.62333
16, 40, -0.58268
16, 41, -0.16071
16, 42, -0.57251
16, 43, 0.68831
16, 44, -1.04813
16, 45, -1.38660
16, 46, -0.71712
16, 47, -0.10372
16, 48, 0.97799
16, 49, 0.13692
16, 50, -0.08015
16, 51, -0.13620
16, 52, 0.03261
16, 53, -0.79222
16, 54, -0.38555
16, 55, -0.51285
16, 56, 0.01074
16, 57, -0.76340
16, 58, -0.32436
16, 59, -0.43780
16, 60, -0.56336
16, 61, -0.31633
16, 62, 0.26720
16, 63, -0.50480
16, 64, -0.83952
16, 65, -0.86206
16, 66, -0.56184
16, 67, -0.12531
16, 68, -0.19588
16, 69, 0.04397
16, 70, -0.57056
16, 71, -0.01211
16, 72, -0.51044
16, 73, -0.84646
16, 74, -1.09446
16, 75, -0.77210
16, 76, -0.82474
16, 77, 0.18881
16, 78, -0.35283
16, 79, -0.57698
16, 80, -0.56261
16, 81, -0.58645
16, 82, -0.98111
17, 18, 1.09384
17, 19, -0.16523
17, 20, 0.47375
17, 21, 8.06508
17, 22, 0.42811
17, 23, -1.13281
17, 24, -0.57259
17, 25, -0.28736
17, 26, -0.89998
17, 27, -1.26043
17, 28, 0.07610
17, 29, -0.94887
17, 30, -0.55848
17, 31, 0.88904
17, 32, 2.22925
17, 33, 5.68146
17, 34, 0.90696
17, 35, 4.45434
17, 36, 0.52500
17, 37, 9.61870
17, 38, -0.13607
17, 39, -0.69597
17, 40, -0.25064
17, 41, 1.53080
17, 42, -1.11036
17, 43, -0.68369
17, 44, -0.23612
17, 45, -1.59648
17, 46, -0.24314
17, 47, -0.93251
17, 48, 2.74731
17, 49, -1.15773
17, 50, -0.96726
17, 51, -1.52948
17, 52, -1.14546
17, 53, -0.94322
17, 54, 0.23820
17, 55, -0.75121
17, 56, -1.09332
17, 57, -1.57456
17, 58, -0.62784
17, 59, -0.71528
17, 60, -1.31016
17, 61, -1.01446
17, 62, -0.58144
17, 63, -0.64927
17, 64, -1.21688
17, 65, -0.87271
17, 66, -0.81886
17, 67, 0.23899
17, 68, -0.87745
17, 69, -0.80089
17, 70, -0.88522
17, 71, -1.03478
17, 72, -1.41214
17, 73, -0.62006
17, 74, -0.53306
17, 75, 0.29105
17, 76, 1.16554
17, 77, 0.76064
17, 78, -1.06453
17, 79, -0.10206
17, 80, -1.14157
17, 81, -0.57769
17, 82, -1.24585
18, 19, 2.85100
18, 20, -0.50644
18, 21, 1.97731
18, 22, 0.96636
18, 23, -0.67807
18, 24, -0.93663
18, 25, 0.53136
18, 26, 0.75782
18, 27, -0.77774
18, 28, -1.33784
18, 29, 0.82854
18, 30, -0.89218
18, 31, 0.01872
18, 32, -0.31387
18, 33, -0.47409
18, 34, -0.59074
18, 35, -0.87114
18, 36, -0.39326
18, 37, 0.11140
18, 38, 0.46139
18, 39, -0.27177
18, 40, 0.02642
18, 41, -0.60406
18, 42, -0.20230
18, 43, 1.59422
18, 44, 1.35599
18, 45, -1.17937
18, 46, -0.23105
18, 47, -0.05520
18, 48, 0.93226
18, 49, -0.69143
18, 50, 0.11608
18, 51, -0.48185
18, 52, -0.42080
18, 53, 0.62767
18, 54, 0.19294
18, 55, 0.77884
18, 56, -0.72845
18, 57, -0.65945
18, 58, -0.07797
18, 59, 0.48580
18, 60, -0.24667
18, 61, -0.31251
18, 62, 0.65689
18, 63, -0.35496
18, 64, -0.78001
18, 65, -0.75788
18, 66, 0.98348
18, 67, -0.43192
18, 68, 0.55230
18, 69, -0.30005
18, 70, 0.67453
18, 71, -0.75866
18, 72, -0.09639
18, 73, -0.05309
18, 74, -0.40838
18, 75, -0.72393
18, 76, -0.61047
18, 77, 0.19745
18, 78, -0.44986
18, 79, -0.26832
18, 80, -0.41147
18, 81, -0.59002
18, 82, -1.00330
19, 20, -0.14849
19, 21, 0.10761
19, 22, 9.24201
19, 23, 3.42278
19, 24, -0.92191
19, 25, 0.00587
19, 26, 0.12570
19, 27, -0.10073
19, 28, -1.08576
19, 29, -0.22766
19, 30, -1.14351
19, 31, -0.21027
19, 32, -0.31600
19, 33, 0.60028
19, 34, -0.59567
19, 35, -0.59050
19, 36, -0.67804
19, 37, -0.08643
19, 38, -0.53650
19, 39, -0.59130
19, 40, 0.38863
19, 41, -0.23521
19, 42, 0.30379
19, 43, 0.77638
19, 44, -0.47699
19, 45, -0.70956
19, 46, -1.27729
19, 47, -1.53034
19, 48, 0.97326
19, 49, 0.23857
19, 50, -0.99808
19, 51, -1.01387
19, 52, -0.46573
19, 53, -0.62368
19, 54, 0.66796
19, 55, -0.34703
19, 56, -0.13206
19, 57, -0.47420
19, 58, 0.25552
19, 59, -0.49497
19, 60, -1.75228
19, 61, -0.24446
19, 62, -0.64562
19, 63, -0.39964
19, 64, -0.02660
19, 65, -0.24072
19, 66, -0.27759
19, 67, 0.38392
19, 68, -0.58332
19, 69, 0.06036
19, 70, 9.58313
19, 71, -0.07962
19, 72, -0.13218
19, 73, 0.44107
19, 74, 0.01142
19, 75, -1.00794
19, 76, -1.20459
19, 77, -0.30207
19, 78, -0.90755
19, 79, -1.23580
19, 80, -0.52225
19, 81, -1.09671
19, 82, -1.41891
20, 21, -0.14979
20, 22, -0.36924
20, 23, -0.52381
20, 24, 1.58692
20, 25, 0.92837
20, 26, -0.55224
20, 27, -1.19533
20, 28, 0.37785
20, 29, -1.10218
20, 30, 2.58384
20, 31, -0.38995
20, 32, -0.04111
20, 33, 0.59455
20, 34, -0.71799
20, 35, 5.86929
20, 36, -0.51748
20, 37, -1.46537
20, 38, -1.00074
20, 39, -0.97918
20, 40, -0.53667
20, 41, -1.28656
20, 42, -1.39863
20, 43, 1.29661
20, 44, -0.40000
20, 45, -0.65209
20, 46, -0.10453
20, 47, 4.53578
20, 48, 0.29075
20, 49, -0.01464
20, 50, -1.18303
20, 51, 2.55081
20, 52, -1.16047
20, 53, 0.06628
20, 54, -0.28997
20, 55, 0.07732
20, 56, 0.88136
20, 57, 0.31871
20, 58, -1.07471
20, 59, -0.71476
20, 60, 3.61268
20, 61, 0.02650
20, 62, -0.07274
20, 63, -1.19168
20, 64, -1.24909
20, 65, -0.82513
20, 66, 0.07302
20, 67, 1.34754
20, 68, -0.78924
20, 69, -0.73796
20, 70, -1.12418
20, 71, 0.89763
20, 72, -1.31633
20, 73, -0.78371
20, 74, 0.17555
20, 75, -1.53709
20, 76, -1.00654
20, 77, -0.90935
20, 78, -0.94597
20, 79, -0.96880
20, 80, -1.01745
20, 81, -1.56014
20, 82, -1.26420
21, 22, 0.58611
21, 23, -0.13321
21, 24, -1.11704
21, 25, 2.90633
21, 26, -0.11563
21, 27, 0.52360
21, 28, 2.11250
21, 29, 2.61564
21, 30, 0.85861
21, 31, 0.75897
21, 32, 0.86844
21, 33, 3.07429
21, 34, -0.17521
21, 35, -0.70136
21, 36, -0.42231
21, 37, -0.34690
21, 38, -0.54848
21, 39, -0.56458
21, 40, -0.69568
21, 41, 0.15337
21, 42, -0.52696
21, 43, -0.53549
21, 44, 0.58532
21, 45, -0.50225
21, 46, -0.66688
21, 47, -1.21350
21, 48, 0.00111
21, 49, -0.53431
21, 50, 0.65079
21, 51, 0.91855
21, 52, -0.45796
21, 53, -0.72015
21, 54, -0.55982
21, 55, -0.20257
21, 56, -0.76877
21, 57, -0.69331
21, 58, -0.47764
21, 59, -0.25176
21, 60, -1.09105
21, 61, -0.95603
21, 62, -0.34855
21, 63, 0.06306
21, 64, -0.87865
21, 65, -0.86588
21, 66, 1.19466
21, 67, -0.01191
21, 68, -0.55122
21, 69, -0.43124
21, 70, 0.38182
21, 71, -0.68874
21, 72, -1.05127
21, 73, -0.73508
21, 74, -1.17744
21, 75, -0.77825
21, 76, -0.87282
21, 77, 0.59366
21, 78, 0.68658
21, 79, -0.29580
21, 80, -0.94158
21, 81, -1.18377
21, 82, -0.38977
22, 23, 1.98416
22, 24, 0.65832
22, 25, 1.75638
22, 26, 0.18092
22, 27, -0.72143
22, 28, 0.42293
22, 29, 0.00961
22, 30, 0.22010
22, 31, 0.19577
22, 32, -0.15027
22, 33, -0.39928
22, 34, -0.13150
22, 35, -1.08147
22, 36, -0.62307
22, 37, 0.12161
22, 38, 1.23911
22, 39, 1.18941
22, 40, -0.54692
22, 41, -0.29911
22, 42, 0.23301
22, 43, -0.37548
22, 44, -0.48945
22, 45, 1.26070
22, 46, -0.89890
22, 47, -0.60763
22, 48, -0.89478
22, 49, -0.39609
22, 50, -0.65646
22, 51, 0.34792
22, 52, 0.17994
22, 53, -0.21636
22, 54, -0.32684
22, 55, 0.88147
22, 56, -0.59490
22, 57, -0.65805
22, 58, -0.06770
22, 59, 0.89510
22, 60, -1.21146
22, 61, -0.44410
22, 62, 1.78783
22, 63, 0.34050
22, 64, -0.63307
22, 65, -0.62840
22, 66, -0.83261
22, 67, 0.55647
22, 68, -0.30079
22, 69, -0.21777
22, 70, -0.18152
22, 71, 0.05917
22, 72, -0.92957
22, 73, 0.39005
22, 74, -0.34842
22, 75, -0.68205
22, 76, -0.22833
22, 77, -0.64996
22, 78, -0.75338
22, 79, -0.89020
22, 80, -0.75440
22, 81, -0.74580
22, 82, -0.97786
23, 24, -0.87315
23, 25, 0.07501
23, 26, 1.73006
23, 27, 1.90862
23, 28, -0.99063
23, 29, -0.96073
23, 30, -0.36681
23, 31, -0.38626
23, 32, -0.64209
23, 33, -0.74526
23, 34, -1.36486
23, 35, -0.80877
23, 36, 0.25223
23, 37, -0.76480
23, 38, -0.60644
23, 39, -0.47651
23, 40, -0.13781
23, 41, -1.17114
23, 42, -0.61916
23, 43, -1.96176
23, 44, -1.28998
23, 45, -1.57022
23, 46, -0.93949
23, 47, -1.32041
23, 48, -0.91886
23, 49, 0.92668
23, 50, -0.70410
23, 51, 0.15654
23, 52, 0.50640
23, 53, -0.72206
23, 54, -0.65632
23, 55, -0.43203
23, 56, -0.28304
23, 57, 1.11665
23, 58, -0.39559
23, 59, -0.57444
23, 60, 1.91599
23, 61, -0.35542
23, 62, -0.52264
23, 63, 0.09090
23, 64, 8.19223
23, 65, 0.09011
23, 66, 0.10360
23, 67, 1.92680
23, 68, 0.11330
23, 69, 1.10250
23, 70, -0.51296
23, 71, -1.13321
23, 72, -1.37465
23, 73, -0.14808
23, 74, 9.53731
23, 75, -1.15133
23, 76, -0.68728
23, 77, 0.59786
23, 78, -0.64935
23, 79, -0.90105
23, 80, -0.88314
23, 81, -1.43240
23, 82, -0.95414
24, 25, 3.83469
24, 26, -0.78812
24, 27, 1.53975
24, 28, 1.47649
24, 29, -1.26615
24, 30, 2.00912
24, 31, -0.78787
24, 32, -0.05899
24, 33, 1.03943
24, 34, 0.23915
24, 35, 3.16693
24, 36, -1.84584
24, 37, -0.92261
24, 38, -0.52129
24, 39, -0.84801
24, 40, -1.24462
24, 41, -1.76889
24, 42, -1.56891
24, 43, -1.45627
24, 44, -1.10345
24, 45, -2.42369
24, 46, 0.81431
24, 47, 2.62545
24, 48, -0.34529
24, 49, 2.54323
24, 50, -0.99358
24, 51, 0.34239
24, 52, -0.57600
24, 53, 0.08835
24, 54, -1.39192
24, 55, -1.38664
24, 56, 0.04774
24, 57, -0.25765
24, 58, -1.08016
24, 59, -1.29909
24, 60, 5.91201
24, 61, 0.19704
24, 62, -0.49377
24, 63, 0.14736
24, 64, 4.13633
24, 65, 1.23778
24, 66, 0.28408
24, 67, -1.42824
24, 68, -1.53685
24, 69, 0.31606
24, 70, -1.48503
24, 71, 0.40868
24, 72, -1.68640
24, 73, -1.23266
24, 74, -0.05973
24, 75, -0.93604
24, 76, 3.98277
24, 77, -1.63202
24, 78, -1.29402
24, 79, -1.54731
24, 80, -1.10296
24, 81, -0.24771
24, 82, -0.49621
25, 26, 2.42821
25, 27, -0.52630
25, 28, 2.97318
25, 29, 0.12002
25, 30, 4.58011
25, 31, -0.34829
25, 32, -0.21667
25, 33, -0.64817
25, 34, -0.41170
25, 35, -0.74114
25, 36, 0.79097
25, 37, -0.70500
25, 38, -0.37599
25, 39, -0.46300
25, 40, 0.04794
25, 41, -0.58134
25, 42, -0.59624
25, 43, 0.70360
25, 44, -0.05861
25, 45, -1.09047
25, 46, -0.49685
25, 47, -1.05614
25, 48, 1.35524
25, 49, -0.64049
25, 50, 0.34098
25, 51, 0.21404
25, 52, 0.13913
25, 53, -0.66476
25, 54, -0.13749
25, 55, 0.35622
25, 56, -0.42714
25, 57, -1.06014
25, 58, -0.07426
25, 59, -0.05930
25, 60, -1.23631
25, 61, -0.73376
25, 62, -0.48230
25, 63, -0.18381
25, 64, -0.56057
25, 65, -0.62897
25, 66, -0.67192
25, 67, -0.01151
25, 68, 1.30667
25, 69, 0.27074
25, 70, -0.46986
25, 71, -0.38588
25, 72, -0.93397
25, 73, -0.48323
25, 74, -0.33463
25, 75, -1.03026
25, 76, 0.71622
25, 77, 0.11462
25, 78, -0.55621
25, 79, 0.85096
25, 80, 0.09374
25, 81, -0.91491
25, 82, -0.79767
26, 27, 3.30972
26, 28, 2.94535
26, 29, 0.15040
26, 30, 2.47468
26, 31, -0.01192
26, 32, 0.30873
26, 33, -0.50000
26, 34, -0.74001
26, 35, -1.07745
26, 36, -0.53418
26, 37, 1.91129
26, 38, -0.45093
26, 39, -0.42625
26, 40, 0.94161
26, 41, 0.14264
26, 42, 0.88839
26, 43, 0.30190
26, 44, 0.35253
26, 45, 0.19846
26, 46, -0.88815
26, 47, -1.10456
26, 48, 0.65854
26, 49, -0.66292
26, 50, -0.80976
26, 51, -0.42970
26, 52, -0.61750
26, 53, -0.29782
26, 54, -0.05256
26, 55, -0.33641
26, 56, 0.06022
26, 57, -1.02566
26, 58, -0.36907
26, 59, 1.13537
26, 60, -1.06526
26, 61, 1.28537
26, 62, 0.67815
26, 63, 0.32174
26, 64, 0.41385
26, 65, -0.31131
26, 66, 0.60181
26, 67, 0.70090
26, 68, 0.80233
26, 69, -0.14771
26, 70, 0.03414
26, 71, 0.00700
26, 72, -0.61464
26, 73, -0.49818
26, 74, -0.50526
26, 75, -0.72665
26, 76, -0.92393
26, 77, 0.79074
26, 78, -0.13847
26, 79, -0.05233
26, 80, -0.91976
26, 81, -1.04312
26, 82, -0.86400
27, 28, 7.22768
27, 29, 0.40859
27, 30, 0.58516
27, 31, 1.40124
27, 32, -0.67083
27, 33, -0.66545
27, 34, 0.85534
27, 35, -0.72250
27, 36, -0.98578
27, 37, -0.82334
27, 38, -1.55200
27, 39, -0.21841
27, 40, -1.17912
27, 41, -0.97573
27, 42, -0.69301
27, 43, -1.43929
27, 44, 1.88188
27, 45, -1.54578
27, 46, -1.50563
27, 47, -1.71040
27, 48, 4.42895
27, 49, -0.79227
27, 50, -0.23116
27, 51, 2.23468
27, 52, 0.71397
27, 53, -0.57942
27, 54, -0.59200
27, 55, -0.12084
27, 56, 0.04747
27, 57, 0.39516
27, 58, -0.45325
27, 59, -0.41931
27, 60, -0.84594
27, 61, -0.97574
27, 62, 2.07541
27, 63, 4.91620
27, 64, 2.13147
27, 65, 0.51096
27, 66, -0.75611
27, 67, 0.85559
27, 68, -0.94356
27, 69, -0.28896
27, 70, -1.42074
27, 71, -0.96055
27, 72, -0.90235
27, 73, 0.85834
27, 74, 2.06977
27, 75, 0.72296
27, 76, -0.02940
27, 77, -1.24384
27, 78, -0.87339
27, 79, -0.50351
27, 80, -1.15477
27, 81, -1.25822
27, 82, -1.18797
28, 29, 7.79811
28, 30, 11.73479
28, 31, 2.01703
28, 32, -0.71200
28, 33, 1.46118
28, 34, 0.93411
28, 35, -1.66418
28, 36, -1.80131
28, 37, -0.24909
28, 38, -0.22289
28, 39, -1.54277
28, 40, -1.20610
28, 41, 0.49910
28, 42, -1.83037
28, 43, -2.87326
28, 44, -1.05905
28, 45, -3.01783
28, 46, -1.69996
28, 47, -0.27074
28, 48, -1.03859
28, 49, 2.59404
28, 50, -0.69539
28, 51, 0.29906
28, 52, 3.30288
28, 53, 0.30757
28, 54, 1.15284
28, 55, -0.83759
28, 56, 0.18666
28, 57, 6.29510
28, 58, 0.26589
28, 59, 0.03566
28, 60, 3.21697
28, 61, 0.30792
28, 62, -1.40853
28, 63, 1.16632
28, 64, 1.25888
28, 65, -1.65258
28, 66, -1.67672
28, 67, -1.70307
28, 68, -1.84331
28, 69, -0.75251
28, 70, -0.56624
28, 71, 2.11682
28, 72, -2.19655
28, 73, -1.64876
28, 74, -0.86998
28, 75, -0.36849
28, 76, 0.90292
28, 77, -2.26385
28, 78, -1.38664
28, 79, -1.87439
28, 80, -0.75157
28, 81, -1.22000
28, 82, 0.13393
29, 30, 0.19604
29, 31, 2.82183
29, 32, -0.18600
29, 33, -0.53105
29, 34, -0.18954
29, 35, -0.54719
29, 36, -0.50328
29, 37, -0.47503
29, 38, -0.94062
29, 39, -0.76186
29, 40, 0.20073
29, 41, -0.05926
29, 42, -0.82401
29, 43, -0.65911
29, 44, -0.16458
29, 45, -1.52222
29, 46, -0.55890
29, 47, -1.14875
29, 48, -0.46952
29, 49, -1.03174
29, 50, 0.44416
29, 51, -0.36050
29, 52, 15.07718
29, 53, -0.17212
29, 54, -0.60900
29, 55, -0.46915
29, 56, 2.68505
29, 57, -1.11925
29, 58, -0.02435
29, 59, 1.92160
29, 60, -1.13414
29, 61, -0.28559
29, 62, 1.52856
29, 63, -0.06835
29, 64, -0.54430
29, 65, -0.89748
29, 66, 0.16068
29, 67, 0.60281
29, 68, -0.51699
29, 69, 0.39958
29, 70, 0.07105
29, 71, -0.48298
29, 72, 0.62154
29, 73, -0.62351
29, 74, -1.02290
29, 75, -0.47963
29, 76, 0.89174
29, 77, -0.68388
29, 78, -0.91167
29, 79, -0.61095
29, 80, -0.84936
29, 81, -0.76339
29, 82, -0.07880
30, 31, 1.06549
30, 32, 0.25654
30, 33, 4.60452
30, 34, -0.98392
30, 35, -0.55940
30, 36, -0.53098
30, 37, 0.68170
30, 38, 0.03778
30, 39, -0.27559
30, 40, -0.69415
30, 41, -1.02842
30, 42, -1.27214
30, 43, -1.18869
30, 44, -0.84757
30, 45, -0.63643
30, 46, -1.73302
30, 47, 0.94955
30, 48, -1.62355
30, 49, 4.69247
30, 50, 0.19635
30, 51, 1.52112
30, 52, -0.46810
30, 53, -1.02265
30, 54, -0.21541
30, 55, -0.13434
30, 56, -0.09042
30, 57, 0.16868
30, 58, -0.06022
30, 59, 0.01322
30, 60, -0.93472
30, 61, 0.37353
30, 62, -0.62090
30, 63, -0.79559
30, 64, 1.86611
30, 65, -1.14507
30, 66, -0.67526
30, 67, -1.19971
30, 68, -0.75243
30, 69, -0.65393
30, 70, -1.23987
30, 71, -1.17646
30, 72, -0.88778
30, 73, -0.71845
30, 74, -0.68874
30, 75, -1.34103
30, 76, 0.40605
30, 77, -1.13342
30, 78, -0.34437
30, 79, 0.08491
30, 80, -0.99899
30, 81, -1.26603
30, 82, -1.09685
31, 32, 0.83264
31, 33, 1.04767
31, 34, 1.79809
31, 35, -0.28340
31, 36, -0.19549
31, 37, -0.54881
31, 38, -0.57364
31, 39, -0.44550
31, 40, -0.97520
31, 41, -0.33036
31, 42, 0.06348
31, 43, -0.93947
31, 44, -1.02342
31, 45, -1.07643
31, 46, -1.08042
31, 47, 1.91269
31, 48, -0.46050
31, 49, -0.57055
31, 50, 4.19915
31, 51, -0.79893
31, 52, 3.36520
31, 53, -0.16741
31, 54, 0.73807
31, 55, 0.03076
31, 56, 0.95626
31, 57, 0.28184
31, 58, -0.12458
31, 59, -0.29109
31, 60, -1.61629
31, 61, 0.03680
31, 62, -0.54532
31, 63, 1.07625
31, 64, -0.55659
31, 65, -0.40306
31, 66, -0.13144
31, 67, -0.37451
31, 68, -0.50504
31, 69, -0.54453
31, 70, -0.27958
31, 71, 0.75900
31, 72, -1.00476
31, 73, -0.48070
31, 74, -0.13638
31, 75, -1.05845
31, 76, -0.98879
31, 77, -0.37048
31, 78, -0.58158
31, 79, -0.43995
31, 80, -0.90062
31, 81, -0.66626
31, 82, -0.72632
32, 33, -0.43190
32, 34, 4.07960
32, 35, -0.01913
32, 36, 0.86536
32, 37, -0.56894
32, 38, -1.24896
32, 39, 0.05810
32, 40, -1.01907
32, 41, -0.66440
32, 42, 0.53657
32, 43, 0.39932
32, 44, 0.19600
32, 45, -1.35093
32, 46, 0.20213
32, 47, 3.18489
32, 48, 1.58641
32, 49, -1.13095
32, 50, 4.24922
32, 51, 0.37568
32, 52, -0.48814
32, 53, -0.77101
32, 54, -0.62821
32, 55, -0.58907
32, 56, -0.96378
32, 57, -0.32304
32, 58, 0.93693
32, 59, -0.30691
32, 60, -0.93122
32, 61, -0.88812
32, 62, -0.13459
32, 63, -0.38159
32, 64, -0.04380
32, 65, -0.17602
32, 66, 0.35493
32, 67, 0.61738
32, 68, -0.44544
32, 69, -0.17143
32, 70, -0.66112
32, 71, -0.17510
32, 72, -0.13794
32, 73, -0.18362
32, 74, -0.58423
32, 75, 1.21292
32, 76, -0.41303
32, 77, -0.31531
32, 78, -0.28872
32, 79, 0.03447
32, 80, -0.18640
32, 81, -0.84709
32, 82, 0.26928
33, 34, 1.99937
33, 35, 1.03272
33, 36, 1.55397
33, 37, 1.11833
33, 38, -1.02204
33, 39, -0.97752
33, 40, -1.36744
33, 41, 0.36262
33, 42, -0.14096
33, 43, 1.88000
33, 44, -0.95961
33, 45, -1.09636
33, 46, 0.60163
33, 47, 1.28381
33, 48, -1.02835
33, 49, 3.38684
33, 50, 0.03365
33, 51, 2.63676
33, 52, 0.33585
33, 53, -0.69247
33, 54, -0.61044
33, 55, -0.80860
33, 56, 0.90736
33, 57, 0.19766
33, 58, -0.92664
33, 59, -0.67904
33, 60, -0.07954
33, 61, 0.19300
33, 62, -0.33024
33, 63, -0.95540
33, 64, -0.59077
33, 65, -0.48979
33, 66, -0.18863
33, 67, -0.87934
33, 68, -0.84299
33, 69, -0.60914
33, 70, -0.81858
33, 71, -0.32386
33, 72, 0.11737
33, 73, -0.06373
33, 74, -0.74873
33, 75, 1.98910
33, 76, -0.98507
33, 77, -0.33668
33, 78, -1.03521
33, 79, -0.94559
33, 80, -1.25845
33, 81, -1.19185
33, 82, -0.77927
34, 35, -0.72094
34, 36, 2.90959
34, 37, 0.16198
34, 38, -0.76970
34, 39, -1.09740
34, 40, -0.56453
34, 41, 1.06373
34, 42, -0.54362
34, 43, -1.45471
34, 44, 2.41129
34, 45, -0.93523
34, 46, -1.30860
34, 47, -0.80592
34, 48, 1.22879
34, 49, -1.29914
34, 50, 2.51945
34, 51, -0.63436
34, 52, -0.98816
34, 53, -0.35043
34, 54, 0.15274
34, 55, -0.88870
34, 56, -0.52167
34, 57, -1.57523
34, 58, 0.01419
34, 59, 0.00870
34, 60, -1.74081
34, 61, -0.69814
34, 62, 0.05805
34, 63, 0.57635
34, 64, -1.16212
34, 65, -0.92084
34, 66, -0.10220
34, 67, -0.50151
34, 68, 0.13674
34, 69, 0.12369
34, 70, 1.65687
34, 71, -1.33347
34, 72, 0.42459
34, 73, -0.67343
34, 74, 0.50668
34, 75, 1.73313
34, 76, -1.19414
34, 77, 0.94920
34, 78, 0.71378
34, 79, 0.84159
34, 80, -0.92294
34, 81, -1.13949
34, 82, -0.75196
35, 36, 1.04920
35, 37, 3.00109
35, 38, 0.55837
35, 39, 0.38339
35, 40, -0.39254
35, 41, 0.55218
35, 42, 1.00358
35, 43, 9.04865
35, 44, -0.33083
35, 45, 1.30677
35, 46, 1.45142
35, 47, 4.90651
35, 48, -0.90781
35, 49, 3.23183
35, 50, 1.53010
35, 51, -0.54606
35, 52, -0.70226
35, 53, -1.03892
35, 54, -0.98347
35, 55, -0.15804
35, 56, -0.67427
35, 57, -0.91333
35, 58, -0.13851
35, 59, 0.07610
35, 60, -0.75544
35, 61, -1.11428
35, 62, -0.59266
35, 63, -0.97129
35, 64, -0.87332
35, 65, -0.87722
35, 66, -1.17018
35, 67, -0.63566
35, 68, -1.39135
35, 69, -0.94228
35, 70, -0.35832
35, 71, -1.42118
35, 72, -0.92224
35, 73, -1.17324
35, 74, -0.84340
35, 75, -0.61375
35, 76, -0.88311
35, 77, -1.20137
35, 78, -0.61187
35, 79, -1.32770
35, 80, -1.41356
35, 81, -1.60682
35, 82, -1.41592
36, 37, 0.02942
36, 38, 1.21650
36, 39, 1.58093
36, 40, 0.62812
36, 41, 0.80177
36, 42, -0.38489
36, 43, 3.52151
36, 44, 3.00471
36, 45, -0.17461
36, 46, 2.35587
36, 47, 1.21128
36, 48, 4.58038
36, 49, -1.28422
36, 50, -0.25430
36, 51, 0.21010
36, 52, -0.43977
36, 53, -0.11570
36, 54, 0.49759
36, 55, -0.75805
36, 56, -0.12061
36, 57, 0.14732
36, 58, -0.22733
36, 59, -0.65225
36, 60, -0.35328
36, 61, -0.82820
36, 62, -0.47409
36, 63, -0.70328
36, 64, -0.80793
36, 65, -0.71692
36, 66, -0.36593
36, 67, 0.03650
36, 68, -0.81478
36, 69, -0.73751
36, 70, -0.61825
36, 71, -0.91514
36, 72, 1.90534
36, 73, -0.81016
36, 74, -1.04808
36, 75, 1.09212
36, 76, 1.13247
36, 77, -0.06107
36, 78, -0.23570
36, 79, 0.19353
36, 80, -0.64352
36, 81, -1.24179
36, 82, -0.83028
37, 38, 0.58485
37, 39, 0.98695
37, 40, 1.06431
37, 41, 0.46899
37, 42, 2.24432
37, 43, 4.45750
37, 44, -0.22886
37, 45, 0.79764
37, 46, -0.77528
37, 47, -0.15606
37, 48, 1.41919
37, 49, -0.99317
37, 50, 0.98061
37, 51, -0.30029
37, 52, -0.28673
37, 53, -0.73279
37, 54, 0.05819
37, 55, -0.76591
37, 56, -0.60791
37, 57, 0.77543
37, 58, -0.23795
37, 59, 0.78120
37, 60, -1.72594
37, 61, -0.83398
37, 62, -0.59658
37, 63, 0.26787
37, 64, -1.38284
37, 65, -0.11978
37, 66, -1.06953
37, 67, -0.65470
37, 68, 0.47927
37, 69, -0.78512
37, 70, -0.06974
37, 71, 0.44168
37, 72, -1.57259
37, 73, 0.16146
37, 74, -1.45923
37, 75, -0.33905
37, 76, -1.34097
37, 77, 0.61253
37, 78, -0.36481
37, 79, -1.09380
37, 80, -1.32289
37, 81, -0.96070
37, 82, -1.11661
38, 39, 3.00313
38, 40, 12.75762
38, 41, 2.52080
38, 42, 2.96514
38, 43, 2.48457
38, 44, 7.11054
38, 45, 4.24344
38, 46, 1.48240
38, 47, 0.16436
38, 48, -0.97355
38, 49, -1.50206
38, 50, -1.33132
38, 51, -1.75291
38, 52, -0.78603
38, 53, 0.59396
38, 54, -0.75069
38, 55, 0.03277
38, 56, -0.52323
38, 57, -1.29808
38, 58, -0.43207
38, 59, -0.27537
38, 60, -1.77985
38, 61, -0.62543
38, 62, -0.91318
38, 63, 0.77080
38, 64, -0.72485
38, 65, 0.82891
38, 66, 0.67170
38, 67, -0.72784
38, 68, -1.25321
38, 69, 0.44596
38, 70, -0.34980
38, 71, -1.33613
38, 72, -1.57069
38, 73, -0.67922
38, 74, -1.44248
38, 75, 1.96312
38, 76, -1.16597
38, 77, -0.23372
38, 78, -0.09755
38, 79, 0.16869
38, 80, -0.66045
38, 81, -1.76366
38, 82, -1.37352
39, 40, 5.48119
39, 41, 3.44322
39, 42, 2.35270
39, 43, -0.37105
39, 44, 1.27430
39, 45, 2.00084
39, 46, 0.62563
39, 47, 0.36310
39, 48, -1.04326
39, 49, -0.86357
39, 50, -0.69366
39, 51, -1.03726
39, 52, 1.20548
39, 53, 1.02689
39, 54, -0.10327
39, 55, 0.41882
39, 56, -0.21907
39, 57, 0.76930
39, 58, 0.95315
39, 59, -0.61841
39, 60, -0.86166
39, 61, -1.00415
39, 62, 0.35294
39, 63, 0.25295
39, 64, 0.86591
39, 65, -0.55024
39, 66, 1.16361
39, 67, 1.05375
39, 68, 1.17798
39, 69, 0.28907
39, 70, -0.84591
39, 71, -0.34295
39, 72, -0.51769
39, 73, -0.24407
39, 74, -0.64726
39, 75, 2.00770
39, 76, -0.83371
39, 77, -0.26289
39, 78, -0.54040
39, 79, 0.08132
39, 80, -0.50772
39, 81, -0.96231
39, 82, -0.23617
40, 41, 2.64332
40, 42, 1.67764
40, 43, 0.29574
40, 44, 3.04922
40, 45, 5.21059
40, 46, 0.56233
40, 47, -1.61112
40, 48, 0.43406
40, 49, -1.39698
40, 50, -0.83526
40, 51, -1.21065
40, 52, 0.48693
40, 53, 1.26089
40, 54, -0.07376
40, 55, -1.09162
40, 56, -1.28672
40, 57, -1.67199
40, 58, -0.49294
40, 59, -0.60450
40, 60, -1.64876
40, 61, -1.23316
40, 62, -0.08270
40, 63, 0.33043
40, 64, -0.00875
40, 65, -1.22041
40, 66, -0.93198
40, 67, -0.40116
40, 68, -0.94910
40, 69, -0.21504
40, 70, -1.14652
40, 71, -0.60803
40, 72, -0.33653
40, 73, -0.55159
40, 74, -0.98411
40, 75, 1.92475
40, 76, -1.02443
40, 77, 0.52441
40, 78, -0.66767
40, 79, 0.22430
40, 80, -0.43463
40, 81, -0.92290
40, 82, -0.22261
41, 42, 0.36283
41, 43, 5.30156
41, 44, 2.38140
41, 45, 5.24720
41, 46, -0.40391
41, 47, 1.14576
41, 48, 0.60591
41, 49, -1.37104
41, 50, 0.76469
41, 51, 0.73810
41, 52, -0.15619
41, 53, -0.04607
41, 54, 0.82589
41, 55, -0.88977
41, 56, 1.03372
41, 57, -1.79536
41, 58, -0.21030
41, 59, -0.81597
41, 60, -0.19842
41, 61, -0.66983
41, 62, -0.83421
41, 63, 0.60129
41, 64, -1.08684
41, 65, 0.60771
41, 66, -0.60999
41, 67, -0.81152
41, 68, -1.19373
41, 69, -1.06613
41, 70, -1.38798
41, 71, -1.26072
41, 72, 1.28029
41, 73, 0.24264
41, 74, 1.00244
41, 75, -1.24705
41, 76, 0.59800
41, 77, 0.18686
41, 78, 0.23209
41, 79, -1.62468
41, 80, -0.84800
41, 81, -1.32270
41, 82, 0.16815
42, 43, 3.40955
42, 44, 0.42835
42, 45, 2.76010
42, 46, -0.69699
42, 47, -0.51345
42, 48, -1.12703
42, 49, -0.47480
42, 50, -0.35320
42, 51, -1.22161
42, 52, -0.80876
42, 53, -0.81499
42, 54, -0.06948
42, 55, -0.35583
42, 56, -1.07065
42, 57, -0.59808
42, 58, -0.07585
42, 59, 0.18644
42, 60, 0.95236
42, 61, -0.38921
42, 62, -0.06264
42, 63, 0.04748
42, 64, -0.06185
42, 65, -0.90529
42, 66, -0.49090
42, 67, -0.35424
42, 68, 1.85155
42, 69, -0.13691
42, 70, 0.65319
42, 71, 0.64364
42, 72, 2.41850
42, 73, 1.39221
42, 74, 0.26087
42, 75, -1.33132
42, 76, -1.32272
42, 77, -0.20022
42, 78, -0.61243
42, 79, -0.91102
42, 80, -1.09633
42, 81, -1.09800
42, 82, -1.44349
43, 44, 3.63382
43, 45, 6.28217
43, 46, -1.38353
43, 47, 2.13492
43, 48, -1.14004
43, 49, -1.58241
43, 50, -1.19744
43, 51, -0.90081
43, 52, -1.44824
43, 53, -0.80231
43, 54, -0.14005
43, 55, -0.32256
43, 56, 0.54981
43, 57, -1.79402
43, 58, -0.88923
43, 59, -0.91747
43, 60, -2.38107
43, 61, -1.67092
43, 62, -0.02110
43, 63, -1.01813
43, 64, -1.68014
43, 65, -0.87049
43, 66, -0.82093
43, 67, -0.64304
43, 68, -0.74686
43, 69, 0.31696
43, 70, 5.72947
43, 71, 0.35242
43, 72, -1.46120
43, 73, -1.02646
43, 74, -1.82796
43, 75, -0.68376
43, 76, -1.70377
43, 77, 0.12916
43, 78, -1.15162
43, 79, -1.54787
43, 80, -1.62124
43, 81, -1.40591
43, 82, -1.65180
44, 45, 6.65536
44, 46, 2.47219
44, 47, 0.12760
44, 48, -1.31345
44, 49, -1.33134
44, 50, -0.41177
44, 51, -0.44154
44, 52, -1.04719
44, 53, -0.25552
44, 54, 0.03245
44, 55, 0.84022
44, 56, 0.89796
44, 57, -1.31107
44, 58, 1.06820
44, 59, -0.62385
44, 60, -1.03280
44, 61, -1.25193
44, 62, -0.67769
44, 63, -0.65752
44, 64, -1.63254
44, 65, -0.96710
44, 66, -0.68864
44, 67, -1.13939
44, 68, -1.37047
44, 69, -0.68361
44, 70, -0.58829
44, 71, -0.79519
44, 72, 2.55776
44, 73, -0.99335
44, 74, -0.87035
44, 75, -0.35132
44, 76, -1.33214
44, 77, -0.99972
44, 78, -0.29501
44, 79, 0.48012
44, 80, -1.04089
44, 81, -1.16595
44, 82, -1.22047
45, 46, -0.26834
45, 47, 2.66100
45, 48, -2.32471
45, 49, 0.28095
45, 50, 1.17980
45, 51, -0.28922
45, 52, -1.24129
45, 53, 0.07336
45, 54, -1.13062
45, 55, -0.74192
45, 56, -0.93388
45, 57, 1.41762
45, 58, -0.15654
45, 59, -0.23566
45, 60, -0.55407
45, 61, 0.60334
45, 62, -1.34920
45, 63, -1.16690
45, 64, 0.76032
45, 65, -1.74106
45, 66, -0.30086
45, 67, -1.28490
45, 68, -1.44552
45, 69, -0.85252
45, 70, -1.92003
45, 71, 0.19125
45, 72, 8.22266
45, 73, 0.81899
45, 74, -0.45917
45, 75, -1.28081
45, 76, -1.53612
45, 77, -1.51613
45, 78, -1.68691
45, 79, 2.46892
45, 80, -1.67166
45, 81, -1.19531
45, 82, -1.21699
46, 47, 4.03518
46, 48, 9.38924
46, 49, -0.90940
46, 50, 2.93109
46, 51, -0.85636
46, 52, 0.76585
46, 53, -0.19301
46, 54, 0.35705
46, 55, -0.00686
46, 56, -0.28696
46, 57, -1.42283
46, 58, -0.56285
46, 59, -0.52347
46, 60, -1.88030
46, 61, -1.16650
46, 62, -0.62372
46, 63, -0.45026
46, 64, -1.21356
46, 65, -1.20033
46, 66, -1.42057
46, 67, -0.99722
46, 68, 0.00543
46, 69, -0.91689
46, 70, 1.73304
46, 71, -0.99434
46, 72, 1.96518
46, 73, 4.20989
46, 74, -0.10458
46, 75, -0.47063
46, 76, -0.48195
46, 77, 0.95956
46, 78, -0.41285
46, 79, -0.30504
46, 80, -1.14438
46, 81, -1.53289
46, 82, -1.55852
47, 48, 4.09261
47, 49, 3.08768
47, 50, -1.92780
47, 51, 2.00969
47, 52, -0.97071
47, 53, -1.03957
47, 54, -0.32401
47, 55, -0.12407
47, 56, -0.45769
47, 57, -0.80990
47, 58, 0.26608
47, 59, -0.75284
47, 60, -0.95599
47, 61, 2.26768
47, 62, -0.99212
47, 63, -1.22107
47, 64, -0.11348
47, 65, -0.62841
47, 66, -0.47035
47, 67, -1.52175
47, 68, -1.20573
47, 69, 1.14485
47, 70, -1.26066
47, 71, 1.19363
47, 72, -2.12177
47, 73, -1.49996
47, 74, -0.67077
47, 75, -1.06955
47, 76, -0.17867
47, 77, 0.81157
47, 78, -1.58550
47, 79, 0.62962
47, 80, -1.51892
47, 81, -1.79946
47, 82, -1.64351
48, 49, 2.35589
48, 50, -0.77775
48, 51, -1.04969
48, 52, -1.43880
48, 53, -0.07252
48, 54, 0.95877
48, 55, -0.89194
48, 56, -1.13452
48, 57, -0.55401
48, 58, 1.75259
48, 59, -1.26608
48, 60, -1.72842
48, 61, -0.61818
48, 62, -0.87700
48, 63, 0.07252
48, 64, -1.48110
48, 65, -1.17780
48, 66, 0.40448
48, 67, -0.68907
48, 68, -1.37012
48, 69, -0.47530
48, 70, -1.59739
48, 71, -0.32831
48, 72, -1.23050
48, 73, -1.15553
48, 74, -0.81186
48, 75, -1.11827
48, 76, 0.66165
48, 77, 1.29499
48, 78, -1.32046
48, 79, 6.01327
48, 80, -1.58233
48, 81, -1.74775
48, 82, -1.43154
49, 50, -1.31360
49, 51, 2.19000
49, 52, -1.15918
49, 53, -0.97425
49, 54, -0.69347
49, 55, -0.34390
49, 56, 3.87148
49, 57, 1.84202
49, 58, -0.67401
49, 59, 1.13015
49, 60, 3.70806
49, 61, -0.77808
49, 62, -0.25413
49, 63, -0.44710
49, 64, -0.57962
49, 65, -1.17788
49, 66, -0.40904
49, 67, -1.18522
49, 68, -0.98149
49, 69, -0.76878
49, 70, -0.46098
49, 71, -0.80608
49, 72, -0.30765
49, 73, 1.16014
49, 74, -0.81428
49, 75, -0.70399
49, 76, 0.63301
49, 77, -1.18990
49, 78, -0.67451
49, 79, -1.68999
49, 80, -0.48222
49, 81, -1.04450
49, 82, -1.09688
50, 51, -1.28845
50, 52, 2.83867
50, 53, 2.07245
50, 54, -0.00309
50, 55, -0.63376
50, 56, -1.24273
50, 57, -1.49409
50, 58, 0.13212
50, 59, -0.70222
50, 60, -0.81516
50, 61, -0.46358
50, 62, -0.02944
50, 63, -0.90321
50, 64, 0.49514
50, 65, -1.26065
50, 66, -0.20515
50, 67, -0.55233
50, 68, -0.27841
50, 69, 0.72997
50, 70, -0.83706
50, 71, -0.60359
50, 72, -1.18736
50, 73, 0.51708
50, 74, -1.05355
50, 75, 0.37603
50, 76, 0.03970
50, 77, 0.29803
50, 78, -0.43634
50, 79, -0.64830
50, 80, -0.11469
50, 81, -0.79378
50, 82, -0.17756
51, 52, 1.68643
51, 53, 0.22494
51, 54, 1.93662
51, 55, 0.26098
51, 56, 0.86576
51, 57, 3.46508
51, 58, -0.99233
51, 59, -0.47390
51, 60, 4.06856
51, 61, 4.95102
51, 62, -0.52824
51, 63, -0.53134
51, 64, 3.90737
51, 65, -1.14036
51, 66, -1.12690
51, 67, -1.34769
51, 68, -0.95005
51, 69, 0.55577
51, 70, -1.09090
51, 71, -0.03101
51, 72, -1.38996
51, 73, 0.03136
51, 74, -1.23713
51, 75, -1.33345
51, 76, -0.43431
51, 77, -1.29778
51, 78, -0.73728
51, 79, -0.83275
51, 80, -1.15485
51, 81, -0.77143
51, 82, 0.11543
52, 53, 0.21278
52, 54, 0.13279
52, 55, 1.78103
52, 56, 1.56109
52, 57, -1.01395
52, 58, 1.58218
52, 59, -0.29474
52, 60, -1.00386
52, 61, 0.16494
52, 62, -0.36126
52, 63, -0.56049
52, 64, -0.80746
52, 65, -0.53022
52, 66, -0.91386
52, 67, -0.40291
52, 68, 1.94640
52, 69, -0.70528
52, 70, 0.26801
52, 71, -0.75698
52, 72, -0.43911
52, 73, 0.27036
52, 74, -1.14061
52, 75, -0.25816
52, 76, 0.37403
52, 77, -0.51550
52, 78, 0.04386
52, 79, -0.67752
52, 80, -0.92165
52, 81, -0.97106
52, 82, -0.42206
53, 54, 1.57094
53, 55, 10.76095
53, 56, 10.19655
53, 57, 1.55870
53, 58, 0.16558
53, 59, 1.70748
53, 60, -0.88461
53, 61, -0.58486
53, 62, 0.04290
53, 63, -0.47417
53, 64, -0.06281
53, 65, -0.05309
53, 66, -0.06207
53, 67, -0.58689
53, 68, 0.68775
53, 69, -0.53694
53, 70, -0.65830
53, 71, -0.63870
53, 72, -0.95393
53, 73, -0.64226
53, 74, -1.03325
53, 75, -0.09847
53, 76, 0.18852
53, 77, -1.02104
53, 78, -0.42361
53, 79, 0.57189
53, 80, -0.78973
53, 81, -0.90068
53, 82, -1.33390
54, 55, 1.17248
54, 56, 0.60270
54, 57, 1.04632
54, 58, 2.20690
54, 59, 0.42729
54, 60, 1.16062
54, 61, 0.11794
54, 62, -0.09110
54, 63, 1.24978
54, 64, -0.78672
54, 65, -0.65337
54, 66, 0.31586
54, 67, -0.55466
54, 68, -0.04098
54, 69, -0.46040
54, 70, -0.61963
54, 71, -0.33960
54, 72, -0.33925
54, 73, -0.03390
54, 74, -0.00510
54, 75, -0.44984
54, 76, -0.55388
54, 77, -0.05217
54, 78, 3.79024
54, 79, -0.80155
54, 80, -0.68463
54, 81, -0.66733
54, 82, 0.34464
55, 56, 1.98470
55, 57, 0.45664
55, 58, 2.87608
55, 59, 6.95110
55, 60, -0.34165
55, 61, -0.40494
55, 62, 1.94001
55, 63, -0.31944
55, 64, -1.03909
55, 65, -0.24194
55, 66, -0.33626
55, 67, -0.19087
55, 68, 1.93776
55, 69, 0.03608
55, 70, -0.41306
55, 71, 0.08204
55, 72, -0.44290
55, 73, -0.76079
55, 74, 0.48159
55, 75, -0.84117
55, 76, -0.74428
55, 77, -0.77873
55, 78, -0.00413
55, 79, -0.56940
55, 80, -0.78040
55, 81, -0.84862
55, 82, -0.77510
56, 57, 3.24548
56, 58, 0.63641
56, 59, 3.27105
56, 60, 0.16416
56, 61, -1.09217
56, 62, -0.13758
56, 63, 0.00920
56, 64, -1.34687
56, 65, 0.42321
56, 66, -1.39044
56, 67, 0.02572
56, 68, -0.19265
56, 69, -0.13643
56, 70, -0.82363
56, 71, -0.43209
56, 72, -0.19146
56, 73, -0.81935
56, 74, -1.16955
56, 75, 1.21030
56, 76, -1.17863
56, 77, 0.19752
56, 78, -1.05323
56, 79, 0.73688
56, 80, -1.32135
56, 81, -1.05141
56, 82, -1.86985
57, 58, 1.54260
57, 59, -0.53058
57, 60, 4.90202
57, 61, -0.40556
57, 62, 1.69572
57, 63, -0.90113
57, 64, -0.06265
57, 65, 3.34271
57, 66, -1.18651
57, 67, -0.18194
57, 68, -1.26356
57, 69, -0.66715
57, 70, -1.67160
57, 71, -0.36693
57, 72, -1.95433
57, 73, -1.50997
57, 74, -0.67349
57, 75, 1.02988
57, 76, -1.41325
57, 77, 0.20510
57, 78, 6.95130
57, 79, 0.73253
57, 80, -1.27475
57, 81, -1.21694
57, 82, -1.70867
58, 59, 2.02751
58, 60, 0.60371
58, 61, 0.30597
58, 62, 5.48970
58, 63, 0.88591
58, 64, -0.76854
58, 65, 0.63299
58, 66, -0.52983
58, 67, -0.13368
58, 68, -0.74238
58, 69, -0.76488
58, 70, -0.35408
58, 71, -0.80411
58, 72, -1.03110
58, 73, -0.37521
58, 74, -0.44120
58, 75, -0.45665
58, 76, -1.01426
58, 77, 0.54354
58, 78, 2.38105
58, 79, 0.47329
58, 80, -0.81581
58, 81, -0.89371
58, 82, -1.14580
59, 60, -0.66271
59, 61, -0.01971
59, 62, 5.16352
59, 63, 2.84822
59, 64, -0.16342
59, 65, -0.45546
59, 66, -0.80926
59, 67, 3.09958
59, 68, 1.40411
59, 69, -0.14453
59, 70, -0.32166
59, 71, -0.96219
59, 72, -1.24535
59, 73, -0.67911
59, 74, -1.11035
59, 75, 0.87998
59, 76, -0.60275
59, 77, -1.02828
59, 78, -0.16923
59, 79, 1.13088
59, 80, -0.96647
59, 81, -1.21123
59, 82, -0.25657
60, 61, 0.15444
60, 62, -0.53454
60, 63, 2.19302
60, 64, 6.05342
60, 65, 3.09251
60, 66, 3.72021
60, 67, 1.09890
60, 68, -0.53218
60, 69, -0.71777
60, 70, -0.63429
60, 71, 1.18575
60, 72, 0.47568
60, 73, 1.71482
60, 74, 0.60002
60, 75, 0.73320
60, 76, 4.70043
60, 77, -1.63378
60, 78, 0.48841
60, 79, -2.07884
60, 80, -0.95891
60, 81, -2.13962
60, 82, -0.74716
61, 62, 1.85137
61, 63, 0.94087
61, 64, 0.79011
61, 65, 4.54772
61, 66, 1.05607
61, 67, 0.33220
61, 68, 1.02104
61, 69, -0.22185
61, 70, -0.44390
61, 71, -0.98179
61, 72, -1.48131
61, 73, 0.42654
61, 74, 0.46168
61, 75, -0.16860
61, 76, 3.79024
61, 77, 1.36569
61, 78, 0.77429
61, 79, -1.08465
61, 80, -0.58407
61, 81, -1.40782
61, 82, -1.10114
62, 63, 1.84849
62, 64, 1.20424
62, 65, 1.93534
62, 66, -0.54411
62, 67, 0.39215
62, 68, 2.37544
62, 69, -0.75839
62, 70, -0.62161
62, 71, -0.67385
62, 72, -0.31451
62, 73, -0.16652
62, 74, -0.68417
62, 75, -0.28695
62, 76, 0.01606
62, 77, -0.34074
62, 78, 1.13947
62, 79, -1.05260
62, 80, -0.79340
62, 81, -0.74523
62, 82, -0.49342
63, 64, 3.24745
63, 65, 0.38047
63, 66, 0.58577
63, 67, 1.15179
63, 68, -0.07310
63, 69, 0.60498
63, 70, -0.59793
63, 71, -0.59284
63, 72, -0.67383
63, 73, -0.25939
63, 74, -0.01685
63, 75, -0.97600
63, 76, -0.90957
63, 77, -0.24220
63, 78, -0.71089
63, 79, 1.01342
63, 80, -0.58115
63, 81, -0.72794
63, 82, -0.18071
64, 65, 4.06479
64, 66, 3.60164
64, 67, 1.94043
64, 68, 1.51216
64, 69, -0.86515
64, 70, 1.14459
64, 71, -1.21080
64, 72, -1.79462
64, 73, -0.44405
64, 74, 0.38185
64, 75, -1.09942
64, 76, 1.32803
64, 77, -0.47451
64, 78, -1.17886
64, 79, -1.32818
64, 80, -0.93492
64, 81, -1.58404
64, 82, -1.51291
65, 66, 7.89917
65, 67, 1.89430
65, 68, 0.89857
65, 69, 0.46442
65, 70, -0.77945
65, 71, 0.82688
65, 72, -1.26779
65, 73, -0.08006
65, 74, -0.22185
65, 75, 0.00096
65, 76, 5.73156
65, 77, 0.90832
65, 78, -0.53735
65, 79, -1.16152
65, 80, -0.78312
65, 81, -1.05839
65, 82, -1.32430
66, 67, 4.13417
66, 68, -0.05428
66, 69, -0.07817
66, 70, -0.12329
66, 71, -0.84857
66, 72, -1.05221
66, 73, 1.97716
66, 74, 2.94676
66, 75, 0.36015
66, 76, 1.53929
66, 77, 1.48346
66, 78, -0.53099
66, 79, -1.05960
66, 80, -0.65028
66, 81, -0.71967
66, 82, -0.19995
67, 68, 2.43822
67, 69, 1.97293
67, 70, 0.15961
67, 71, -0.55865
67, 72, -0.58259
67, 73, 1.55400
67, 74, 0.40557
67, 75, 0.13318
67, 76, -0.44521
67, 77, -0.08636
67, 78, -0.19497
67, 79, 2.83498
67, 80, -1.07430
67, 81, -0.88089
67, 82, -0.80675
68, 69, 1.14400
68, 70, 0.13230
68, 71, 11.91883
68, 72, 2.02781
68, 73, 2.72219
68, 74, -0.58379
68, 75, 0.81466
68, 76, 0.94979
68, 77, -0.03704
68, 78, 0.06870
68, 79, -0.35399
68, 80, -0.94450
68, 81, -1.10839
68, 82, -1.22155
69, 70, 2.95509
69, 71, 2.96492
69, 72, 1.58530
69, 73, 0.11473
69, 74, 3.10508
69, 75, -0.22323
69, 76, -0.07339
69, 77, -0.53073
69, 78, -0.10347
69, 79, -0.02148
69, 80, -0.55499
69, 81, -0.93366
69, 82, -0.59871
70, 71, 5.96927
70, 72, 0.72153
70, 73, 1.68865
70, 74, -0.79540
70, 75, -0.16090
70, 76, -0.81743
70, 77, -0.14054
70, 78, -0.20181
70, 79, -0.81359
70, 80, -0.98839
70, 81, -1.20894
70, 82, 0.14629
71, 72, 3.84968
71, 73, 0.43904
71, 74, 2.05450
71, 75, -0.00241
71, 76, -0.24060
71, 77, -0.62657
71, 78, -1.19556
71, 79, -1.03762
71, 80, -0.18266
71, 81, -0.71419
71, 82, -1.27512
72, 73, -0.23371
72, 74, -0.53879
72, 75, 2.08900
72, 76, -0.48218
72, 77, 1.95857
72, 78, -1.08813
72, 79, -1.20753
72, 80, -0.43350
72, 81, -1.34572
72, 82, -1.49241
73, 74, 0.89910
73, 75, 0.63788
73, 76, 0.32131
73, 77, 1.36315
73, 78, 3.96428
73, 79, -0.93047
73, 80, 0.01149
73, 81, -0.52838
73, 82, -0.20115
74, 75, 0.47057
74, 76, 2.56447
74, 77, -0.84332
74, 78, 0.34465
74, 79, 1.37486
74, 80, 0.67710
74, 81, -1.09030
74, 82, -1.48479
75, 76, -0.26487
75, 77, 5.67680
75, 78, 0.02536
75, 79, -0.94120
75, 80, 0.35166
75, 81, -0.82254
75, 82, -0.44956
76, 77, 0.79156
76, 78, -0.05110
76, 79, 0.21641
76, 80, 1.31164
76, 81, -0.70595
76, 82, -0.42325
77, 78, 1.16926
77, 79, 1.61652
77, 80, 1.68950
77, 81, -0.06644
77, 82, -0.33705
78, 79, 1.13339
78, 80, 1.76813
78, 81, 0.72260
78, 82, 0.06882
79, 80, 9.15277
79, 81, 6.04718
79, 82, 4.15775
80, 81, 32.79090
80, 82, 19.78393
81, 82, 45.31373
