1 2 1.33802
1 3 4.09447
1 4 6.04274
1 5 3.83536
1 6 3.99980
1 7 4.18266
1 8 7.40258
1 9 11.04146
1 10 14.12339
1 12 16.99344
1 13 17.43600
1 14 15.45504
1 15 13.44248
1 16 9.61427
1 17 7.39132
1 18 4.02383
1 19 6.52750
1 20 7.91868
1 21 8.65805
1 22 9.71121
1 23 11.96222
1 24 13.24545
1 25 10.39700
1 26 11.36257
1 27 8.54545
1 28 9.75055
1 29 7.45383
1 30 3.48477
1 31 4.06744
2 3 1.34328
2 4 3.35134
2 5 2.99309
2 6 5.69328
2 7 8.70557
2 8 11.30497
2 9 15.15261
2 10 18.01234
2 12 20.39695
2 13 21.64556
2 14 20.05410
2 15 17.79887
2 16 14.24830
2 17 11.56425
2 18 7.77141
2 19 6.95329
2 20 5.15845
2 21 7.59157
2 22 6.92252
2 23 9.29763
2 24 11.01026
2 25 10.24504
2 26 12.16824
2 27 8.20573
2 28 12.06597
2 29 8.69676
2 30 6.38526
2 31 3.94490
3 4 1.32451
3 5 3.16913
3 6 6.77699
3 7 10.25624
3 8 11.74119
3 9 15.93617
3 10 18.46355
3 12 20.50802
3 13 22.14361
3 14 21.79010
3 15 18.67014
3 16 16.49864
3 17 12.81773
3 18 9.92534
3 19 6.81795
3 20 2.95194
3 21 5.91484
3 22 4.06663
3 23 6.49134
3 24 8.55201
3 25 9.07497
3 26 11.04851
3 27 10.40179
3 28 14.60278
3 29 11.75914
3 30 10.78483
3 31 7.70100
4 5 1.33171
4 6 3.81023
4 7 7.27720
4 8 7.67821
4 9 12.04953
4 10 14.65070
4 12 16.44532
4 13 18.50052
4 14 18.52261
4 15 15.24618
4 16 13.63268
4 17 9.86187
4 18 7.41259
4 19 3.49559
4 20 3.37520
4 21 2.76365
4 22 3.86045
4 23 6.54530
4 24 7.26500
4 25 7.15755
4 26 9.39517
4 27 10.41065
4 28 13.17891
4 29 11.19141
4 30 11.11741
4 31 7.51480
5 6 1.33536
5 7 4.67795
5 8 6.95850
5 9 10.82587
5 10 13.00681
5 12 15.69420
5 13 16.26842
5 14 15.93969
5 15 12.78497
5 16 10.36239
5 17 6.89178
5 18 3.62490
5 19 3.36608
5 20 3.25884
5 21 4.75586
5 22 6.08570
5 23 5.36874
5 24 6.97353
5 25 3.95464
5 26 5.11366
5 27 3.64325
5 28 7.35984
5 29 5.62443
5 30 6.70476
5 31 3.57219
6 7 1.33660
6 8 2.78822
6 9 6.89341
6 10 9.78921
6 12 12.19557
6 13 13.46272
6 14 12.70507
6 15 9.78121
6 16 7.75074
6 17 4.09891
6 18 3.51021
6 19 2.89359
6 20 5.07661
6 21 2.74455
6 22 8.20234
6 23 9.29050
6 24 9.74685
6 25 7.07719
6 26 7.83771
6 27 7.14087
6 28 8.97644
6 29 7.98627
6 30 8.34815
6 31 5.95419
7 8 1.32613
7 9 4.66599
7 10 8.01251
7 12 10.71377
7 13 11.29442
7 14 8.94215
7 15 7.80891
7 16 3.55432
7 17 3.41949
7 18 3.71782
7 19 5.08098
7 20 7.54353
7 21 6.60637
7 22 11.46565
7 23 12.27258
7 24 12.06043
7 25 9.31045
7 26 9.62809
7 27 7.72997
7 28 7.60062
7 29 8.36458
7 30 6.54569
7 31 6.98539
8 9 1.32666
8 10 4.48350
8 12 7.39388
8 13 7.91624
8 14 6.86938
8 15 4.11582
8 16 3.31751
8 17 2.70513
8 18 4.62713
8 19 3.59175
8 20 6.49333
8 21 4.11357
8 22 10.40822
8 23 11.40249
8 24 9.70540
8 25 7.66054
8 26 7.27840
8 27 7.38148
8 28 7.01216
8 29 9.23019
8 30 9.55269
8 31 8.79956
9 10 1.32622
9 12 3.56526
9 13 3.27274
9 14 3.08933
9 15 3.20426
9 16 3.29502
9 17 3.72487
9 18 6.82637
9 19 7.19688
9 20 10.39684
9 21 9.32090
9 22 14.72841
9 23 15.16957
9 24 12.64105
9 25 10.74857
9 26 9.07190
9 27 9.02388
9 28 7.53931
9 29 11.79508
9 30 12.45047
9 31 12.08831
10 12 1.32375
10 13 2.96218
10 14 4.82631
10 15 2.91898
10 16 5.13649
10 17 3.54529
10 18 8.43597
10 19 8.97306
10 20 12.22554
10 21 11.76778
10 22 16.65011
10 23 15.85252
10 24 12.04259
10 25 11.23438
10 26 8.03198
10 27 9.17971
10 28 5.36831
10 29 11.92582
10 30 14.11149
10 31 14.34840
12 13 3.09734
12 14 6.34643
12 15 6.22499
12 16 8.45523
12 17 6.15769
12 18 11.58825
12 19 10.89549
12 20 14.13107
12 21 12.06618
12 22 17.57637
12 23 17.54052
12 24 14.05261
12 25 13.68268
12 26 10.68870
12 27 12.86001
12 28 9.73834
12 29 15.82655
12 30 17.52217
12 31 17.49739
13 14 1.32208
13 15 3.06842
13 16 5.77067
13 17 6.77754
13 18 11.26698
13 19 12.63469
13 20 15.76709
13 21 15.72899
13 22 20.36541
13 23 19.65079
13 24 15.90226
13 25 14.92012
13 26 11.86822
13 27 11.96524
13 28 6.91964
13 29 14.13404
13 30 16.11612
13 31 17.17728
14 15 1.32610
14 16 3.26198
14 17 6.71447
14 18 10.32593
14 19 12.95984
14 20 16.30354
14 21 16.49763
14 22 21.37250
14 23 20.66739
14 24 17.66382
14 25 15.86693
14 26 13.25636
14 27 11.23267
14 28 6.69777
14 29 12.41195
14 30 13.62067
14 31 15.27069
15 16 1.33064
15 17 3.85232
15 18 7.43634
15 19 9.59375
15 20 12.70826
15 21 13.18857
15 22 17.68828
15 23 17.00456
15 24 13.97346
15 25 12.16443
15 26 9.68169
15 27 8.50992
15 28 3.65038
15 29 10.30408
15 30 11.87824
15 31 13.15807
16 17 1.32510
16 18 4.74156
16 19 7.73050
16 20 11.17513
16 21 12.53289
16 22 16.54412
16 23 15.40774
16 24 13.35154
16 25 10.75292
16 26 8.72047
16 27 5.47606
16 28 3.22101
16 29 6.66793
16 30 8.12035
16 31 9.69869
17 18 1.33078
17 19 3.84760
17 20 6.69704
17 21 8.39731
17 22 11.57433
17 23 10.68625
17 24 7.57730
17 25 5.89215
17 26 3.64083
17 27 3.35626
17 28 3.85384
17 29 6.05167
17 30 7.03456
17 31 7.00443
18 19 1.32752
18 20 4.43992
18 21 7.48758
18 22 9.97904
18 23 8.25393
18 24 7.22082
18 25 3.87666
18 26 3.30118
18 27 2.81132
18 28 3.53019
18 29 3.30670
18 30 3.42093
18 31 3.51182
19 20 1.33075
19 21 3.52729
19 22 5.88719
19 23 6.15089
19 24 3.62889
19 25 3.29615
19 26 3.32542
19 27 5.14709
19 28 7.43003
19 29 6.89222
19 30 8.20297
19 31 6.47263
20 21 1.33312
20 22 2.81603
20 23 2.92913
20 24 2.75559
20 25 2.86050
20 26 5.09025
20 27 6.54700
20 28 9.69727
20 29 8.95818
20 30 10.17576
20 31 6.81473
21 22 1.32756
21 23 3.73064
21 24 4.01297
21 25 5.78285
21 26 7.98248
21 27 9.90211
21 28 13.06276
21 29 11.99088
21 30 12.75515
21 31 9.52044
22 23 1.33494
22 24 3.53064
22 25 5.94181
22 26 9.38040
22 27 11.81510
22 28 15.13543
22 29 14.01206
22 30 14.63487
22 31 11.30877
23 24 1.33054
23 25 3.09020
23 26 6.15490
23 27 8.04145
23 28 12.08520
23 29 11.35627
23 30 12.35106
23 31 9.26982
24 25 1.32698
24 26 3.79912
24 27 7.25966
24 28 10.79631
24 29 11.86919
24 30 13.62394
24 31 11.26020
25 26 1.33294
25 27 4.41301
25 28 7.99127
25 29 8.55852
25 30 10.39759
25 31 8.39549
26 27 1.32426
26 28 4.67113
26 29 6.53747
26 30 9.00040
26 31 8.71173
27 28 1.32708
27 29 2.97568
27 30 4.20238
27 31 3.74001
28 29 1.33290
28 30 3.77472
28 31 6.63954
29 30 1.33191
29 31 3.23058
30 31 1.34933
