1, 2, 5.82207
1, 3, 1.24541
1, 4, 3.60733
1, 5, 0.59578
1, 6, -1.27467
1, 7, -0.71918
1, 8, -0.14322
1, 9, -0.75168
1, 10, -0.87555
1, 11, -0.43164
1, 12, 0.00825
1, 13, -0.70769
1, 14, 0.23664
1, 15, -0.65289
1, 16, -0.16661
1, 17, -0.36081
1, 18, -0.57028
1, 19, -0.35979
1, 20, -1.40531
1, 21, -0.94218
1, 22, 0.43356
1, 23, -0.22981
1, 24, 0.15514
1, 25, -1.25998
1, 26, 0.31447
1, 27, -0.27237
1, 28, -0.43755
1, 29, -0.50398
1, 30, -0.31053
1, 31, -0.95934
2, 3, 3.71998
2, 4, 1.54119
2, 5, 1.49506
2, 6, -1.70577
2, 7, -1.34423
2, 8, 0.40635
2, 9, -0.92380
2, 10, -1.04825
2, 11, -0.59980
2, 12, -1.55595
2, 13, -0.65703
2, 14, 0.12050
2, 15, -0.88615
2, 16, -1.06799
2, 17, -0.64923
2, 18, -0.22779
2, 19, -1.32062
2, 20, 0.79985
2, 21, -0.68469
2, 22, 0.98891
2, 23, -1.47731
2, 24, -1.67058
2, 25, 1.65798
2, 26, -0.74624
2, 27, 0.53333
2, 28, -0.50558
2, 29, -1.27249
2, 30, 1.47570
2, 31, -0.92834
3, 4, 3.50636
3, 5, -0.53778
3, 6, -0.03286
3, 7, -0.89976
3, 8, 0.25913
3, 9, -0.42440
3, 10, 0.05560
3, 11, 0.91433
3, 12, -0.84365
3, 13, -0.87477
3, 14, -1.28932
3, 15, -0.05930
3, 16, -0.85317
3, 17, -0.74076
3, 18, -1.46085
3, 19, -0.05049
3, 20, -2.74332
3, 21, 1.27509
3, 22, 1.36613
3, 23, -1.20667
3, 24, -0.27491
3, 25, -1.51548
3, 26, -0.97676
3, 27, 2.58177
3, 28, -0.02220
3, 29, 0.11799
3, 30, -0.11531
3, 31, -0.50633
4, 5, 3.54513
4, 6, -2.04510
4, 7, -1.29464
4, 8, -1.93096
4, 9, -0.69932
4, 10, -2.32365
4, 11, -1.01038
4, 12, -2.75979
4, 13, 1.49256
4, 14, -2.51663
4, 15, -1.62564
4, 16, 0.16073
4, 17, 0.17590
4, 18, 0.78049
4, 19, 1.31647
4, 20, 1.00196
4, 21, 6.75915
4, 22, 4.56518
4, 23, 1.39595
4, 24, -1.16300
4, 25, -2.40996
4, 26, -1.77052
4, 27, -0.03753
4, 28, -0.87531
4, 29, -3.82518
4, 30, -0.44492
4, 31, -2.67683
5, 6, 0.02719
5, 7, 3.60466
5, 8, -1.04389
5, 9, 0.50456
5, 10, -0.31139
5, 11, 1.36236
5, 12, -0.15032
5, 13, 0.36708
5, 14, -0.13293
5, 15, -0.06829
5, 16, -1.51443
5, 17, -0.00036
5, 18, -0.19446
5, 19, -0.09291
5, 20, -1.79759
5, 21, -1.86414
5, 22, -0.80382
5, 23, -1.75400
5, 24, 0.61251
5, 25, 0.26733
5, 26, -0.82461
5, 27, -2.22289
5, 28, 1.71414
5, 29, -1.83828
5, 30, -0.41553
5, 31, 0.64212
6, 7, -1.04837
6, 8, 16.29030
6, 9, 5.05013
6, 10, -2.14431
6, 11, 0.47680
6, 12, -1.39011
6, 13, -2.16399
6, 14, -0.26300
6, 15, -2.09860
6, 16, -1.15246
6, 17, -1.22418
6, 18, 0.34134
6, 19, 0.94693
6, 20, 13.06150
6, 21, -1.70397
6, 22, -1.49362
6, 23, -1.67428
6, 24, -0.94798
6, 25, -1.57028
6, 26, -2.38643
6, 27, -1.68780
6, 28, -1.80059
6, 29, -3.89783
6, 30, -0.92572
6, 31, -0.19731
7, 8, -1.37357
7, 9, 2.21099
7, 10, -0.14655
7, 11, 3.85011
7, 12, 1.77404
7, 13, 3.40968
7, 14, -1.27305
7, 15, 2.58753
7, 16, 0.28736
7, 17, 0.28911
7, 18, -0.80400
7, 19, 2.02977
7, 20, -3.29861
7, 21, -0.55880
7, 22, -0.67613
7, 23, -1.69437
7, 24, 0.21849
7, 25, -0.66848
7, 26, -0.79728
7, 27, -2.05610
7, 28, 0.50807
7, 29, 0.41398
7, 30, -0.52177
7, 31, -1.84218
8, 9, -0.29766
8, 10, 0.82278
8, 11, -0.76923
8, 12, 2.51537
8, 13, -1.81139
8, 14, 6.41019
8, 15, 2.03815
8, 16, -0.14585
8, 17, -1.41114
8, 18, 5.91978
8, 19, -1.52133
8, 20, -0.65153
8, 21, -2.49776
8, 22, -1.69493
8, 23, 0.33659
8, 24, -1.10790
8, 25, -2.82736
8, 26, -1.43857
8, 27, -1.15371
8, 28, -2.43197
8, 29, -4.10600
8, 30, -1.15145
8, 31, -3.97692
9, 10, 0.38897
9, 11, -0.18838
9, 12, -0.85691
9, 13, 6.72310
9, 14, -1.30569
9, 15, 1.85524
9, 16, -0.33853
9, 17, -0.55038
9, 18, 1.80467
9, 19, 0.18540
9, 20, -2.78262
9, 21, 0.68920
9, 22, -0.98997
9, 23, -0.56012
9, 24, -0.42103
9, 25, -1.22820
9, 26, -0.38052
9, 27, -1.38015
9, 28, -0.50345
9, 29, -2.63078
9, 30, -0.09953
9, 31, -2.29656
10, 11, 0.93231
10, 12, 22.77544
10, 13, 3.62785
10, 14, 1.16201
10, 15, 1.39242
10, 16, -0.53715
10, 17, 0.46769
10, 18, -2.14361
10, 19, 1.57265
10, 20, -3.73765
10, 21, -2.45087
10, 22, -1.10155
10, 23, -1.84367
10, 24, -1.53901
10, 25, -2.48508
10, 26, -1.09910
10, 27, -2.86716
10, 28, -0.10428
10, 29, -2.88431
10, 30, -0.63962
10, 31, -2.33707
11, 12, 1.38873
11, 13, 1.53859
11, 14, -0.58127
11, 15, 3.85341
11, 16, 0.57900
11, 17, -0.66768
11, 18, -0.06515
11, 19, -1.07917
11, 20, -2.13203
11, 21, -0.49877
11, 22, -0.52291
11, 23, -0.30987
11, 24, -0.61345
11, 25, -1.58752
11, 26, -0.78933
11, 27, -1.16724
11, 28, 1.05264
11, 29, -2.31452
11, 30, -0.19615
11, 31, -0.79941
12, 13, 2.66207
12, 14, 0.04231
12, 15, 1.24965
12, 16, -1.54927
12, 17, -0.74711
12, 18, -1.90905
12, 19, -1.01795
12, 20, -3.70769
12, 21, -2.48039
12, 22, -1.23548
12, 23, -0.22137
12, 24, 0.93462
12, 25, -2.44743
12, 26, -1.92411
12, 27, -2.86026
12, 28, 1.59904
12, 29, -3.52746
12, 30, -0.75182
12, 31, -2.47388
13, 14, 1.02915
13, 15, 0.11303
13, 16, 0.29187
13, 17, -0.31172
13, 18, 1.02012
13, 19, -0.61079
13, 20, -3.86831
13, 21, -1.57925
13, 22, -1.25673
13, 23, -0.45159
13, 24, -1.76731
13, 25, -1.68881
13, 26, -0.44889
13, 27, 0.06057
13, 28, -1.11897
13, 29, 0.32678
13, 30, -0.43955
13, 31, -2.94679
14, 15, 2.42719
14, 16, 0.41672
14, 17, -0.43968
14, 18, 2.21026
14, 19, -1.66516
14, 20, -4.23503
14, 21, -2.61811
14, 22, -0.19075
14, 23, 4.49427
14, 24, -1.42302
14, 25, 0.17754
14, 26, -1.80825
14, 27, 5.93050
14, 28, -0.22627
14, 29, 0.31555
14, 30, -0.93087
14, 31, -3.12706
15, 16, 0.24636
15, 17, 0.51207
15, 18, 0.97868
15, 19, -0.95623
15, 20, -2.89833
15, 21, -1.29103
15, 22, 1.02421
15, 23, -1.25276
15, 24, -1.09789
15, 25, -1.30296
15, 26, -1.04773
15, 27, -1.32205
15, 28, 0.70963
15, 29, -0.60411
15, 30, -0.19753
15, 31, -1.93206
16, 17, 1.41360
16, 18, -0.56167
16, 19, 0.06286
16, 20, -1.60422
16, 21, -1.42298
16, 22, 0.34776
16, 23, -0.47665
16, 24, -0.32562
16, 25, 3.02250
16, 26, -1.31237
16, 27, 4.54976
16, 28, 0.70600
16, 29, -0.88628
16, 30, -0.53426
16, 31, 1.71048
17, 18, -0.84263
17, 19, 0.40074
17, 20, -1.55939
17, 21, 0.67215
17, 22, 0.11076
17, 23, -0.76765
17, 24, -0.57478
17, 25, -0.40050
17, 26, 0.07359
17, 27, -0.61845
17, 28, -0.45485
17, 29, 5.42540
17, 30, -0.15037
17, 31, 2.00418
18, 19, 2.88836
18, 20, 6.28858
18, 21, -0.62828
18, 22, -1.38642
18, 23, 4.22956
18, 24, -0.80367
18, 25, -1.29775
18, 26, -2.42108
18, 27, -2.95982
18, 28, -1.12827
18, 29, -3.49186
18, 30, -0.62674
18, 31, -2.51094
19, 20, -0.19958
19, 21, 4.72751
19, 22, 1.82881
19, 23, 0.06350
19, 24, 1.87772
19, 25, -2.12686
19, 26, -0.33136
19, 27, -2.09012
19, 28, -0.88963
19, 29, -2.85949
19, 30, 0.53028
19, 31, -1.77261
20, 21, 9.27702
20, 22, 1.38900
20, 23, 5.03458
20, 24, 6.44317
20, 25, 9.05978
20, 26, -1.98962
20, 27, -4.46902
20, 28, -2.69182
20, 29, 0.68504
20, 30, -0.78301
20, 31, -2.89664
21, 22, 3.93190
21, 23, 0.60780
21, 24, 5.30785
21, 25, -2.49724
21, 26, -1.40206
21, 27, 1.18214
21, 28, -1.21769
21, 29, -4.32121
21, 30, -0.55405
21, 31, -2.40242
22, 23, -0.57272
22, 24, 2.58712
22, 25, -0.29857
22, 26, -0.99980
22, 27, -1.39108
22, 28, -0.39073
22, 29, -2.63291
22, 30, 0.36302
22, 31, -1.77463
23, 24, 1.31330
23, 25, 1.84714
23, 26, -1.30985
23, 27, -0.29934
23, 28, 1.86912
23, 29, -1.94139
23, 30, -0.43733
23, 31, -2.62185
24, 25, 0.49358
24, 26, 0.63071
24, 27, -2.39353
24, 28, 0.79216
24, 29, -2.20605
24, 30, -0.37588
24, 31, -2.63325
25, 26, 6.31754
25, 27, 11.07382
25, 28, -0.95352
25, 29, -3.78917
25, 30, 0.25567
25, 31, -1.04881
26, 27, 4.04208
26, 28, 6.28153
26, 29, 6.92766
26, 30, 0.35889
26, 31, 1.36373
27, 28, -0.31341
27, 29, 0.65952
27, 30, 1.49884
27, 31, 0.29153
28, 29, -1.76436
28, 30, 2.58175
28, 31, -0.25663
29, 30, 1.09144
29, 31, 38.46621
30, 31, 1.65245
