  464    29    31  0.018469    40.552
  191     8    10  0.007999     0.657
  404    20    25  0.006978     9.442
  213     9    10  0.006284     2.727
  402    20    23  0.004921     5.893
  403    20    24  0.004556     6.907
  430    23    24  0.004461     1.700
  410    20    31  0.004412    -1.878
  199     8    18  0.004332     3.002
  103     4    20  0.004226     1.991
  437    23    31  0.004102    -1.704
  376    18    20  0.003976     8.104
  237    10    13  0.003933     0.352
  321    14    23  0.003838     5.999
   77     3    21  0.003809     1.558
  197     8    16  0.003691    -0.975
  205     8    24  0.003670    -0.919
  412    21    23  0.003537     1.069
  216     9    13  0.003389     2.573
  284    12    21  0.003100    -2.257
  145     6    11  0.002823    -0.279
  201     8    20  0.002817     0.432
  196     8    15  0.002816     2.608
  434    23    28  0.002775     1.187
  118     5     9  0.002744    -0.358
    3     1     4  0.002640     4.744
  190     8     9  0.002594    -0.418
  166     7     8  0.002522    -0.966
   79     3    23  0.002484    -0.890
  435    23    29  0.002444    -0.992
  389    19    21  0.002321     4.072
  243    10    19  0.002253    -1.377
  249    10    25  0.002225    -2.491
  241    10    17  0.002217     1.293
  432    23    26  0.002217    -1.841
  291    12    28  0.002187     2.096
  438    24    25  0.002156     0.784
  270    11    26  0.002122    -0.093
  280    12    17  0.002097    -0.733
  222     9    19  0.002061    -0.743
  111     4    28  0.001942    -0.418
  384    18    28  0.001856    -1.087
  194     8    13  0.001777    -1.929
  276    12    13  0.001759     4.021
  142     6     8  0.001753    17.115
  313    14    15  0.001740     1.557
  317    14    19  0.001708    -2.074
  278    12    15  0.001697     2.072
  240    10    16  0.001695     0.517
  374    17    31  0.001680     0.219
  348    16    19  0.001615     1.867
  212     8    31  0.001476    -3.329
  447    25    28  0.001475    -1.059
  325    14    27  0.001467     8.019
   60     3     4  0.001431     2.039
  117     5     8  0.001430    -2.815
   76     3    20  0.001399    -2.723
  277    12    14  0.001387     0.887
  400    20    21  0.001379     9.944
   89     4     6  0.001365    -0.701
  202     8    21  0.001344    -1.654
  366    17    23  0.001340    -1.295
   39     2    11  0.001332     0.615
  210     8    29  0.001294    -3.014
  112     4    29  0.001289    -3.443
  269    11    25  0.001285    -1.319
  244    10    20  0.001269    -3.978
  379    18    23  0.001265    -0.118
  154     6    20  0.001224    14.200
  248    10    24  0.001198    -2.290
  185     7    27  0.001186    -2.399
  387    18    31  0.001141    -1.842
  245    10    21  0.001133    -2.551
  219     9    16  0.001107    -1.210
  153     6    19  0.001098     1.891
   95     4    12  0.001076    -2.355
  453    26    29  0.001072     7.848
  101     4    18  0.001059     0.275
  262    11    18  0.001056    -1.390
  170     7    12  0.001018     2.635
  357    16    28  0.000987     1.112
   64     3     8  0.000984     0.534
  105     4    22  0.000967     1.328
  446    25    27  0.000963    12.392
  395    19    27  0.000924    -0.221
   19     1    20  0.000921    -2.489
  308    13    27  0.000916     2.853
   61     3     5  0.000913     0.268
  363    17    20  0.000906    -2.124
   32     2     4  0.000904     3.768
  382    18    26  0.000876    -2.745
  206     8    25  0.000869    -2.780
  198     8    17  0.000856    -2.136
  252    10    28  0.000846     0.453
  114     4    31  0.000831    -0.996
   94     4    11  0.000815     0.324
  300    13    19  0.000814    -1.261
   81     3    25  0.000810    -0.931
   80     3    24  0.000801    -0.192
  324    14    26  0.000793    -2.188
  221     9    18  0.000775    -0.769
   30     1    31  0.000768    -1.065
    8     1     9  0.000764    -0.798
  445    25    26  0.000757     7.223
  208     8    27  0.000750    -0.716
  347    16    18  0.000718     3.163
   27     1    28  0.000713    -0.937
  316    14    18  0.000695     0.836
  306    13    25  0.000690    -1.005
  416    21    27  0.000684     1.197
  381    18    25  0.000670    -0.395
   66     3    10  0.000657    -0.912
  457    27    29  0.000648    -1.608
  295    13    14  0.000647     0.468
  368    17    25  0.000643    -1.023
  224     9    21  0.000641    -0.012
   87     3    31  0.000634    -1.070
  461    28    30  0.000633     2.452
  125     5    16  0.000632     0.481
  106     4    23  0.000629    -0.057
  264    11    20  0.000607    -2.611
  186     7    28  0.000577     0.545
  407    20    28  0.000575    -3.300
  462    28    31  0.000570    -0.865
  292    12    29  0.000568    -2.676
  455    26    31  0.000554     2.641
    7     1     8  0.000521    -0.657
  130     5    21  0.000520    -3.058
   36     2     8  0.000506    -0.703
  100     4    17  0.000489     1.521
  144     6    10  0.000488    -1.300
  423    22    25  0.000488    -1.888
  273    11    29  0.000487    -1.755
   56     2    28  0.000486    -0.339
  341    15    27  0.000479    -1.616
  383    18    27  0.000477    -0.518
  227     9    24  0.000472    -0.523
  350    16    21  0.000462    -2.282
  460    28    29  0.000448    -1.571
  109     4    26  0.000438    -0.481
  107     4    24  0.000438    -0.776
  157     6    23  0.000402    -0.706
  232     9    29  0.000385    -2.006
  326    14    28  0.000384    -0.822
  444    24    31  0.000379    -2.378
  398    19    30  0.000375     1.431
   84     3    28  0.000375    -0.407
  124     5    15  0.000372    -2.108
  289    12    26  0.000370    -2.521
  307    13    26  0.000367     1.530
  356    16    27  0.000365     6.388
  431    23    25  0.000365     2.762
  330    15    16  0.000357    -1.097
  297    13    16  0.000328     2.571
  288    12    25  0.000325    -2.422
  299    13    18  0.000322    -1.566
  135     5    26  0.000315    -0.311
  255    10    31  0.000311    -3.119
  314    14    16  0.000307    -2.201
  296    13    15  0.000304     0.269
  259    11    15  0.000297     3.240
   59     2    31  0.000295     0.103
  161     6    27  0.000289    -3.381
   78     3    22  0.000284     2.033
   33     2     5  0.000267     4.512
   24     1    25  0.000253    -1.089
  265    11    21  0.000219    -0.009
   29     1    30  0.000217     0.079
   82     3    26  0.000215    -0.674
  370    17    27  0.000208     0.574
  463    29    30  0.000208    -0.423
  465    30    31  0.000176     1.521
  220     9    17  0.000170    -0.864
  128     5    19  0.000170     2.033
  279    12    16  0.000162    -2.734
   40     2    12  0.000161    -1.238
  293    12    30  0.000160    -0.924
    9     1    10  0.000153    -0.297
  139     5    30  0.000145     0.554
  294    12    31  0.000130    -2.659
  329    14    31  0.000130    -2.788
    4     1     5  0.000124     1.710
  309    13    28  0.000123    -1.173
   51     2    23  0.000119    -1.061
  361    17    18  0.000117    -1.826
  275    11    31  0.000115    -1.426
  251    10    27  0.000106    -1.612
  344    15    30  0.000104    -1.030
  443    24    30  0.000091    -1.240
  257    11    13  0.000087    -0.393
   52     2    24  0.000087    -2.453
   90     4     7  0.000086    -0.984
  122     5    13  0.000085     3.077
  315    14    17  0.000083    -1.605
  271    11    27  0.000082    -2.397
  439    24    26  0.000081    -0.146
  458    27    30  0.000079     2.291
   86     3    30  0.000076    -0.983
  454    26    30  0.000069     0.459
   25     1    26  0.000065     1.167
  328    14    30  0.000055    -0.673
  377    18    21  0.000053    -0.797
   88     4     5  0.000047     5.649
  440    24    27  0.000038    -2.598
  449    25    30  0.000037     0.152
  179     7    21  0.000032    -0.404
   22     1    23  0.000019     0.020
  113     4    30  0.000013     0.627
  405    20    26  0.000005    -3.005
   16     1    17  0.000003    -0.147
  373    17    30  0.000000     0.383
   58     2    30 -0.000005     2.614
   55     2    27 -0.000008    -2.649
  311    13    30 -0.000038     1.189
  406    20    27 -0.000040    -5.509
  164     6    30 -0.000045    -1.494
  230     9    27 -0.000047    -1.341
   37     2     9 -0.000050    -1.496
   54     2    26 -0.000051     0.423
  409    20    30 -0.000064    -1.885
   10     1    11 -0.000077    -0.385
  451    26    27 -0.000089     0.901
   46     2    18 -0.000093    -1.535
  337    15    23 -0.000101    -0.892
  108     4    25 -0.000104    -3.587
  233     9    30 -0.000106    -1.101
  359    16    30 -0.000111     0.492
  160     6    26 -0.000111    -2.634
   42     2    14 -0.000112    -2.929
  274    11    30 -0.000113    -0.741
  181     7    23 -0.000129    -1.716
  369    17    26 -0.000130    -1.434
  380    18    24 -0.000135     3.496
  136     5    27 -0.000142    -0.487
   49     2    21 -0.000146    -1.932
  365    17    22 -0.000153     1.703
   26     1    27 -0.000167    -1.176
  290    12    27 -0.000170    -3.086
  322    14    24 -0.000172    -0.850
  441    24    28 -0.000172     0.226
  386    18    30 -0.000177    -0.554
  254    10    30 -0.000188    -0.056
  137     5    28 -0.000199     1.950
   97     4    14 -0.000203    -1.835
   74     3    18 -0.000219    -0.705
  131     5    22 -0.000224     1.085
  367    17    24 -0.000228    -0.758
  375    18    19 -0.000228     1.567
   23     1    24 -0.000229    -0.109
   73     3    17 -0.000229    -1.000
  250    10    26 -0.000234    -0.327
  110     4    27 -0.000250    -3.096
  420    21    31 -0.000269    -1.855
  188     7    30 -0.000275    -0.921
  120     5    11 -0.000290    -1.788
  283    12    20 -0.000297    -3.593
  238    10    14 -0.000299     2.329
   93     4    10 -0.000308    -1.247
  436    23    30 -0.000309    -0.638
  261    11    17 -0.000329    -0.395
  419    21    30 -0.000334    -1.805
   31     2     3 -0.000336     3.824
   45     2    17 -0.000345     0.628
  209     8    28 -0.000356    -2.320
  134     5    25 -0.000370     0.626
   69     3    13 -0.000373    -1.130
  371    17    28 -0.000382    -1.150
  286    12    23 -0.000389    -0.442
  180     7    22 -0.000424    -1.157
    1     1     2 -0.000432     6.761
  302    13    21 -0.000437    -1.827
  121     5    12 -0.000446    -0.011
    2     1     3 -0.000450     1.336
  364    17    21 -0.000451    -0.108
  428    22    30 -0.000454     1.648
   53     2    25 -0.000462    -2.713
  415    21    26 -0.000466    -1.204
  318    14    20 -0.000472    -4.022
  226     9    23 -0.000494    -0.360
  339    15    25 -0.000500    -1.290
  450    25    31 -0.000502    -2.344
  229     9    26 -0.000505    -0.811
   41     2    13 -0.000508    -0.444
  211     8    30 -0.000525    -2.424
  456    27    28 -0.000526     0.288
   15     1    16 -0.000535    -0.542
   11     1    12 -0.000567    -1.023
   17     1    18 -0.000571    -0.681
  116     5     7 -0.000587     3.318
   68     3    12 -0.000587    -1.366
  459    27    31 -0.000591    -2.087
  253    10    29 -0.000628    -3.689
  452    26    28 -0.000632     4.858
   91     4     8 -0.000633    -1.603
  433    23    27 -0.000638    -1.548
   12     1    13 -0.000650     0.841
   98     4    15 -0.000650    -1.230
  225     9    22 -0.000660    -0.520
   48     2    20 -0.000695     0.581
  217     9    14 -0.000714     0.677
  417    21    28 -0.000722    -1.214
  132     5    23 -0.000725    -1.907
  236    10    12 -0.000728    21.311
   44     2    16 -0.000745     0.800
  148     6    14 -0.000764    -0.830
  282    12    19 -0.000783    -1.895
   20     1    21 -0.000797    -1.506
  287    12    24 -0.000825     0.584
  388    19    20 -0.000833    -0.502
  146     6    12 -0.000850    -2.041
   13     1    14 -0.000860    -1.053
  155     6    21 -0.000881    -1.036
  414    21    25 -0.000886    -2.431
   57     2    29 -0.000899    -1.156
    5     1     6 -0.000918    -1.202
  242    10    18 -0.000940    -2.177
   38     2    10 -0.000943     0.882
  183     7    25 -0.000948    -1.582
  333    15    19 -0.000949    -0.154
  169     7    11 -0.000976     4.488
  352    16    23 -0.000987    -2.138
  162     6    28 -0.001020    -1.988
  345    15    31 -0.001025    -1.512
  150     6    16 -0.001026    -0.315
  263    11    19 -0.001029    -0.788
   14     1    15 -0.001030    -0.234
  247    10    23 -0.001031    -2.074
  448    25    29 -0.001036    -3.887
  272    11    28 -0.001046     1.754
   72     3    16 -0.001046    -1.403
   67     3    11 -0.001049     1.375
  119     5    10 -0.001064     0.710
  104     4    21 -0.001084     7.074
  159     6    25 -0.001102    -1.099
  362    17    19 -0.001105     1.445
  260    11    16 -0.001113     1.762
  354    16    25 -0.001130     3.602
  173     7    15 -0.001155     2.761
  425    22    27 -0.001172     0.734
  126     5    17 -0.001173     1.161
  304    13    23 -0.001196     1.174
  349    16    20 -0.001227    -3.403
  391    19    23 -0.001238    -1.133
   50     2    22 -0.001248    -1.737
   99     4    16 -0.001261    -2.606
  298    13    17 -0.001266     1.256
  331    15    17 -0.001288     1.071
   47     2    19 -0.001293     0.157
  281    12    18 -0.001306    -0.801
  115     5     6 -0.001318    -0.548
  355    16    26 -0.001344    -1.879
   70     3    14 -0.001385    -1.139
  168     7    10 -0.001398     0.010
  165     6    31 -0.001401     1.422
   43     2    15 -0.001463    -0.089
  392    19    24 -0.001487     1.742
  223     9    20 -0.001512    -0.643
  334    15    20 -0.001539    -2.662
  319    14    21 -0.001560    -1.982
  413    21    24 -0.001572     5.692
  429    22    31 -0.001604    -2.259
  267    11    23 -0.001613     0.279
  258    11    14 -0.001647    -0.178
  303    13    22 -0.001702     0.287
  442    24    29 -0.001751    -1.716
  340    15    26 -0.001754    -0.873
   92     4     9 -0.001776    -0.465
   62     3     6 -0.001785    -0.639
  129     5    20 -0.001788    -5.372
  305    13    24 -0.001801    -2.279
  234     9    31 -0.001828    -1.803
  394    19    26 -0.001829    -0.795
  218     9    15 -0.001837     4.815
  215     9    12 -0.001851    -0.233
  127     5    18 -0.001868     1.005
  323    14    25 -0.001873     1.361
  214     9    11 -0.001888     1.371
  393    19    25 -0.001906    -2.123
  353    16    24 -0.001909    -0.297
  140     5    31 -0.001910    -3.101
  385    18    29 -0.001933    -0.672
  418    21    29 -0.001981    -3.428
  182     7    24 -0.001984    -0.195
  424    22    26 -0.002055    -0.328
  327    14    29 -0.002094    -0.167
  192     8    11 -0.002094    -0.383
   96     4    13 -0.002115    -1.865
  332    15    18 -0.002135     0.015
  158     6    24 -0.002144    -0.388
  268    11    24 -0.002151    -0.415
  184     7    26 -0.002153    -1.394
  174     7    16 -0.002161     0.329
  203     8    22 -0.002172    -1.789
  342    15    28 -0.002175     0.030
   83     3    27 -0.002186     3.646
  147     6    13 -0.002188    -3.304
  301    13    20 -0.002188    -4.112
  207     8    26 -0.002240    -1.250
   21     1    22 -0.002278    -0.194
  346    16    17 -0.002281     2.616
  285    12    22 -0.002308    -1.898
   35     2     7 -0.002328    -2.222
  408    20    29 -0.002420     1.910
   28     1    29 -0.002421    -0.779
  149     6    15 -0.002428    -1.918
  143     6     9 -0.002429    -0.357
  167     7     9 -0.002437     1.654
  151     6    17 -0.002446    -0.996
  358    16    29 -0.002567    -3.655
  123     5    14 -0.002568     0.825
  156     6    22 -0.002751    -2.063
  231     9    28 -0.002757     2.384
   18     1    19 -0.002757    -0.449
    6     1     7 -0.002761    -0.897
  171     7    13 -0.002761     4.132
   65     3     9 -0.002789    -0.156
  138     5    29 -0.002871    -4.556
  360    16    31 -0.002896    -1.178
  133     5    24 -0.002903    -2.228
  427    22    29 -0.002926    -2.910
  335    15    21 -0.002934    -1.081
   34     2     6 -0.003017    -0.888
   85     3    29 -0.003059    -0.315
  239    10    15 -0.003093    -0.051
  338    15    24 -0.003126    -1.136
  195     8    14 -0.003172     7.294
  235    10    11 -0.003229     0.410
  343    15    29 -0.003238     0.815
  228     9    25 -0.003252     0.009
  312    13    31 -0.003313    -1.854
  177     7    19 -0.003316     2.366
  411    21    22 -0.003520     3.905
  397    19    29 -0.003545    -3.723
  401    20    22 -0.003600     0.129
   75     3    19 -0.003634     0.577
  351    16    22 -0.003697     2.126
  193     8    12 -0.003729     2.610
  178     7    20 -0.003753    -2.860
  310    13    29 -0.003777    -2.100
  421    22    23 -0.003778    -0.089
  176     7    18 -0.003841    -0.409
  200     8    19 -0.003893    -2.059
  399    19    31 -0.003908    -0.927
   71     3    15 -0.003992    -0.225
  426    22    28 -0.004149    -0.331
  256    11    12 -0.004172     0.965
  266    11    22 -0.004208    -0.497
  396    19    28 -0.004275    -0.708
  204     8    23 -0.004282     1.240
  246    10    22 -0.004571    -1.427
  372    17    29 -0.004659     3.321
  163     6    29 -0.004914    -2.421
  172     7    14 -0.005170    -0.788
  390    19    22 -0.005194     2.992
  102     4    19 -0.005399    -1.356
  141     6     7 -0.005537    -0.453
   63     3     7 -0.006450    -0.953
  189     7    31 -0.006614    -1.907
  152     6    18 -0.006732    -0.881
  175     7    17 -0.008233    -0.517
  187     7    29 -0.008851     0.354
  336    15    22 -0.008992    -0.682
  378    18    22 -0.011873     0.510
  320    14    22 -0.012428    -1.712
  422    22    24 -0.015108     2.594
