1, 2, 17.56156
1, 3, 9.27248
1, 4, 2.45919
1, 5, -0.72240
1, 6, -0.10382
1, 7, -0.90553
1, 8, -0.08659
1, 9, -1.28613
1, 10, -0.79931
1, 11, -0.90529
1, 12, -1.28516
1, 13, 0.30417
1, 14, 0.37054
1, 15, -0.20597
1, 16, -0.29934
1, 17, -0.58207
1, 18, -1.00557
1, 19, 0.22942
1, 20, -0.23283
1, 21, -0.20575
1, 22, 0.93396
1, 23, -0.32709
1, 24, -0.00663
1, 25, -1.16059
1, 26, -0.31265
1, 27, 0.22955
1, 28, 1.56299
1, 29, -0.62093
1, 30, -0.78690
1, 31, -0.33953
1, 32, 0.02975
1, 33, -0.49648
1, 34, 0.48040
1, 35, -1.81228
1, 36, -0.31141
1, 37, -0.44559
1, 38, 0.11850
1, 39, -0.25401
1, 40, 1.17657
1, 41, -0.65390
1, 42, -0.99521
1, 43, -1.52525
1, 44, -1.08409
1, 45, -1.08200
1, 46, 3.71967
1, 47, -1.40816
1, 48, -1.66912
1, 49, -0.14572
1, 50, -1.07078
1, 51, -0.82300
1, 52, 1.18988
1, 53, -1.24046
1, 54, -1.02080
1, 55, -0.59698
1, 56, -0.71692
1, 57, -1.38452
1, 58, -1.45611
1, 59, -1.10485
1, 60, -1.78399
1, 61, -1.41297
1, 62, -1.59916
1, 63, -1.29925
2, 3, 1.13722
2, 4, 0.49200
2, 5, 0.84521
2, 6, -0.79073
2, 7, 0.97389
2, 8, -1.79650
2, 9, 1.04032
2, 10, 0.60399
2, 11, -0.82520
2, 12, 1.95393
2, 13, 1.10343
2, 14, 2.17651
2, 15, -0.92745
2, 16, 1.80667
2, 17, 0.09949
2, 18, -2.43222
2, 19, 1.76313
2, 20, -0.79995
2, 21, 0.12574
2, 22, -0.55873
2, 23, 0.71338
2, 24, -1.00569
2, 25, -1.40527
2, 26, 0.25296
2, 27, -0.53034
2, 28, -0.40530
2, 29, -0.65562
2, 30, 0.44933
2, 31, -0.58003
2, 32, -0.50221
2, 33, 0.58181
2, 34, -0.60904
2, 35, 0.16981
2, 36, 0.17725
2, 37, 2.49129
2, 38, -0.56966
2, 39, -0.97264
2, 40, -1.21215
2, 41, -0.90009
2, 42, -1.06881
2, 43, 0.77142
2, 44, -0.97581
2, 45, 0.06934
2, 46, -1.12653
2, 47, 0.45075
2, 48, 0.46225
2, 49, -1.63834
2, 50, -1.12337
2, 51, 0.63834
2, 52, -0.39170
2, 53, -0.51988
2, 54, -1.25015
2, 55, -2.19044
2, 56, -1.86109
2, 57, -1.95679
2, 58, -1.48263
2, 59, -2.22633
2, 60, -0.82114
2, 61, -1.12788
2, 62, -1.69060
2, 63, 0.87011
3, 4, 7.12315
3, 5, 4.46197
3, 6, 1.44480
3, 7, -0.07921
3, 8, 0.39484
3, 9, -0.14786
3, 10, -0.40030
3, 11, -0.64596
3, 12, -0.87143
3, 13, -0.10200
3, 14, -0.59087
3, 15, -0.46348
3, 16, -0.42614
3, 17, -0.54701
3, 18, -0.02206
3, 19, 11.02268
3, 20, -0.79940
3, 21, -1.48059
3, 22, -0.74898
3, 23, -0.82890
3, 24, -0.29871
3, 25, 0.00495
3, 26, -0.34410
3, 27, 1.21778
3, 28, -0.46345
3, 29, -0.25436
3, 30, -0.80870
3, 31, 0.11076
3, 32, -0.56559
3, 33, -0.79484
3, 34, 0.60306
3, 35, 1.27293
3, 36, -0.07058
3, 37, -0.60802
3, 38, -0.54029
3, 39, -0.28707
3, 40, -0.27631
3, 41, -1.25616
3, 42, -1.23952
3, 43, -1.42158
3, 44, 1.46414
3, 45, -1.15724
3, 46, -0.50345
3, 47, -1.03731
3, 48, -1.09687
3, 49, -1.58040
3, 50, -0.99665
3, 51, -1.27149
3, 52, -1.50868
3, 53, -0.55850
3, 54, -1.03286
3, 55, -1.94897
3, 56, 2.42947
3, 57, -1.33533
3, 58, -1.17683
3, 59, -1.61072
3, 60, -2.28345
3, 61, -1.51771
3, 62, -1.90501
3, 63, -1.66654
4, 5, 0.42567
4, 6, 0.58504
4, 7, -0.10186
4, 8, -0.67790
4, 9, -1.33346
4, 10, -0.13852
4, 11, 0.01179
4, 12, -0.69461
4, 13, 0.22903
4, 14, -0.37173
4, 15, 0.32178
4, 16, 1.13967
4, 17, 0.14203
4, 18, -0.71933
4, 19, -0.37865
4, 20, 0.32862
4, 21, -0.87154
4, 22, -0.90734
4, 23, -0.25612
4, 24, 0.22453
4, 25, -0.51087
4, 26, -0.46310
4, 27, 0.17430
4, 28, 0.22411
4, 29, -0.18421
4, 30, -0.00585
4, 31, 0.36379
4, 32, 0.39395
4, 33, -0.56850
4, 34, -0.48167
4, 35, -0.59314
4, 36, 1.08922
4, 37, -0.25745
4, 38, 0.46771
4, 39, 1.36448
4, 40, 0.66282
4, 41, 4.09336
4, 42, 0.95929
4, 43, -0.92131
4, 44, 0.27046
4, 45, -0.62963
4, 46, 0.66636
4, 47, 0.30100
4, 48, -0.72915
4, 49, -0.47557
4, 50, 0.89087
4, 51, 0.35021
4, 52, -1.10729
4, 53, -1.63409
4, 54, -0.88454
4, 55, -1.12571
4, 56, -1.22815
4, 57, -1.19662
4, 58, -1.16868
4, 59, 0.01968
4, 60, -1.52271
4, 61, -1.41048
4, 62, -0.89237
4, 63, -1.21022
5, 6, 0.45397
5, 7, -0.07355
5, 8, 10.31907
5, 9, 1.23451
5, 10, -0.28709
5, 11, -1.17954
5, 12, 1.00591
5, 13, 0.91861
5, 14, -0.85984
5, 15, 1.71443
5, 16, 0.74047
5, 17, -1.77892
5, 18, -0.76270
5, 19, -1.16821
5, 20, -0.92884
5, 21, 6.45675
5, 22, 0.29762
5, 23, -0.54109
5, 24, -0.31105
5, 25, -0.78234
5, 26, -0.33587
5, 27, -0.50521
5, 28, 0.52980
5, 29, 0.95903
5, 30, -0.80587
5, 31, -0.81673
5, 32, 1.46743
5, 33, -0.92903
5, 34, -0.52996
5, 35, -1.24802
5, 36, 1.11394
5, 37, -0.11233
5, 38, 1.37541
5, 39, -0.66767
5, 40, -0.93680
5, 41, -1.02660
5, 42, 2.23800
5, 43, -1.44706
5, 44, 2.11546
5, 45, -0.31962
5, 46, 2.10551
5, 47, -0.93905
5, 48, -1.85279
5, 49, 0.31330
5, 50, 0.05672
5, 51, -0.68624
5, 52, -2.12200
5, 53, -1.66426
5, 54, -1.28590
5, 55, -1.41057
5, 56, -1.61540
5, 57, -1.58648
5, 58, -1.60025
5, 59, -1.10513
5, 60, -1.33878
5, 61, -1.53460
5, 62, -1.82898
5, 63, -0.64964
6, 7, 2.76271
6, 8, 3.29952
6, 9, -1.24051
6, 10, 1.57332
6, 11, 0.64439
6, 12, -0.89058
6, 13, -0.54251
6, 14, 0.46695
6, 15, -0.08926
6, 16, -0.41765
6, 17, 0.70180
6, 18, 0.20553
6, 19, 11.57057
6, 20, 0.95642
6, 21, 1.42054
6, 22, -0.62309
6, 23, 0.89148
6, 24, -0.48869
6, 25, -0.18557
6, 26, 0.79553
6, 27, 0.93566
6, 28, -0.41748
6, 29, -0.66976
6, 30, -0.93272
6, 31, -0.67416
6, 32, -0.10486
6, 33, 1.05845
6, 34, -0.64270
6, 35, -1.44478
6, 36, -0.48196
6, 37, 0.45417
6, 38, -0.96355
6, 39, -0.83513
6, 40, -0.85790
6, 41, -0.82310
6, 42, 0.40339
6, 43, -1.79777
6, 44, -1.87272
6, 45, -0.70073
6, 46, 1.41237
6, 47, -1.19893
6, 48, -1.78270
6, 49, -0.83964
6, 50, 0.02621
6, 51, -0.77784
6, 52, 0.35856
6, 53, -1.46198
6, 54, -0.63875
6, 55, -0.26917
6, 56, -0.88129
6, 57, -1.26587
6, 58, -0.96840
6, 59, -0.92084
6, 60, -1.19622
6, 61, -0.87780
6, 62, -0.56365
6, 63, -0.55027
7, 8, 0.45433
7, 9, -0.49248
7, 10, 1.86889
7, 11, 1.94463
7, 12, 0.11057
7, 13, 1.89897
7, 14, 1.26472
7, 15, -0.14833
7, 16, 1.56861
7, 17, 1.52231
7, 18, 0.58016
7, 19, -0.99171
7, 20, -0.23844
7, 21, -0.72298
7, 22, 1.79377
7, 23, 1.02150
7, 24, 0.36467
7, 25, -0.50914
7, 26, 0.87096
7, 27, 0.10420
7, 28, 0.10615
7, 29, -0.97155
7, 30, 0.95729
7, 31, -0.37044
7, 32, 0.45853
7, 33, 1.25185
7, 34, -0.20965
7, 35, 1.03264
7, 36, -0.67877
7, 37, -0.83421
7, 38, -0.02367
7, 39, -0.67673
7, 40, -0.31654
7, 41, -0.76169
7, 42, -0.81585
7, 43, -1.16110
7, 44, -1.33152
7, 45, -1.14454
7, 46, -0.70404
7, 47, -1.04283
7, 48, -1.52035
7, 49, -0.46922
7, 50, -0.65602
7, 51, -0.81453
7, 52, 0.46550
7, 53, -1.22625
7, 54, -0.69609
7, 55, -0.25085
7, 56, 0.14665
7, 57, -0.86803
7, 58, -1.01672
7, 59, 0.61319
7, 60, -0.42303
7, 61, -0.80554
7, 62, -0.77121
7, 63, -0.00931
8, 9, -0.64751
8, 10, 0.21742
8, 11, -0.26783
8, 12, -0.45017
8, 13, -1.01074
8, 14, -0.31215
8, 15, -0.10873
8, 16, -1.33347
8, 17, -1.41395
8, 18, -2.56131
8, 19, -1.08261
8, 20, -1.13221
8, 21, -1.10048
8, 22, 2.79460
8, 23, -0.65984
8, 24, -1.19872
8, 25, -0.62117
8, 26, -0.38860
8, 27, 1.15140
8, 28, 4.82038
8, 29, -1.80287
8, 30, -1.17172
8, 31, 1.90668
8, 32, 0.02409
8, 33, -0.75097
8, 34, 4.83264
8, 35, -1.35782
8, 36, 8.94793
8, 37, 2.15471
8, 38, 0.86066
8, 39, -0.03795
8, 40, -0.37356
8, 41, 1.87562
8, 42, 0.49679
8, 43, 0.38148
8, 44, -0.85601
8, 45, -0.81615
8, 46, 0.99906
8, 47, 0.35896
8, 48, -1.22426
8, 49, -1.24751
8, 50, -1.04260
8, 51, -0.20931
8, 52, -2.47467
8, 53, 0.30662
8, 54, -0.96788
8, 55, -0.47867
8, 56, -1.90102
8, 57, -1.27088
8, 58, -1.27679
8, 59, -1.45252
8, 60, -2.27557
8, 61, -2.12051
8, 62, -2.01315
8, 63, -1.82523
9, 10, -0.30038
9, 11, 2.00034
9, 12, 4.22481
9, 13, 0.77589
9, 14, -0.67957
9, 15, 0.32900
9, 16, -1.97950
9, 17, -1.04756
9, 18, -1.86947
9, 19, -2.11498
9, 20, -1.09578
9, 21, 0.22961
9, 22, -2.37085
9, 23, -0.93502
9, 24, 0.07630
9, 25, -0.37843
9, 26, -0.77237
9, 27, -0.86659
9, 28, -0.34264
9, 29, 12.86062
9, 30, -0.71899
9, 31, 2.62243
9, 32, -0.34449
9, 33, -1.17819
9, 34, -0.46421
9, 35, 3.97356
9, 36, -1.34745
9, 37, 1.18953
9, 38, -1.15763
9, 39, -0.04099
9, 40, 0.17392
9, 41, 0.23290
9, 42, -0.92327
9, 43, -0.26959
9, 44, 1.76995
9, 45, 2.53294
9, 46, 2.55871
9, 47, 1.05005
9, 48, 2.40335
9, 49, 1.43644
9, 50, -0.80923
9, 51, 2.12014
9, 52, 0.11475
9, 53, -0.43750
9, 54, -1.67029
9, 55, -2.40259
9, 56, -1.55039
9, 57, -1.58154
9, 58, -1.53995
9, 59, 0.36402
9, 60, -1.96579
9, 61, -2.57935
9, 62, -1.97958
9, 63, -0.96681
10, 11, 2.46221
10, 12, 0.33849
10, 13, 1.65787
10, 14, 1.62732
10, 15, -0.33069
10, 16, 1.70292
10, 17, 1.35608
10, 18, 0.57782
10, 19, -0.56122
10, 20, -0.31062
10, 21, -0.75948
10, 22, 1.73259
10, 23, 0.90793
10, 24, 0.08885
10, 25, -0.38991
10, 26, 0.77318
10, 27, 0.03592
10, 28, -0.15459
10, 29, -0.87203
10, 30, 0.83500
10, 31, -0.27152
10, 32, -0.02061
10, 33, 1.11378
10, 34, -0.33003
10, 35, 0.70664
10, 36, -0.65741
10, 37, -0.59260
10, 38, -0.57171
10, 39, -0.27770
10, 40, -0.23857
10, 41, -0.92858
10, 42, -0.36697
10, 43, -1.14701
10, 44, -1.09212
10, 45, -0.87487
10, 46, -0.84145
10, 47, -0.92759
10, 48, -1.41974
10, 49, -0.73179
10, 50, -0.50799
10, 51, -0.42867
10, 52, 0.38944
10, 53, -0.86168
10, 54, -0.60593
10, 55, -0.00222
10, 56, 0.03546
10, 57, -0.74371
10, 58, -0.86596
10, 59, 0.74647
10, 60, -0.37679
10, 61, -0.56273
10, 62, -0.54618
10, 63, 0.04250
11, 12, 0.88843
11, 13, -0.68557
11, 14, 0.72499
11, 15, -0.14127
11, 16, 0.42226
11, 17, 1.21502
11, 18, -1.64898
11, 19, -1.85289
11, 20, 0.64864
11, 21, 3.98938
11, 22, -0.66676
11, 23, 1.14589
11, 24, -0.89942
11, 25, 1.34948
11, 26, 0.97957
11, 27, -0.06095
11, 28, -0.07745
11, 29, -0.68048
11, 30, 0.06976
11, 31, 0.83606
11, 32, 0.20811
11, 33, 1.80056
11, 34, -0.43415
11, 35, 0.39440
11, 36, 0.29715
11, 37, 3.52189
11, 38, 0.78824
11, 39, -0.12589
11, 40, 1.56388
11, 41, -0.91599
11, 42, -0.86325
11, 43, -1.41739
11, 44, -1.27308
11, 45, -0.56457
11, 46, 0.12150
11, 47, -0.23227
11, 48, -1.57772
11, 49, 0.31931
11, 50, -1.04421
11, 51, -0.60757
11, 52, -1.09028
11, 53, 0.25586
11, 54, -0.80840
11, 55, -1.28094
11, 56, -1.06911
11, 57, -1.03937
11, 58, -1.30240
11, 59, 0.27004
11, 60, -0.80647
11, 61, -0.71831
11, 62, -0.49104
11, 63, -0.74425
12, 13, 1.63337
12, 14, 0.56803
12, 15, 0.93327
12, 16, -0.73214
12, 17, -0.85505
12, 18, -0.48751
12, 19, -0.11563
12, 20, 1.00870
12, 21, 1.69422
12, 22, -1.11712
12, 23, 0.05974
12, 24, -0.29192
12, 25, -0.31451
12, 26, 0.09466
12, 27, 0.18251
12, 28, 1.45585
12, 29, 0.62437
12, 30, -0.39327
12, 31, 1.71198
12, 32, -0.02978
12, 33, 0.08630
12, 34, 0.87483
12, 35, 0.05164
12, 36, 1.94621
12, 37, 0.73344
12, 38, -0.47647
12, 39, -0.03351
12, 40, 1.17355
12, 41, -0.02084
12, 42, 2.07838
12, 43, 0.56936
12, 44, -0.16557
12, 45, -0.89736
12, 46, -1.23233
12, 47, -1.15998
12, 48, -1.45354
12, 49, -0.31170
12, 50, 0.69486
12, 51, -0.91808
12, 52, -0.34891
12, 53, -1.43652
12, 54, -0.96864
12, 55, -1.28366
12, 56, -0.84569
12, 57, -0.63377
12, 58, -1.24916
12, 59, 0.17331
12, 60, -0.51712
12, 61, -1.72793
12, 62, -1.28718
12, 63, -1.33119
13, 14, 0.51158
13, 15, 0.85838
13, 16, -0.51442
13, 17, 1.84838
13, 18, 4.39320
13, 19, -1.62192
13, 20, -0.79943
13, 21, -1.19285
13, 22, -0.05965
13, 23, 1.07676
13, 24, 0.01308
13, 25, 0.72071
13, 26, 0.97130
13, 27, -0.55433
13, 28, -0.78634
13, 29, 2.54369
13, 30, -0.72866
13, 31, 0.22164
13, 32, 0.47290
13, 33, 1.54783
13, 34, 0.09173
13, 35, 1.13902
13, 36, 0.05998
13, 37, -0.54612
13, 38, 0.44626
13, 39, -0.84955
13, 40, -1.09164
13, 41, 1.51090
13, 42, -1.31874
13, 43, -1.97827
13, 44, -1.70532
13, 45, -1.01892
13, 46, -1.12775
13, 47, 1.49008
13, 48, -1.30440
13, 49, -0.34996
13, 50, -0.54202
13, 51, -0.85382
13, 52, -0.08328
13, 53, -1.60301
13, 54, -0.26885
13, 55, -1.58222
13, 56, -0.43844
13, 57, 0.18048
13, 58, 0.33327
13, 59, -1.90973
13, 60, -0.00418
13, 61, -1.40657
13, 62, -0.21768
13, 63, 0.04416
14, 15, 0.13604
14, 16, 0.60330
14, 17, 1.48143
14, 18, -0.65319
14, 19, -0.63683
14, 20, -0.57857
14, 21, -0.48107
14, 22, 1.52335
14, 23, 0.97447
14, 24, -0.03520
14, 25, 0.14556
14, 26, 0.86025
14, 27, -0.30538
14, 28, 0.62651
14, 29, -0.93817
14, 30, -0.31418
14, 31, -0.48172
14, 32, -0.56188
14, 33, 1.30565
14, 34, -0.20327
14, 35, -0.56760
14, 36, 0.05268
14, 37, -0.02101
14, 38, -0.46895
14, 39, 0.60481
14, 40, -0.14789
14, 41, -0.99700
14, 42, -0.96907
14, 43, -1.03477
14, 44, -0.18656
14, 45, -0.28008
14, 46, -0.79324
14, 47, -0.88231
14, 48, 0.36887
14, 49, -0.79247
14, 50, -0.07525
14, 51, 1.25569
14, 52, -0.50672
14, 53, 2.37695
14, 54, -0.58721
14, 55, 0.44430
14, 56, -0.80424
14, 57, -0.89603
14, 58, -0.70530
14, 59, -0.68699
14, 60, 0.56373
14, 61, -1.15483
14, 62, -0.60316
14, 63, -0.51296
15, 16, 0.27245
15, 17, 2.26599
15, 18, -1.39786
15, 19, -1.59353
15, 20, 0.57308
15, 21, 0.65873
15, 22, -1.80337
15, 23, 0.01864
15, 24, 1.16620
15, 25, 6.49825
15, 26, 0.03597
15, 27, -0.09405
15, 28, -0.23822
15, 29, -0.16721
15, 30, 2.78963
15, 31, -0.22729
15, 32, -0.49011
15, 33, -0.21352
15, 34, -0.09674
15, 35, 5.94895
15, 36, 0.68847
15, 37, -1.52795
15, 38, 0.90072
15, 39, -0.10406
15, 40, -0.73918
15, 41, 0.06605
15, 42, -0.97480
15, 43, 0.92376
15, 44, -0.37451
15, 45, -1.11511
15, 46, 2.15976
15, 47, -1.12816
15, 48, 0.02682
15, 49, -0.93068
15, 50, 0.30191
15, 51, -1.10444
15, 52, -1.59386
15, 53, 1.31323
15, 54, -1.00813
15, 55, -0.56561
15, 56, -1.47882
15, 57, -1.39186
15, 58, -0.98391
15, 59, -0.90781
15, 60, -1.41840
15, 61, -1.72036
15, 62, -1.51998
15, 63, -1.25000
16, 17, 4.60745
16, 18, 2.33032
16, 19, 0.21939
16, 20, -0.47120
16, 21, -0.70109
16, 22, 3.41791
16, 23, 1.57308
16, 24, -0.73476
16, 25, 0.42309
16, 26, 1.13908
16, 27, -0.20187
16, 28, -0.70391
16, 29, 0.31307
16, 30, -0.19583
16, 31, 0.02327
16, 32, -0.44173
16, 33, 1.75201
16, 34, -0.59150
16, 35, -1.19354
16, 36, 0.92219
16, 37, -0.95752
16, 38, -0.45867
16, 39, -0.35305
16, 40, 1.38207
16, 41, -0.25423
16, 42, 2.52792
16, 43, -1.39740
16, 44, -0.30214
16, 45, -0.21806
16, 46, -0.76251
16, 47, -1.34163
16, 48, -1.68819
16, 49, -0.51461
16, 50, -0.76427
16, 51, 0.61071
16, 52, -0.74544
16, 53, -1.10245
16, 54, 0.03207
16, 55, -1.01028
16, 56, -0.99606
16, 57, -0.29678
16, 58, -1.00217
16, 59, -0.67827
16, 60, -1.19857
16, 61, -0.93160
16, 62, -0.89737
16, 63, -1.16638
17, 18, 4.70901
17, 19, 2.66951
17, 20, 0.43991
17, 21, -1.17609
17, 22, 3.84906
17, 23, 1.44901
17, 24, -0.71136
17, 25, -1.52109
17, 26, 1.23844
17, 27, -0.56784
17, 28, -0.32009
17, 29, -0.51385
17, 30, 2.21956
17, 31, -0.89647
17, 32, -0.49431
17, 33, 1.77033
17, 34, 0.71938
17, 35, 0.58285
17, 36, -1.30184
17, 37, -1.16989
17, 38, -0.40450
17, 39, -0.58329
17, 40, -0.45506
17, 41, -0.43350
17, 42, -0.84616
17, 43, -1.69213
17, 44, -1.54376
17, 45, -1.47456
17, 46, -0.61070
17, 47, -1.20805
17, 48, -1.80707
17, 49, -0.63645
17, 50, -0.10469
17, 51, -0.19132
17, 52, 0.22763
17, 53, -1.83810
17, 54, -0.83503
17, 55, -0.91788
17, 56, -0.73096
17, 57, -1.03374
17, 58, -1.23885
17, 59, 1.31206
17, 60, -0.74479
17, 61, -0.82983
17, 62, -0.83189
17, 63, -1.06577
18, 19, 2.52489
18, 20, 17.48398
18, 21, 0.41803
18, 22, 4.55884
18, 23, 0.95104
18, 24, 6.09121
18, 25, -1.00863
18, 26, 0.98584
18, 27, -0.26135
18, 28, -0.76657
18, 29, -1.02819
18, 30, -0.80289
18, 31, 0.08383
18, 32, 0.51149
18, 33, 1.49052
18, 34, -0.28829
18, 35, -0.31439
18, 36, -1.43545
18, 37, 1.03841
18, 38, -0.99131
18, 39, 1.15232
18, 40, -0.02636
18, 41, -0.29358
18, 42, -0.72815
18, 43, -1.82727
18, 44, -2.20969
18, 45, 0.88664
18, 46, 0.95968
18, 47, -1.12115
18, 48, -2.80557
18, 49, -1.67949
18, 50, -1.09102
18, 51, -1.31833
18, 52, -1.58422
18, 53, -2.08779
18, 54, -1.54794
18, 55, -2.07872
18, 56, 1.04703
18, 57, -1.42528
18, 58, -2.01894
18, 59, -1.23555
18, 60, -2.50056
18, 61, -2.04562
18, 62, -1.18262
18, 63, -1.01660
19, 20, -1.52788
19, 21, 0.19855
19, 22, 0.25183
19, 23, -0.13240
19, 24, 1.10433
19, 25, 2.44974
19, 26, -0.06352
19, 27, 1.17271
19, 28, -0.41172
19, 29, -0.44131
19, 30, 3.77162
19, 31, 1.07203
19, 32, -0.07936
19, 33, -0.11681
19, 34, -0.33337
19, 35, 5.32915
19, 36, -0.99807
19, 37, 0.74682
19, 38, 2.08187
19, 39, -1.28288
19, 40, 1.13204
19, 41, -1.56183
19, 42, -1.15860
19, 43, -1.18339
19, 44, -0.84826
19, 45, -0.09161
19, 46, -0.61340
19, 47, -0.52429
19, 48, 0.93219
19, 49, -1.94114
19, 50, -0.96570
19, 51, -0.41031
19, 52, -1.88230
19, 53, -1.73444
19, 54, -1.41444
19, 55, -2.03218
19, 56, -1.02384
19, 57, -2.03336
19, 58, -2.16292
19, 59, -1.76390
19, 60, -2.66250
19, 61, -2.41447
19, 62, -1.57223
19, 63, -1.45230
20, 21, 0.36899
20, 22, -0.65800
20, 23, -0.31359
20, 24, 1.40078
20, 25, -0.68222
20, 26, -0.17083
20, 27, 0.76594
20, 28, 2.25628
20, 29, -0.33469
20, 30, -0.20485
20, 31, 0.03800
20, 32, 0.07197
20, 33, -0.21621
20, 34, 0.06487
20, 35, 0.39705
20, 36, 0.26956
20, 37, 1.25914
20, 38, -0.00153
20, 39, -0.53937
20, 40, -0.39498
20, 41, -0.98272
20, 42, -0.49721
20, 43, -0.97128
20, 44, -0.93383
20, 45, -0.63596
20, 46, -0.14837
20, 47, -0.75736
20, 48, -1.31223
20, 49, -0.60708
20, 50, -0.64503
20, 51, 1.19751
20, 52, -0.72630
20, 53, -1.19701
20, 54, -0.77086
20, 55, -1.50274
20, 56, 0.79927
20, 57, -0.38438
20, 58, -0.68948
20, 59, -0.47080
20, 60, -1.60779
20, 61, -1.18714
20, 62, -1.16352
20, 63, -0.93761
21, 22, 4.93125
21, 23, -0.57904
21, 24, -0.39006
21, 25, 3.19024
21, 26, -0.57867
21, 27, -0.63790
21, 28, -0.84843
21, 29, 0.59873
21, 30, -0.93672
21, 31, -0.18509
21, 32, -0.23019
21, 33, -0.76031
21, 34, 0.37612
21, 35, 6.36610
21, 36, -0.64399
21, 37, 1.34144
21, 38, -0.38873
21, 39, 2.51690
21, 40, -0.76607
21, 41, 0.26446
21, 42, -0.57136
21, 43, -1.89339
21, 44, -0.88007
21, 45, 1.97751
21, 46, -1.13119
21, 47, -1.05313
21, 48, -0.50969
21, 49, -0.33475
21, 50, -0.02609
21, 51, -0.79110
21, 52, -0.95077
21, 53, -0.92092
21, 54, -0.69498
21, 55, -0.84464
21, 56, -1.07855
21, 57, -1.14402
21, 58, -0.69821
21, 59, -1.86372
21, 60, -2.18427
21, 61, -1.66947
21, 62, -1.33007
21, 63, -0.58397
22, 23, 1.78811
22, 24, -0.45837
22, 25, -1.08639
22, 26, 1.54389
22, 27, -0.27023
22, 28, 0.33084
22, 29, -0.39484
22, 30, -1.23596
22, 31, -0.84370
22, 32, -0.68805
22, 33, 2.09384
22, 34, 1.28081
22, 35, 2.24960
22, 36, -0.07868
22, 37, -1.52536
22, 38, -0.67705
22, 39, -1.57538
22, 40, -0.19832
22, 41, -2.01417
22, 42, 1.86495
22, 43, -2.28340
22, 44, -1.89887
22, 45, 0.60620
22, 46, -1.71789
22, 47, -0.61190
22, 48, 0.71725
22, 49, -1.29438
22, 50, -0.34531
22, 51, -1.23642
22, 52, -1.80183
22, 53, -2.23567
22, 54, -0.91867
22, 55, -1.71339
22, 56, 1.47184
22, 57, -1.59038
22, 58, -1.65900
22, 59, 0.21330
22, 60, 0.27017
22, 61, -0.58429
22, 62, -0.39344
22, 63, 0.33059
23, 24, 0.01408
23, 25, -0.17191
23, 26, 0.82419
23, 27, -0.17598
23, 28, 0.02065
23, 29, -0.59581
23, 30, 1.12274
23, 31, -0.12098
23, 32, 0.37694
23, 33, 1.19378
23, 34, 0.09383
23, 35, 0.75482
23, 36, -0.68168
23, 37, -0.86270
23, 38, -0.26685
23, 39, -0.51218
23, 40, -0.30302
23, 41, -0.65813
23, 42, -0.27244
23, 43, -0.90211
23, 44, -0.58935
23, 45, -0.60447
23, 46, -0.86842
23, 47, -0.71429
23, 48, -1.41966
23, 49, -0.71848
23, 50, -0.14682
23, 51, -0.50682
23, 52, 0.75540
23, 53, -0.25381
23, 54, -0.64138
23, 55, 0.38535
23, 56, 0.14543
23, 57, -0.75819
23, 58, -0.89244
23, 59, 0.55433
23, 60, 0.03594
23, 61, -0.63249
23, 62, -0.80119
23, 63, 0.09279
24, 25, 1.71657
24, 26, 0.16805
24, 27, 2.58973
24, 28, 0.38321
24, 29, -0.35876
24, 30, 0.73226
24, 31, 0.04716
24, 32, -0.22970
24, 33, 0.28779
24, 34, -0.62957
24, 35, -1.49961
24, 36, -0.14621
24, 37, 0.34836
24, 38, 0.10278
24, 39, -0.57156
24, 40, -0.39483
24, 41, -1.00718
24, 42, -0.46262
24, 43, -1.39146
24, 44, -0.11074
24, 45, -0.99412
24, 46, 0.08206
24, 47, -0.64040
24, 48, -1.23716
24, 49, -0.13408
24, 50, 1.85867
24, 51, 1.35588
24, 52, -0.64310
24, 53, 1.99417
24, 54, -0.86012
24, 55, 0.20135
24, 56, 0.15414
24, 57, -0.79367
24, 58, -0.93198
24, 59, -1.05468
24, 60, 0.84765
24, 61, -1.19451
24, 62, -0.38392
24, 63, -1.16096
25, 26, -0.16479
25, 27, -0.00064
25, 28, -0.58787
25, 29, 2.25393
25, 30, 2.14726
25, 31, 1.01872
25, 32, 0.48257
25, 33, -0.08457
25, 34, -0.12068
25, 35, 4.19237
25, 36, -0.85297
25, 37, -0.72248
25, 38, -0.15514
25, 39, -0.28962
25, 40, 1.67687
25, 41, 2.00707
25, 42, -1.57304
25, 43, -1.41227
25, 44, 0.74817
25, 45, -0.23424
25, 46, 0.33425
25, 47, -1.24844
25, 48, -0.30762
25, 49, -0.44255
25, 50, -0.71320
25, 51, -0.44737
25, 52, -0.99247
25, 53, -1.91174
25, 54, -0.95262
25, 55, 0.90115
25, 56, -1.16932
25, 57, -1.48413
25, 58, -0.98302
25, 59, -0.41434
25, 60, -0.97737
25, 61, -0.46714
25, 62, -1.55750
25, 63, -0.94673
26, 27, -0.32426
26, 28, -0.23643
26, 29, -0.57011
26, 30, 0.83086
26, 31, -0.15926
26, 32, 0.17696
26, 33, 1.01564
26, 34, -0.27722
26, 35, 0.96949
26, 36, -0.60872
26, 37, -0.71416
26, 38, -0.44336
26, 39, -0.44200
26, 40, -0.32222
26, 41, -0.55004
26, 42, -0.40463
26, 43, -0.80518
26, 44, -0.61405
26, 45, -0.65249
26, 46, -0.46208
26, 47, -0.64713
26, 48, -0.96529
26, 49, -0.53854
26, 50, -0.22468
26, 51, -0.30070
26, 52, 0.69441
26, 53, -0.28259
26, 54, -0.56693
26, 55, 0.26666
26, 56, 0.17262
26, 57, -0.68154
26, 58, -0.79442
26, 59, 0.67069
26, 60, 0.24779
26, 61, -0.68228
26, 62, -0.69462
26, 63, 0.29358
27, 28, 0.66847
27, 29, 0.68903
27, 30, 0.93945
27, 31, 4.46021
27, 32, 1.21832
27, 33, -0.32733
27, 34, 0.87310
27, 35, -1.06543
27, 36, 0.07166
27, 37, -0.56257
27, 38, -0.03749
27, 39, 0.31997
27, 40, -0.45019
27, 41, -0.53045
27, 42, -0.57283
27, 43, -0.75541
27, 44, 0.24028
27, 45, -0.25154
27, 46, -0.02074
27, 47, -1.02233
27, 48, 0.27186
27, 49, -0.54063
27, 50, -0.17374
27, 51, -0.45829
27, 52, 0.05581
27, 53, -0.98679
27, 54, -0.59250
27, 55, -0.94513
27, 56, -0.61566
27, 57, -0.73314
27, 58, -0.53351
27, 59, -0.44717
27, 60, -0.03581
27, 61, -0.80906
27, 62, -0.46573
27, 63, -0.59044
28, 29, 1.56138
28, 30, 0.36587
28, 31, 2.48191
28, 32, 0.36073
28, 33, -0.00079
28, 34, 0.11450
28, 35, -0.52644
28, 36, 0.14780
28, 37, 0.60672
28, 38, -0.27201
28, 39, -0.32612
28, 40, -0.22805
28, 41, 0.03828
28, 42, -0.98548
28, 43, -1.55754
28, 44, -0.55309
28, 45, 0.01198
28, 46, -0.90902
28, 47, -1.23165
28, 48, -2.12708
28, 49, -0.93816
28, 50, -0.60024
28, 51, 1.19274
28, 52, -0.91613
28, 53, -0.22418
28, 54, -0.71232
28, 55, -0.60830
28, 56, -0.61113
28, 57, -1.11651
28, 58, -1.36566
28, 59, 2.45294
28, 60, 2.19276
28, 61, -0.79082
28, 62, 0.25134
28, 63, -1.32401
29, 30, -0.16621
29, 31, 2.27630
29, 32, 0.16666
29, 33, -0.61767
29, 34, -0.31255
29, 35, 4.05439
29, 36, 1.52034
29, 37, -0.28842
29, 38, -0.07495
29, 39, -0.39403
29, 40, 0.15230
29, 41, -0.90933
29, 42, 0.68577
29, 43, -1.39954
29, 44, -0.35328
29, 45, 0.54905
29, 46, 1.96592
29, 47, -0.73644
29, 48, -1.49750
29, 49, -0.95426
29, 50, -0.57775
29, 51, -0.37508
29, 52, -1.77412
29, 53, -0.20114
29, 54, -0.83861
29, 55, -0.27232
29, 56, -1.29806
29, 57, -1.37827
29, 58, -1.09533
29, 59, -1.57797
29, 60, -1.61934
29, 61, -1.48771
29, 62, -1.34718
29, 63, 0.03430
30, 31, 0.60474
30, 32, 1.23343
30, 33, 0.62831
30, 34, -0.44565
30, 35, 6.80395
30, 36, 0.42283
30, 37, -0.63896
30, 38, 1.63119
30, 39, -0.60638
30, 40, -0.71186
30, 41, -0.87635
30, 42, -1.35550
30, 43, -0.76136
30, 44, -0.19193
30, 45, -0.87139
30, 46, -0.91745
30, 47, -0.32967
30, 48, -1.78776
30, 49, -1.34705
30, 50, -0.56600
30, 51, -0.47608
30, 52, -0.42252
30, 53, -0.79497
30, 54, -0.47537
30, 55, -1.30096
30, 56, -0.51867
30, 57, -0.44270
30, 58, -1.10748
30, 59, -0.07010
30, 60, 0.50278
30, 61, 0.08061
30, 62, -1.09279
30, 63, -1.07197
31, 32, 1.15649
31, 33, -0.22549
31, 34, 1.06766
31, 35, -0.90572
31, 36, -0.24612
31, 37, -0.74964
31, 38, -0.66614
31, 39, -0.05178
31, 40, -0.49035
31, 41, -0.24790
31, 42, -0.80006
31, 43, -1.04779
31, 44, -0.31555
31, 45, -0.42692
31, 46, -0.02580
31, 47, -0.76395
31, 48, -1.57978
31, 49, -0.95242
31, 50, 0.90020
31, 51, -0.03352
31, 52, -1.20978
31, 53, -0.92173
31, 54, -0.32506
31, 55, -0.87199
31, 56, 0.19661
31, 57, -1.07698
31, 58, -1.23303
31, 59, -0.94555
31, 60, -1.19196
31, 61, -0.98828
31, 62, -0.52014
31, 63, 1.32579
32, 33, 0.42658
32, 34, 4.00943
32, 35, -0.38795
32, 36, -0.37884
32, 37, -0.07953
32, 38, 0.73553
32, 39, -0.07016
32, 40, 2.49394
32, 41, -0.53563
32, 42, -0.53543
32, 43, -0.40634
32, 44, -0.56561
32, 45, -0.76615
32, 46, -0.15051
32, 47, 0.13115
32, 48, -0.97730
32, 49, -0.65112
32, 50, -0.65000
32, 51, 1.28913
32, 52, -0.41904
32, 53, 0.61058
32, 54, -0.43283
32, 55, -0.87019
32, 56, -0.98452
32, 57, -0.37527
32, 58, -0.28614
32, 59, -0.95236
32, 60, -0.71996
32, 61, -1.19399
32, 62, -1.02019
32, 63, -0.76838
33, 34, 0.06213
33, 35, 1.73274
33, 36, -0.84622
33, 37, -0.73711
33, 38, -0.34916
33, 39, -0.54922
33, 40, -0.33420
33, 41, -0.73599
33, 42, -0.18884
33, 43, -1.50126
33, 44, -1.23007
33, 45, -1.02318
33, 46, -0.93223
33, 47, -1.10638
33, 48, -1.87301
33, 49, -0.79039
33, 50, 0.14292
33, 51, -0.52093
33, 52, 0.97667
33, 53, -0.44001
33, 54, -0.80160
33, 55, 0.12234
33, 56, 0.42106
33, 57, -0.95393
33, 58, -1.17448
33, 59, 1.09780
33, 60, 0.20593
33, 61, -0.79052
33, 62, -0.79568
33, 63, 0.11747
34, 35, -0.41098
34, 36, -0.06719
34, 37, -0.17221
34, 38, -0.07641
34, 39, 0.09163
34, 40, 0.59416
34, 41, -0.62664
34, 42, -0.76818
34, 43, 0.23931
34, 44, -0.31995
34, 45, -0.34986
34, 46, -0.65904
34, 47, -0.83793
34, 48, -0.65590
34, 49, -0.35099
34, 50, 0.40893
34, 51, 0.63518
34, 52, 0.02584
34, 53, -1.18313
34, 54, -0.14010
34, 55, 1.51447
34, 56, -0.32117
34, 57, -0.83849
34, 58, -0.84889
34, 59, -0.98162
34, 60, -1.04936
34, 61, -0.99584
34, 62, -0.62357
34, 63, -0.14181
35, 36, -0.16002
35, 37, 0.58321
35, 38, -1.12332
35, 39, 0.56608
35, 40, -1.24003
35, 41, 1.02861
35, 42, -1.42569
35, 43, -2.58221
35, 44, -2.10927
35, 45, 1.10135
35, 46, -0.48282
35, 47, -0.90062
35, 48, -2.00111
35, 49, -1.80245
35, 50, 0.87973
35, 51, -1.17711
35, 52, -2.54714
35, 53, -1.40186
35, 54, -1.23233
35, 55, -2.44990
35, 56, -0.50816
35, 57, -1.86335
35, 58, -1.94046
35, 59, -2.33969
35, 60, -2.93498
35, 61, -1.47892
35, 62, -1.62173
35, 63, -2.25908
36, 37, 0.52318
36, 38, 0.73635
36, 39, -0.38716
36, 40, 0.44964
36, 41, -0.26643
36, 42, -1.04456
36, 43, 0.41486
36, 44, 1.10022
36, 45, -0.60172
36, 46, 0.16208
36, 47, 0.02820
36, 48, 1.91384
36, 49, -0.30984
36, 50, 1.65566
36, 51, -0.34700
36, 52, -0.14794
36, 53, -1.34815
36, 54, -0.09408
36, 55, -1.37827
36, 56, -0.66565
36, 57, -0.77101
36, 58, -0.66305
36, 59, -1.13806
36, 60, 0.04016
36, 61, -1.32513
36, 62, -1.51982
36, 63, -0.77645
37, 38, 1.63945
37, 39, 0.57362
37, 40, 0.06893
37, 41, -0.62008
37, 42, -1.01254
37, 43, 0.40859
37, 44, 0.98810
37, 45, 4.35001
37, 46, 4.47358
37, 47, 0.28135
37, 48, -2.01826
37, 49, -0.30497
37, 50, 0.02036
37, 51, -0.36811
37, 52, -0.16952
37, 53, -1.23891
37, 54, -0.66610
37, 55, -1.68245
37, 56, -0.29399
37, 57, -0.95278
37, 58, -0.32536
37, 59, -1.51489
37, 60, -1.56874
37, 61, -1.10327
37, 62, -1.00749
37, 63, -0.69284
38, 39, 1.14501
38, 40, 0.85277
38, 41, 2.15950
38, 42, -0.14379
38, 43, -0.00658
38, 44, 0.06807
38, 45, -0.41270
38, 46, -0.18535
38, 47, 2.61576
38, 48, 0.16130
38, 49, -0.06436
38, 50, 0.95675
38, 51, -0.12675
38, 52, -0.79136
38, 53, -1.23073
38, 54, -0.37763
38, 55, -0.09731
38, 56, -0.36381
38, 57, -1.01155
38, 58, -0.80745
38, 59, -0.40753
38, 60, -1.50013
38, 61, -0.88823
38, 62, -1.13412
38, 63, 0.70116
39, 40, 3.24755
39, 41, -0.18844
39, 42, -0.47175
39, 43, 0.65411
39, 44, 1.06483
39, 45, 2.87895
39, 46, 0.08029
39, 47, -0.58672
39, 48, -0.26869
39, 49, 2.59155
39, 50, 0.03841
39, 51, -0.43349
39, 52, -0.33130
39, 53, 1.96126
39, 54, -0.59108
39, 55, 0.08651
39, 56, 0.11435
39, 57, -0.85200
39, 58, -0.97919
39, 59, -1.02645
39, 60, -0.56724
39, 61, -0.31180
39, 62, -0.17971
39, 63, -0.80175
40, 41, 0.72120
40, 42, 0.58921
40, 43, 2.63871
40, 44, -0.03045
40, 45, 0.16307
40, 46, 0.54861
40, 47, -0.47253
40, 48, -0.22520
40, 49, -0.43691
40, 50, -0.42588
40, 51, -0.21782
40, 52, 0.04816
40, 53, -0.30922
40, 54, -0.90427
40, 55, 0.75809
40, 56, -1.14251
40, 57, -0.80449
40, 58, -0.50129
40, 59, -1.43035
40, 60, -0.90560
40, 61, -1.25187
40, 62, -1.40384
40, 63, 0.70480
41, 42, 3.09434
41, 43, 6.21568
41, 44, 4.49148
41, 45, -0.08221
41, 46, -0.14541
41, 47, 4.25518
41, 48, 2.77612
41, 49, 1.32732
41, 50, -0.55280
41, 51, -0.62777
41, 52, -0.69655
41, 53, 0.14187
41, 54, -0.99392
41, 55, -1.86614
41, 56, -1.19317
41, 57, -1.39523
41, 58, -1.44407
41, 59, -0.78231
41, 60, 0.55893
41, 61, -1.94515
41, 62, -1.71059
41, 63, -1.42538
42, 43, 8.68975
42, 44, 4.37837
42, 45, 0.96411
42, 46, 0.87694
42, 47, 4.12227
42, 48, 2.00441
42, 49, 1.04048
42, 50, -0.49825
42, 51, -0.48376
42, 52, -1.67373
42, 53, -1.70010
42, 54, -0.76623
42, 55, -1.61587
42, 56, -0.23692
42, 57, -1.96529
42, 58, -0.14565
42, 59, -0.09087
42, 60, -0.00957
42, 61, -1.79282
42, 62, -1.50986
42, 63, 1.41554
43, 44, 12.90831
43, 45, 0.58447
43, 46, 1.11065
43, 47, 16.55157
43, 48, 3.88016
43, 49, -0.70980
43, 50, -0.76165
43, 51, -0.55556
43, 52, -1.52944
43, 53, -1.99861
43, 54, -0.98143
43, 55, 0.35100
43, 56, -1.85244
43, 57, -1.58193
43, 58, -0.76917
43, 59, -2.01313
43, 60, -1.60141
43, 61, -0.25346
43, 62, -0.61568
43, 63, -1.50042
44, 45, 2.04819
44, 46, 1.36269
44, 47, 1.94516
44, 48, -0.14795
44, 49, 0.12302
44, 50, -0.52358
44, 51, 0.93421
44, 52, -0.99042
44, 53, 1.60712
44, 54, -0.71366
44, 55, -0.27072
44, 56, -1.26850
44, 57, -1.50575
44, 58, -1.30762
44, 59, -1.98480
44, 60, -2.18853
44, 61, -1.19197
44, 62, -1.44071
44, 63, 0.89744
45, 46, 1.60368
45, 47, 2.62482
45, 48, 5.25884
45, 49, -0.36911
45, 50, 0.80062
45, 51, 1.03554
45, 52, -1.45121
45, 53, 2.89656
45, 54, -0.75138
45, 55, -1.42791
45, 56, -1.00970
45, 57, -0.57455
45, 58, -0.59214
45, 59, -1.30125
45, 60, -1.74632
45, 61, -1.50886
45, 62, -1.47150
45, 63, -0.30435
46, 47, -0.34623
46, 48, -0.56283
46, 49, -0.80144
46, 50, 0.86408
46, 51, 0.82130
46, 52, 0.33371
46, 53, 1.56718
46, 54, -0.81431
46, 55, -0.79805
46, 56, -0.62285
46, 57, -1.06965
46, 58, -1.18207
46, 59, -2.41714
46, 60, -2.26323
46, 61, -1.58452
46, 62, -0.94048
46, 63, -0.00867
47, 48, 6.48705
47, 49, -0.84933
47, 50, 2.50461
47, 51, 0.36779
47, 52, -1.29099
47, 53, -1.38032
47, 54, -0.62670
47, 55, -1.66863
47, 56, -1.41852
47, 57, -0.73767
47, 58, -1.03782
47, 59, -1.27795
47, 60, -1.90578
47, 61, -1.28285
47, 62, -1.89723
47, 63, -1.80429
48, 49, 9.27740
48, 50, -0.52012
48, 51, 0.95489
48, 52, 8.70556
48, 53, 14.67491
48, 54, -0.79898
48, 55, -0.21669
48, 56, -1.41784
48, 57, -1.83269
48, 58, -1.95486
48, 59, 0.47086
48, 60, -2.22663
48, 61, -2.53216
48, 62, -2.77739
48, 63, -2.62683
49, 50, 1.89168
49, 51, -0.02826
49, 52, 8.59673
49, 53, 8.76797
49, 54, 0.18685
49, 55, -1.30347
49, 56, -0.88963
49, 57, -0.63754
49, 58, -0.81301
49, 59, 0.44007
49, 60, -1.65739
49, 61, -1.13733
49, 62, -0.45863
49, 63, 1.29045
50, 51, 2.27754
50, 52, 1.59709
50, 53, 0.56163
50, 54, 1.86963
50, 55, -0.60434
50, 56, -0.34953
50, 57, 0.72004
50, 58, 0.46793
50, 59, -0.66328
50, 60, -1.25551
50, 61, -0.83869
50, 62, -0.92560
50, 63, 0.69272
51, 52, 1.18093
51, 53, 1.12106
51, 54, 1.07504
51, 55, -0.25597
51, 56, 0.28097
51, 57, 0.65275
51, 58, -0.36979
51, 59, 0.74988
51, 60, -0.98583
51, 61, -0.13374
51, 62, -0.94928
51, 63, 0.23129
52, 53, 4.64557
52, 54, 3.06551
52, 55, -0.78406
52, 56, 3.48867
52, 57, 0.80317
52, 58, -0.29019
52, 59, 1.26263
52, 60, -0.08594
52, 61, 0.06799
52, 62, -0.78497
52, 63, 0.03651
53, 54, 4.35509
53, 55, -0.83502
53, 56, 2.02069
53, 57, 0.39860
53, 58, -1.10702
53, 59, -1.63747
53, 60, -1.13443
53, 61, -1.51233
53, 62, -1.81785
53, 63, -1.17684
54, 55, 4.23265
54, 56, 2.03675
54, 57, 7.67113
54, 58, 5.72372
54, 59, 0.88857
54, 60, 0.46684
54, 61, 2.85337
54, 62, 2.32123
54, 63, 0.27460
55, 56, 7.85718
55, 57, 2.35508
55, 58, 1.19353
55, 59, 1.73859
55, 60, 24.14031
55, 61, -0.14941
55, 62, -0.37174
55, 63, 1.93482
56, 57, 3.58459
56, 58, 1.29364
56, 59, 7.50347
56, 60, 1.34358
56, 61, 0.77337
56, 62, -0.04857
56, 63, -0.12340
57, 58, 17.35262
57, 59, 3.72125
57, 60, 2.91647
57, 61, 6.51156
57, 62, 5.19328
57, 63, 0.99533
58, 59, 6.63166
58, 60, 3.39937
58, 61, 8.91055
58, 62, 6.89447
58, 63, 1.49080
59, 60, 5.35773
59, 61, 4.03281
59, 62, 1.11960
59, 63, 2.60563
60, 61, 8.72443
60, 62, 5.24149
60, 63, 1.42913
61, 62, 24.55679
61, 63, 6.19013
62, 63, 13.88699
