 1785    45    48   0.01581 5.25884078
 1744    43    44   0.01127 12.90830669
 1764    44    45   0.01125 2.04819316
  441     8    36   0.00963 8.94793305
 1837    48    52   0.00851 8.70555724
 1703    41    44   0.00754 4.49147578
 1723    42    43   0.00737 8.68975213
 1765    44    46   0.00679 1.36269002
 1864    50    52   0.00626 1.59709209
  690    13    25   0.00600 0.72070843
 1834    48    49   0.00578 9.27739894
 1610    37    45   0.00574 4.35001231
  969    19    25   0.00552 2.44973835
 1725    42    45   0.00531 0.96410962
 1724    42    44   0.00487 4.37837133
 1436    31    42   0.00484 -0.80005828
  919    18    19   0.00479 2.52489177
 1702    41    43   0.00478 6.21568495
 1838    48    53   0.00431 14.67491268
 1587    36    48   0.00425 1.91383724
 1609    37    44   0.00373 0.98809543
 1746    43    46   0.00360 1.11064957
 1748    43    48   0.00357 3.88015914
 1589    36    50   0.00356 1.65566311
  706    13    41   0.00342 1.51089704
 1747    43    47   0.00340 16.55157312
 1228    25    41   0.00328 2.00706817
 1772    44    53   0.00328 1.60711945
  945    18    45   0.00327 0.88663934
  981    19    37   0.00327 0.74681730
  787    15    25   0.00314 6.49825237
  937    18    37   0.00311 1.03840590
 1728    42    48   0.00296 2.00441029
 1727    42    47   0.00288 4.12227099
 1786    45    49   0.00256 -0.36911030
 1236    25    49   0.00250 -0.44255259
 1807    46    53   0.00250 1.56718055
 1704    41    45   0.00233 -0.08221154
  723    13    58   0.00225 0.33327100
  139     3    19   0.00223 11.02267534
 1707    41    48   0.00213 2.77612340
  436     8    31   0.00209 1.90667541
  446     8    41   0.00208 1.87561736
 1806    46    52   0.00204 0.33371245
  472     9    13   0.00202 0.77588725
  445     8    40   0.00188 -0.37356247
 1849    49    50   0.00186 1.89167756
  701    13    36   0.00186 0.05998451
  713    13    48   0.00180 -1.30440056
 1233    25    46   0.00174 0.33425478
 1227    25    40   0.00170 1.67686722
  989    19    45   0.00162 -0.09161053
 1783    45    46   0.00159 1.60367979
 1232    25    45   0.00156 -0.23424378
  949    18    49   0.00155 -1.67948604
 1583    36    44   0.00154 1.10022310
 1893    52    58   0.00143 -0.29019365
 1631    38    41   0.00138 2.15950494
  935    18    35   0.00137 -0.31438765
 1743    42    63   0.00136 1.41553999
 1179    24    30   0.00135 0.73226329
 1804    46    50   0.00134 0.86408261
 1898    52    63   0.00134 0.03650950
 1730    42    50   0.00132 -0.49825097
  982    19    38   0.00131 2.08187108
 1729    42    49   0.00131 1.04047937
 1891    52    56   0.00130 3.48866694
 1935    57    60   0.00129 2.91646915
  651    12    36   0.00125 1.94620759
  728    13    63   0.00123 0.04415672
 1922    55    60   0.00122 24.14031007
  273     5    36   0.00121 1.11394227
 1053    21    24   0.00120 -0.39005621
  944    18    44   0.00115 -2.20969004
 1924    55    62   0.00115 -0.37173564
  225     4    46   0.00114 0.66636046
 1607    37    42   0.00111 -1.01253559
  925    18    25   0.00110 -1.00863311
 1732    42    52   0.00110 -1.67372726
  963    18    63   0.00108 -1.01660104
 1585    36    46   0.00106 0.16208019
 1392    29    63   0.00106 0.03430080
   97     2    37   0.00106 2.49128542
  800    15    38   0.00105 0.90072134
  579    11    15   0.00104 -0.14126503
  796    15    34   0.00103 -0.09673958
 1745    43    45   0.00101 0.58446960
  155     3    35   0.00100 1.27293232
  797    15    35   0.00098 5.94894587
  589    11    25   0.00097 1.34948068
  792    15    30   0.00095 2.78963213
  808    15    46   0.00094 2.15975739
  675    12    60   0.00094 -0.51712301
  220     4    41   0.00093 4.09335795
  221     4    42   0.00093 0.95929011
 1580    36    41   0.00091 -0.26643230
 1064    21    35   0.00091 6.36609610
  946    18    46   0.00090 0.95968173
  938    18    38   0.00089 -0.99130812
 1790    45    53   0.00089 2.89655795
  984    19    40   0.00088 1.13204317
  972    19    28   0.00087 -0.41171746
  986    19    42   0.00087 -1.15859562
  197     4    18   0.00087 -0.71933292
 1640    38    50   0.00087 0.95674994
  804    15    42   0.00085 -0.97480366
 1927    56    58   0.00084 1.29363706
  424     8    19   0.00084 -1.08260987
 1711    41    52   0.00080 -0.69654597
  330     6    36   0.00080 -0.48196355
 1890    52    55   0.00079 -0.78406221
 1024    20    37   0.00079 1.25913867
 1538    34    54   0.00078 -0.14010183
 1603    37    38   0.00077 1.63944821
  252     5    15   0.00075 1.71443124
  447     8    42   0.00074 0.49678654
  101     2    41   0.00071 -0.90008709
  628    12    13   0.00070 1.63336554
 1604    37    39   0.00070 0.57361539
  458     8    53   0.00070 0.30661843
 1851    49    52   0.00069 8.59673098
  817    15    55   0.00069 -0.56561111
  718    13    53   0.00068 -1.60301142
  282     5    45   0.00068 -0.31961860
  999    19    55   0.00067 -2.03218450
 1667    39    53   0.00067 1.96126294
  302     6     8   0.00066 3.29951587
  215     4    36   0.00065 1.08922238
  694    13    29   0.00065 2.54368994
 1736    42    56   0.00065 -0.23692141
  133     3    13   0.00064 -0.10199685
  102     2    42   0.00063 -1.06880596
   39     1    40   0.00063 1.17657135
 1656    39    42   0.00062 -0.47175238
  685    13    20   0.00060 -0.79942642
 1564    35    52   0.00059 -2.54713758
  272     5    35   0.00059 -1.24801551
   90     2    30   0.00058 0.44932954
  418     8    13   0.00058 -1.01073927
 1435    31    41   0.00058 -0.24789899
   21     1    22   0.00058 0.93396388
 1663    39    49   0.00058 2.59154743
  717    13    52   0.00057 -0.08327980
  430     8    25   0.00057 -0.62116604
  965    19    21   0.00055 0.19855363
  149     3    29   0.00055 -0.25436174
  283     5    46   0.00055 2.10550548
 1054    21    25   0.00055 3.19023763
  729    14    15   0.00055 0.13603830
 1649    38    59   0.00055 -0.40752582
    3     1     4   0.00055 2.45918739
  821    15    59   0.00054 -0.90780818
 1660    39    46   0.00053 0.08028610
 1648    38    58   0.00053 -0.80744518
 1611    37    46   0.00053 4.47358466
  709    13    44   0.00051 -1.70531957
  720    13    55   0.00051 -1.58222019
 1531    34    47   0.00051 -0.83793054
 1231    25    44   0.00051 0.74817489
 1632    38    42   0.00050 -0.14379443
 1929    56    60   0.00049 1.34357543
  498     9    39   0.00049 -0.04098925
  725    13    60   0.00048 -0.00417770
 1657    39    43   0.00048 0.65411386
 1944    59    60   0.00048 5.35772949
   47     1    48   0.00047 -1.66912391
 1524    34    40   0.00047 0.59416195
  296     5    59   0.00047 -1.10512931
 1369    29    40   0.00047 0.15230468
  952    18    52   0.00047 -1.58422053
 1081    21    52   0.00046 -0.95077401
 1029    20    42   0.00046 -0.49720869
  712    13    47   0.00045 1.49008194
 1942    58    62   0.00045 6.89446560
 1364    29    35   0.00045 4.05438965
  863    16    54   0.00045 0.03207158
   18     1    19   0.00044 0.22942442
 1686    40    49   0.00044 -0.43691032
 1712    41    53   0.00044 0.14187366
  895    17    40   0.00043 -0.45506431
 1819    47    49   0.00043 -0.84932571
  200     4    21   0.00043 -0.87154020
  794    15    32   0.00043 -0.49010918
  630    12    15   0.00042 0.93327340
 1662    39    48   0.00042 -0.26869042
 1706    41    47   0.00042 4.25517739
 1757    43    57   0.00042 -1.58193401
 1717    41    58   0.00040 -1.44407239
 1695    40    58   0.00040 -0.50129307
  819    15    57   0.00040 -1.39185674
 1229    25    42   0.00040 -1.57303711
   12     1    13   0.00040 0.30416645
 1196    24    47   0.00039 -0.64040227
 1606    37    41   0.00039 -0.62007654
  307     6    13   0.00039 -0.54250676
  161     3    41   0.00039 -1.25615581
  820    15    58   0.00039 -0.98390732
  218     4    39   0.00039 1.36447950
  727    13    62   0.00039 -0.21767591
  319     6    25   0.00038 -0.18556857
  703    13    38   0.00038 0.44626147
  700    13    35   0.00037 1.13901630
  284     5    47   0.00037 -0.93905195
 1083    21    54   0.00037 -0.69497946
 1617    37    52   0.00037 -0.16952112
  266     5    29   0.00036 0.95903074
 1321    27    61   0.00036 -0.80906399
 1722    41    63   0.00036 -1.42538500
 1833    47    63   0.00036 -1.80429130
 1800    45    63   0.00036 -0.30434904
  680    13    15   0.00036 0.85837537
  721    13    56   0.00036 -0.43843789
 1918    55    56   0.00036 7.85717803
 1581    36    42   0.00035 -1.04456483
  910    17    55   0.00035 -0.91787895
 1525    34    41   0.00035 -0.62664044
 1372    29    43   0.00034 -1.39953527
  805    15    43   0.00034 0.92376247
 1796    45    59   0.00034 -1.30125205
  519     9    60   0.00034 -1.96579161
 1671    39    57   0.00033 -0.85200131
 1294    27    34   0.00033 0.87310037
  479     9    20   0.00033 -1.09577629
 1740    42    60   0.00033 -0.00957172
  276     5    39   0.00033 -0.66767277
 1073    21    44   0.00031 -0.88006974
  861    16    52   0.00031 -0.74544280
  873    17    18   0.00031 4.70901285
 1623    37    58   0.00031 -0.32536384
 1742    42    62   0.00031 -1.50985790
  656    12    41   0.00031 -0.02084493
  942    18    42   0.00031 -0.72814889
 1659    39    45   0.00031 2.87895410
 1689    40    52   0.00030 0.04816224
  137     3    17   0.00030 -0.54700585
 1598    36    59   0.00030 -1.13806108
 1000    19    56   0.00030 -1.02383931
 1805    46    51   0.00030 0.82129982
 1721    41    62   0.00030 -1.71058511
  627    11    63   0.00029 -0.74425436
  234     4    55   0.00029 -1.12570519
  766    14    52   0.00029 -0.50671762
 1203    24    54   0.00029 -0.86011574
  941    18    41   0.00029 -0.29358408
  950    18    50   0.00029 -1.09101620
  160     3    40   0.00029 -0.27631437
   53     1    54   0.00029 -1.02080067
 1246    25    59   0.00029 -0.41434346
  682    13    17   0.00029 1.84838450
  147     3    27   0.00028 1.21777625
  659    12    44   0.00028 -0.16557430
  280     5    43   0.00028 -1.44705549
  772    14    58   0.00028 -0.70529515
  911    17    56   0.00028 -0.73095570
  633    12    18   0.00028 -0.48751169
 1071    21    42   0.00028 -0.57135931
 1561    35    49   0.00028 -1.80245476
 1644    38    54   0.00028 -0.37763086
 1902    53    57   0.00028 0.39859686
 1074    21    45   0.00028 1.97750946
  948    18    48   0.00028 -2.80557158
  281     5    44   0.00028 2.11546390
  523    10    11   0.00028 2.46220950
  262     5    25   0.00027 -0.78233559
 1628    37    63   0.00027 -0.69284234
  457     8    52   0.00027 -2.47467130
 1575    35    63   0.00026 -2.25907729
 1382    29    53   0.00026 -0.20114371
 1945    59    61   0.00026 4.03281163
 1552    35    40   0.00026 -1.24002704
 1090    21    61   0.00026 -1.66946828
  341     6    47   0.00025 -1.19892931
  722    13    57   0.00025 0.18047975
  444     8    39   0.00025 -0.03794667
 1879    51    55   0.00025 -0.25597218
 1080    21    51   0.00025 -0.79109707
   35     1    36   0.00025 -0.31141183
   28     1    29   0.00025 -0.62093279
  443     8    38   0.00025 0.86065770
 1549    35    37   0.00025 0.58320800
  300     5    63   0.00025 -0.64964015
  885    17    30   0.00025 2.21956324
 1675    39    61   0.00025 -0.31179818
  232     4    53   0.00025 -1.63408808
 1003    19    59   0.00025 -1.76389963
  517     9    58   0.00024 -1.53994821
   46     1    47   0.00024 -1.40816264
 1302    27    42   0.00024 -0.57282951
 1735    42    55   0.00024 -1.61586554
 1818    47    48   0.00024 6.48705378
 1001    19    57   0.00024 -2.03335863
 1676    39    62   0.00024 -0.17970543
 1797    45    60   0.00023 -1.74632333
 1477    32    52   0.00023 -0.41904291
 1799    45    62   0.00023 -1.47150083
  219     4    40   0.00023 0.66282355
  708    13    43   0.00023 -1.97827316
 1116    22    46   0.00023 -1.71789166
 1521    34    37   0.00023 -0.17220818
  726    13    61   0.00023 -1.40656935
  514     9    55   0.00022 -2.40259212
  607    11    43   0.00022 -1.41739487
  250     5    13   0.00022 0.91861309
 1386    29    57   0.00022 -1.37826659
 1739    42    59   0.00022 -0.09087383
 1051    21    22   0.00022 4.93125341
  261     5    24   0.00022 -0.31105230
 1673    39    59   0.00021 -1.02644751
 1009    20    22   0.00021 -0.65800326
 1381    29    52   0.00021 -1.77412152
  674    12    59   0.00021 0.17331106
  309     6    15   0.00021 -0.08926269
 1709    41    50   0.00021 -0.55279594
  803    15    41   0.00021 0.06604988
  278     5    41   0.00021 -1.02659580
  415     8    10   0.00021 0.21742360
  733    14    19   0.00021 -0.63682934
  358     7     8   0.00021 0.45433483
 1079    21    50   0.00021 -0.02608748
 1221    25    34   0.00021 -0.12068271
 1026    20    39   0.00021 -0.53936823
 1897    52    62   0.00021 -0.78496930
  238     4    59   0.00021 0.01967783
  606    11    42   0.00021 -0.86324786
  126     3     6   0.00021 1.44480259
   14     1    15   0.00021 -0.20597371
 1391    29    62   0.00021 -1.34718021
  921    18    21   0.00021 0.41803196
  439     8    34   0.00020 4.83263659
  162     3    42   0.00020 -1.23952086
 1852    49    53   0.00020 8.76796752
  747    14    33   0.00020 1.30565408
 1579    36    40   0.00020 0.44964148
 1860    49    61   0.00020 -1.13733452
  556    10    44   0.00020 -1.09211656
 1674    39    60   0.00020 -0.56724345
 1801    46    47   0.00020 -0.34623415
 1344    28    49   0.00020 -0.93816406
  144     3    24   0.00020 -0.29870592
  214     4    35   0.00020 -0.59313502
  422     8    17   0.00019 -1.41395341
  275     5    38   0.00019 1.37540874
   13     1    14   0.00019 0.37054405
 1176    24    27   0.00019 2.58972750
 1530    34    46   0.00019 -0.65904113
  279     5    42   0.00019 2.23799553
  452     8    47   0.00018 0.35896041
  245     5     8   0.00018 10.31907401
 1541    34    57   0.00018 -0.83848878
 1568    35    56   0.00018 -0.50815668
 1882    51    58   0.00018 -0.36978995
  695    13    30   0.00018 -0.72866151
 1680    40    43   0.00017 2.63871061
   31     1    32   0.00017 0.02974983
 1578    36    39   0.00017 -0.38716300
 1198    24    49   0.00017 -0.13408089
   40     1    41   0.00017 -0.65390139
 1779    44    60   0.00017 -2.18852886
 1022    20    35   0.00017 0.39704971
 1684    40    47   0.00017 -0.47252605
 1448    31    54   0.00017 -0.32506260
  882    17    27   0.00016 -0.56784065
  887    17    32   0.00016 -0.49431228
 1404    30    42   0.00016 -1.35550354
    4     1     5   0.00016 -0.72239952
  242     4    63   0.00016 -1.21021592
 1602    36    63   0.00016 -0.77645177
  344     6    50   0.00016 0.02620777
 1931    56    62   0.00016 -0.04856608
 1466    32    41   0.00016 -0.53563311
  769    14    55   0.00016 0.44430089
  253     5    16   0.00016 0.74047413
  856    16    47   0.00016 -1.34162803
  434     8    29   0.00016 -1.80287406
 1892    52    57   0.00016 0.80316811
 1482    32    57   0.00015 -0.37526545
 1420    30    58   0.00015 -1.10748002
  574    10    62   0.00015 -0.54618127
 1884    51    60   0.00015 -0.98582885
 1028    20    41   0.00015 -0.98272321
 1714    41    55   0.00015 -1.86613695
  255     5    18   0.00015 -0.76269565
 1092    21    63   0.00015 -0.58396625
  782    15    20   0.00015 0.57308251
 1592    36    53   0.00015 -1.34815226
  156     3    36   0.00015 -0.07058271
  666    12    51   0.00015 -0.91808222
 1032    20    45   0.00014 -0.63595780
 1454    31    60   0.00014 -1.19196389
 1921    55    59   0.00014 1.73859296
 1097    22    27   0.00014 -0.27023059
  560    10    48   0.00014 -1.41974277
 1591    36    52   0.00014 -0.14793694
 1672    39    58   0.00014 -0.97918972
  936    18    36   0.00014 -1.43544704
 1650    38    60   0.00014 -1.50012578
  719    13    54   0.00014 -0.26884875
 1460    32    35   0.00014 -0.38794749
 1761    43    61   0.00014 -0.25345633
 1636    38    46   0.00014 -0.18534710
 1069    21    40   0.00014 -0.76607215
 1669    39    55   0.00014 0.08650605
 1421    30    59   0.00014 -0.07009587
  297     5    60   0.00014 -1.33878183
 1614    37    49   0.00014 -0.30496999
  857    16    48   0.00014 -1.68819292
  235     4    56   0.00014 -1.22814553
 1089    21    60   0.00013 -2.18426884
 1348    28    53   0.00013 -0.22417857
 1844    48    59   0.00013 0.47086407
  951    18    51   0.00013 -1.31833081
  795    15    33   0.00013 -0.21352239
 1104    22    34   0.00013 1.28080921
  931    18    31   0.00013 0.08382996
   51     1    52   0.00013 1.18987694
  248     5    11   0.00013 -1.17953879
  755    14    41   0.00013 -0.99699958
 1195    24    46   0.00013 0.08205535
   43     1    44   0.00013 -1.08409488
 1646    38    56   0.00013 -0.36380860
 1923    55    61   0.00013 -0.14941438
 1465    32    40   0.00013 2.49394398
 1600    36    61   0.00013 -1.32513076
 1941    58    61   0.00013 8.91054818
 1206    24    57   0.00013 -0.79366870
 1597    36    58   0.00013 -0.66305229
  715    13    50   0.00013 -0.54201953
  655    12    40   0.00013 1.17355446
 1283    26    59   0.00013 0.67068829
 1118    22    48   0.00013 0.71725255
 1529    34    45   0.00013 -0.34986267
 1546    34    62   0.00012 -0.62357433
  860    16    51   0.00012 0.61071094
 1166    23    56   0.00012 0.14543170
  578    11    14   0.00012 0.72498971
 1855    49    56   0.00012 -0.88962925
  915    17    60   0.00012 -0.74479035
  186     4     7   0.00012 -0.10185779
  531    10    19   0.00012 -0.56121721
 1043    20    56   0.00012 0.79927110
 1474    32    49   0.00012 -0.65111793
  496     9    37   0.00012 1.18953385
  440     8    35   0.00012 -1.35782194
  693    13    28   0.00012 -0.78634099
 1885    51    61   0.00012 -0.13373525
  546    10    34   0.00012 -0.33003354
 1726    42    46   0.00012 0.87693689
  460     8    55   0.00012 -0.47866597
  852    16    43   0.00011 -1.39740223
  217     4    38   0.00011 0.46770947
  140     3    20   0.00011 -0.79939636
  679    13    14   0.00011 0.51157621
  697    13    32   0.00011 0.47290435
  756    14    42   0.00011 -0.96906629
   65     2     5   0.00011 0.84520827
  947    18    47   0.00011 -1.12115067
  855    16    46   0.00011 -0.76251061
  494     9    35   0.00011 3.97356391
 1075    21    46   0.00011 -1.13119135
 1904    53    59   0.00011 -1.63747370
  825    15    63   0.00011 -1.25000043
  348     6    54   0.00011 -0.63874846
   78     2    18   0.00011 -2.43222395
  597    11    33   0.00011 1.80055543
  240     4    61   0.00011 -1.41047936
  924    18    24   0.00011 6.09121019
 1082    21    53   0.00011 -0.92092408
 1371    29    42   0.00011 0.68576591
 1641    38    51   0.00011 -0.12674801
 1405    30    43   0.00011 -0.76136086
   89     2    29   0.00011 -0.65562187
 1601    36    62   0.00011 -1.51981717
 1654    39    40   0.00011 3.24755455
  636    12    21   0.00011 1.69422409
 1162    23    52   0.00010 0.75540187
 1520    34    36   0.00010 -0.06719284
  167     3    47   0.00010 -1.03730858
 1554    35    42   0.00010 -1.42568708
    9     1    10   0.00010 -0.79930737
 1475    32    50   0.00010 -0.65000281
  357     6    63   0.00010 -0.55027223
  711    13    46   0.00010 -1.12774873
 1620    37    55   0.00010 -1.68244741
 1337    28    42   0.00010 -0.98547729
 1253    26    29   0.00010 -0.57011412
  530    10    18   0.00010 0.57781567
  547    10    35   0.00010 0.70664491
 1335    28    40   0.00010 -0.22805390
 1811    46    57   0.00010 -1.06964746
  600    11    36   0.00010 0.29714517
 1408    30    46   0.00010 -0.91744854
  580    11    16   0.00010 0.42225784
 1814    46    60   0.00010 -2.26322847
  188     4     9   0.00010 -1.33346432
  559    10    47   0.00010 -0.92758512
  539    10    27   0.00010 0.03591849
  929    18    29   0.00010 -1.02818569
  626    11    62   0.00010 -0.49103697
 1867    50    55   0.00010 -0.60433779
  751    14    37   0.00010 -0.02101486
 1553    35    41   0.00010 1.02861204
  247     5    10   0.00010 -0.28709145
  473     9    14   0.00009 -0.67956597
 1191    24    42   0.00009 -0.46261893
 1522    34    38   0.00009 -0.07641153
  605    11    41   0.00009 -0.91598779
  752    14    38   0.00009 -0.46894754
 1093    22    23   0.00009 1.78811072
 1820    47    50   0.00009 2.50461235
 1409    30    47   0.00009 -0.32966751
 1828    47    58   0.00009 -1.03781613
 1741    42    61   0.00009 -1.79281531
 1483    32    58   0.00009 -0.28613667
  660    12    45   0.00009 -0.89736414
  650    12    35   0.00009 0.05164427
 1469    32    44   0.00009 -0.56560519
 1149    23    39   0.00009 -0.51217762
  771    14    57   0.00009 -0.89602635
   93     2    33   0.00009 0.58181118
  848    16    39   0.00009 -0.35304651
 1098    22    28   0.00009 0.33084012
  265     5    28   0.00008 0.52979710
  259     5    22   0.00008 0.29761513
  393     7    43   0.00008 -1.16110312
  973    19    29   0.00008 -0.44131095
   50     1    51   0.00008 -0.82300442
 1501    33    46   0.00008 -0.93223337
  847    16    38   0.00008 -0.45867094
 1896    52    61   0.00008 0.06799136
 1329    28    34   0.00008 0.11449581
  529    10    17   0.00008 1.35607866
   68     2     8   0.00008 -1.79649803
  515     9    56   0.00008 -1.55039161
 1155    23    45   0.00008 -0.60447184
 1366    29    37   0.00008 -0.28842040
 1416    30    54   0.00008 -0.47536571
  384     7    34   0.00008 -0.20964570
  621    11    57   0.00008 -1.03937280
  432     8    27   0.00008 1.15139777
  311     6    17   0.00008 0.70180041
  183     3    63   0.00008 -1.66654455
   71     2    11   0.00008 -0.82519543
  596    11    32   0.00008 0.20810766
 1164    23    54   0.00008 -0.64138459
  846    16    37   0.00008 -0.95752391
 1523    34    39   0.00008 0.09163394
 1158    23    48   0.00008 -1.41965835
 1323    27    63   0.00008 -0.59043587
 1207    24    58   0.00008 -0.93198239
  153     3    33   0.00008 -0.79483933
  843    16    34   0.00007 -0.59149903
  740    14    26   0.00007 0.86025052
  702    13    37   0.00007 -0.54611756
 1401    30    39   0.00007 -0.60638386
  127     3     7   0.00007 -0.07920959
   41     1    42   0.00007 -0.99520517
  555    10    43   0.00007 -1.14701120
  554    10    42   0.00007 -0.36696895
  228     4    49   0.00007 -0.47557138
  581    11    17   0.00007 1.21501695
 1930    56    61   0.00007 0.77337431
  386     7    36   0.00007 -0.67876531
 1827    47    57   0.00007 -0.73766979
  832    16    23   0.00007 1.57307930
 1150    23    40   0.00007 -0.30301968
  888    17    33   0.00007 1.77033410
  884    17    29   0.00007 -0.51384542
 1842    48    57   0.00007 -1.83268839
 1939    58    59   0.00007 6.63166203
 1696    40    59   0.00007 -1.43035056
  736    14    22   0.00007 1.52334961
 1595    36    56   0.00007 -0.66564905
 1831    47    61   0.00007 -1.28285377
 1731    42    51   0.00007 -0.48376396
 1202    24    53   0.00007 1.99416703
  791    15    29   0.00007 -0.16721302
 1299    27    39   0.00007 0.31996551
  333     6    39   0.00007 -0.83512725
  995    19    51   0.00007 -0.41031145
  370     7    20   0.00007 -0.23844432
 1685    40    48   0.00006 -0.22519877
 1688    40    51   0.00006 -0.21782411
  174     3    54   0.00006 -1.03285668
  168     3    48   0.00006 -1.09687338
 1499    33    44   0.00006 -1.23007324
  332     6    38   0.00006 -0.96354993
   10     1    11   0.00006 -0.90529414
  159     3    39   0.00006 -0.28707079
 1222    25    35   0.00006 4.19236546
  502     9    43   0.00006 -0.26958760
 1129    22    59   0.00006 0.21330018
  609    11    45   0.00006 -0.56457370
 1677    39    63   0.00006 -0.80175109
 1692    40    55   0.00006 0.75809116
  134     3    14   0.00006 -0.59086693
  433     8    28   0.00006 4.82037864
   11     1    12   0.00006 -1.28516442
 1039    20    52   0.00006 -0.72629897
 1798    45    61   0.00006 -1.50885759
 1265    26    41   0.00006 -0.55004266
 1737    42    57   0.00006 -1.96528858
  544    10    32   0.00006 -0.02060806
  403     7    53   0.00006 -1.22624953
  748    14    34   0.00006 -0.20327377
 1584    36    45   0.00006 -0.60171802
 1868    50    56   0.00006 -0.34952699
  867    16    58   0.00006 -1.00217046
 1397    30    35   0.00006 6.80394695
  190     4    11   0.00006 0.01178600
 1159    23    49   0.00006 -0.71847862
  314     6    20   0.00006 0.95642166
 1292    27    32   0.00006 1.21831750
  601    11    37   0.00006 3.52188798
  527    10    15   0.00005 -0.33068924
  976    19    32   0.00005 -0.07935786
   70     2    10   0.00005 0.60398878
  331     6    37   0.00005 0.45417085
 1067    21    38   0.00005 -0.38873352
 1464    32    39   0.00005 -0.07015674
  145     3    25   0.00005 0.00495476
  118     2    58   0.00005 -1.48262678
  572    10    60   0.00005 -0.37678753
  396     7    46   0.00005 -0.70403848
  406     7    56   0.00005 0.14665374
  321     6    27   0.00005 0.93565990
 1943    58    63   0.00005 1.49080082
 1184    24    35   0.00005 -1.49960978
  400     7    50   0.00005 -0.65601807
 1399    30    37   0.00005 -0.63895963
  158     3    38   0.00005 -0.54029147
  770    14    56   0.00005 -0.80423926
  520     9    61   0.00005 -2.57935180
 1254    26    30   0.00005 0.83086201
  404     7    54   0.00005 -0.69609370
 1131    22    61   0.00005 -0.58428644
 1809    46    55   0.00005 -0.79805174
 1357    28    62   0.00005 0.25134125
  524    10    12   0.00005 0.33849300
   75     2    15   0.00005 -0.92744731
 1826    47    56   0.00005 -1.41851516
 1710    41    51   0.00005 -0.62776639
  872    16    63   0.00005 -1.16638144
 1036    20    49   0.00005 -0.60707883
 1625    37    60   0.00005 -1.56874343
  512     9    53   0.00005 -0.43750057
 1934    57    59   0.00005 3.72125404
  686    13    21   0.00005 -1.19284871
   61     1    62   0.00005 -1.59915722
  308     6    14   0.00004 0.46694961
  734    14    20   0.00004 -0.57857004
  960    18    60   0.00004 -2.50056499
 1258    26    34   0.00004 -0.27722055
  375     7    25   0.00004 -0.50914270
  732    14    18   0.00004 -0.65318539
 1754    43    54   0.00004 -0.98142645
 1395    30    33   0.00004 0.62831024
 1427    31    33   0.00004 -0.22548922
 1511    33    56   0.00004 0.42105581
 1219    25    32   0.00004 0.48257248
  874    17    19   0.00004 2.66951225
  977    19    33   0.00004 -0.11681053
 1048    20    61   0.00004 -1.18713595
  851    16    42   0.00004 2.52792091
 1652    38    62   0.00004 -1.13411593
 1052    21    23   0.00004 -0.57903720
  788    15    26   0.00004 0.03597021
 1766    44    47   0.00004 1.94515534
 1661    39    47   0.00004 -0.58671610
 1751    43    51   0.00004 -0.55556245
 1559    35    47   0.00004 -0.90061612
 1504    33    49   0.00004 -0.79039095
 1886    51    62   0.00004 -0.94927910
  557    10    45   0.00004 -0.87486617
  244     5     7   0.00004 -0.07355246
 1352    28    57   0.00004 -1.11650937
 1172    23    62   0.00004 -0.80118997
 1668    39    54   0.00004 -0.59107736
 1870    50    58   0.00004 0.46792541
 1281    26    57   0.00004 -0.68153763
  827    16    18   0.00004 2.33031832
  691    13    26   0.00004 0.97129665
  835    16    26   0.00004 1.13908030
 1096    22    26   0.00004 1.54388674
 1023    20    36   0.00004 0.26956073
 1486    32    61   0.00004 -1.19399322
  786    15    24   0.00004 1.16620030
 1279    26    55   0.00004 0.26666242
 1193    24    44   0.00004 -0.11074491
  463     8    58   0.00004 -1.27678547
  484     9    25   0.00004 -0.37843266
   22     1    23   0.00004 -0.32708747
 1599    36    60   0.00004 0.04016124
 1861    49    62   0.00004 -0.45862788
  378     7    28   0.00004 0.10614867
 1492    33    37   0.00004 -0.73710667
  142     3    22   0.00003 -0.74898462
 1130    22    60   0.00003 0.27016943
 1516    33    61   0.00003 -0.79051936
  241     4    62   0.00003 -0.89237467
  398     7    48   0.00003 -1.52034845
  394     7    44   0.00003 -1.33152489
  338     6    44   0.00003 -1.87272247
 1810    46    56   0.00003 -0.62285138
  586    11    22   0.00003 -0.66676139
 1261    26    37   0.00003 -0.71416320
  563    10    51   0.00003 -0.42867462
  397     7    47   0.00003 -1.04283420
 1361    29    32   0.00003 0.16666329
  777    14    63   0.00003 -0.51296269
  528    10    16   0.00003 1.70291516
 1452    31    58   0.00003 -1.23302586
 1152    23    42   0.00003 -0.27243899
  897    17    42   0.00003 -0.84615586
 1493    33    38   0.00003 -0.34916099
 1319    27    59   0.00003 -0.44717075
 1618    37    53   0.00003 -1.23890702
  207     4    28   0.00003 0.22411098
 1461    32    36   0.00003 -0.37884258
   55     1    56   0.00003 -0.71692105
 1778    44    59   0.00003 -1.98480469
 1163    23    53   0.00003 -0.25380562
  612    11    48   0.00003 -1.57772374
  540    10    28   0.00003 -0.15458829
 1263    26    39   0.00003 -0.44200420
 1550    35    38   0.00003 -1.12331781
 1412    30    50   0.00003 -0.56600379
  419     8    14   0.00003 -0.31214742
    6     1     7   0.00003 -0.90553183
  533    10    21   0.00003 -0.75948276
  383     7    33   0.00003 1.25184646
 1146    23    36   0.00003 -0.68168188
  381     7    31   0.00003 -0.37044409
 1586    36    47   0.00003 0.02819535
 1498    33    43   0.00003 -1.50126468
  467     8    62   0.00003 -2.01314588
  594    11    30   0.00003 0.06976126
  575    10    63   0.00003 0.04250264
 1076    21    47   0.00003 -1.05313010
  461     8    56   0.00003 -1.90102076
 1476    32    51   0.00003 1.28912738
 1125    22    55   0.00003 -1.71339114
 1140    23    30   0.00003 1.12274345
  553    10    41   0.00002 -0.92857841
 1145    23    35   0.00002 0.75481527
  130     3    10   0.00002 -0.40030277
  742    14    28   0.00002 0.62650758
  143     3    23   0.00002 -0.82889968
 1715    41    56   0.00002 -1.19317203
 1472    32    47   0.00002 0.13114745
  767    14    53   0.00002 2.37695278
 1813    46    59   0.00002 -2.41713653
 1332    28    37   0.00002 0.60672422
  459     8    54   0.00002 -0.96788052
 1510    33    55   0.00002 0.12234040
  339     6    45   0.00002 -0.70072580
 1269    26    45   0.00002 -0.65248887
 1462    32    37   0.00002 -0.07952730
  593    11    29   0.00002 -0.68048206
  518     9    59   0.00002 0.36402165
  735    14    21   0.00002 -0.48106925
  831    16    22   0.00002 3.41791203
   67     2     7   0.00002 0.97389263
  764    14    50   0.00002 -0.07525255
 1143    23    33   0.00002 1.19378103
 1151    23    41   0.00002 -0.65813350
   76     2    16   0.00002 1.80666809
  351     6    57   0.00002 -1.26587351
 1557    35    45   0.00002 1.10135258
  737    14    23   0.00002 0.97446879
 1496    33    41   0.00002 -0.73599394
 1301    27    41   0.00002 -0.53044979
  933    18    33   0.00002 1.49052271
 1829    47    59   0.00002 -1.27795244
  870    16    61   0.00002 -0.93159841
  637    12    22   0.00002 -1.11712229
 1153    23    43   0.00002 -0.90211282
  625    11    61   0.00002 -0.71830641
  377     7    27   0.00002 0.10419945
 1243    25    56   0.00002 -1.16932317
 1013    20    26   0.00002 -0.17083308
  382     7    32   0.00002 0.45852532
  763    14    49   0.00002 -0.79247077
 1188    24    39   0.00002 -0.57156398
  511     9    52   0.00001 0.11475397
 1532    34    48   0.00001 -0.65590105
  837    16    28   0.00001 -0.70390945
  746    14    32   0.00001 -0.56188198
  688    13    23   0.00001 1.07675640
  361     7    11   0.00001 1.94462788
 1643    38    53   0.00001 -1.23073427
 1270    26    46   0.00001 -0.46208452
 1072    21    43   0.00001 -1.89338626
  437     8    32   0.00001 0.02409135
  154     3    34   0.00001 0.60306485
  264     5    27   0.00001 -0.50520741
 1137    23    27   0.00001 -0.17598023
 1350    28    55   0.00001 -0.60829936
   60     1    61   0.00001 -1.41296753
 1135    23    25   0.00001 -0.17190510
   77     2    17   0.00001 0.09948807
  315     6    21   0.00001 1.42054004
  854    16    45   0.00001 -0.21806300
  629    12    14   0.00001 0.56803195
  828    16    19   0.00001 0.21938565
 1569    35    57   0.00001 -1.86334657
 1002    19    58   0.00001 -2.16291712
 1573    35    61   0.00001 -1.47892120
  164     3    44   0.00001 1.46414142
  212     4    33   0.00001 -0.56850312
  100     2    40   0.00001 -1.21215378
 1425    30    63   0.00001 -1.07197222
 1539    34    55   0.00001 1.51446835
 1138    23    28   0.00001 0.02064970
  773    14    59   0.00001 -0.68699044
   26     1    27   0.00001 0.22954909
  379     7    29   0.00001 -0.97155390
  486     9    27   0.00001 -0.86658763
  909    17    54   0.00001 -0.83502972
 1526    34    42   0.00001 -0.76817981
 1293    27    33   0.00001 -0.32732881
 1124    22    54   0.00001 -0.91867436
 1015    20    28   0.00001 2.25628279
  551    10    39   0.00001 -0.27770325
  364     7    14   0.00001 1.26472362
  274     5    37   0.00001 -0.11232537
  894    17    39   0.00001 -0.58328512
  329     6    35   0.00001 -1.44477957
 1154    23    44   0.00001 -0.58934510
 1287    26    63   0.00001 0.29357972
 1821    47    51   0.00001 0.36778814
  829    16    20   0.00001 -0.47119509
 1513    33    58   0.00001 -1.17448477
 1398    30    36   0.00001 0.42283293
  320     6    26   0.00001 0.79553132
 1169    23    59   0.00001 0.55433437
  541    10    29   0.00001 -0.87203379
  359     7     9   0.00001 -0.49248464
   83     2    23   0.00001 0.71338049
 1066    21    37   0.00000 1.34143649
  899    17    44   0.00000 -1.54376094
  368     7    18   0.00000 0.58016064
 1793    45    56   0.00000 -1.00970220
  926    18    26   0.00000 0.98584456
 1802    46    48   0.00000 -0.56282713
  567    10    55   0.00000 -0.00222350
 1260    26    36   0.00000 -0.60871930
 1312    27    52   0.00000 0.05581318
 1402    30    40   0.00000 -0.71185681
 1519    34    35   0.00000 -0.41098361
  853    16    44   0.00000 -0.30213543
 1518    33    63   0.00000 0.11747209
 1257    26    33   0.00000 1.01564127
  395     7    45   0.00000 -1.14453859
 1916    54    62   0.00000 2.32122850
  744    14    30   0.00000 -0.31418218
  385     7    35   0.00000 1.03264105
 1791    45    54   0.00000 -0.75137858
 1808    46    54   0.00000 -0.81430839
  376     7    26   0.00000 0.87095756
 1627    37    62   0.00000 -1.00748907
  562    10    50   0.00000 -0.50799093
 1010    20    23   0.00000 -0.31359002
 1276    26    52   0.00000 0.69440586
 1507    33    52   0.00000 0.97667383
  536    10    24   0.00000 0.08885449
  538    10    26   0.00000 0.77318262
  324     6    30   0.00000 -0.93271753
 1139    23    29   0.00000 -0.59580706
  833    16    24   0.00000 -0.73475682
  317     6    23   0.00000 0.89148104
 1951    61    62   0.00000 24.55679003
 1953    62    63   0.00000 13.88698882
 1952    61    63   0.00000 6.19013035
 1407    30    45  -0.00000 -0.87139292
 1005    19    61  -0.00000 -2.41446831
   25     1    26  -0.00000 -0.31265091
  389     7    39  -0.00000 -0.67673199
 1487    32    62  -0.00000 -1.02018841
 1470    32    45  -0.00000 -0.76614874
  371     7    21  -0.00000 -0.72297853
  750    14    36  -0.00000 0.05268414
 1168    23    58  -0.00000 -0.89243993
  211     4    32  -0.00000 0.39394656
 1173    23    63  -0.00000 0.09279334
  327     6    33  -0.00000 1.05844831
  587    11    23  -0.00000 1.14588741
  967    19    23  -0.00000 -0.13239631
  374     7    24  -0.00000 0.36466636
  611    11    47  -0.00000 -0.23226624
  373     7    23  -0.00000 1.02149654
  652    12    37  -0.00000 0.73343531
 1136    23    26  -0.00000 0.82419339
  380     7    30  -0.00000 0.95729128
   88     2    28  -0.00000 -0.40529773
 1784    45    47  -0.00000 2.62481572
 1846    48    61  -0.00000 -2.53216040
 1305    27    45  -0.00000 -0.25154366
   27     1    28  -0.00000 1.56298623
 1170    23    60  -0.00000 0.03594040
  196     4    17  -0.00000 0.14202973
 1262    26    38  -0.00000 -0.44335696
 1108    22    38  -0.00000 -0.67705305
  641    12    26  -0.00000 0.09466128
 1856    49    57  -0.00000 -0.63754023
  783    15    21  -0.00000 0.65873492
 1509    33    54  -0.00000 -0.80159691
  165     3    45  -0.00000 -1.15724412
 1144    23    34  -0.00000 0.09383081
  898    17    43  -0.00000 -1.69213481
 1651    38    61  -0.00000 -0.88822575
  525    10    13  -0.00001 1.65786926
  202     4    23  -0.00001 -0.25612254
  698    13    33  -0.00001 1.54783472
  391     7    41  -0.00001 -0.76169046
 1274    26    50  -0.00001 -0.22468239
 1213    25    26  -0.00001 -0.16479364
  543    10    31  -0.00001 -0.27151993
 1148    23    38  -0.00001 -0.26685286
  316     6    22  -0.00001 -0.62309325
 1394    30    32  -0.00001 1.23342800
  590    11    26  -0.00001 0.97956672
 1255    26    31  -0.00001 -0.15926216
  482     9    23  -0.00001 -0.93501714
   49     1    50  -0.00001 -1.07077557
  304     6    10  -0.00001 1.57332163
  236     4    57  -0.00001 -1.19661765
  239     4    60  -0.00001 -1.52271431
 1566    35    54  -0.00001 -1.23232581
  758    14    44  -0.00001 -0.18656353
 1267    26    43  -0.00001 -0.80517543
 1134    23    24  -0.00001 0.01407676
  676    12    61  -0.00001 -1.72792962
  573    10    61  -0.00001 -0.56273495
 1160    23    50  -0.00001 -0.14682492
 1220    25    33  -0.00001 -0.08456506
  335     6    41  -0.00001 -0.82310060
 1788    45    51  -0.00001 1.03554324
 1161    23    51  -0.00001 -0.50682191
 1489    33    34  -0.00001 0.06212840
  638    12    23  -0.00001 0.05974456
 1165    23    55  -0.00001 0.38534763
  672    12    57  -0.00001 -0.63377410
 1933    57    58  -0.00001 17.35262194
 1815    46    61  -0.00001 -1.58451818
  603    11    39  -0.00001 -0.12588972
  916    17    61  -0.00001 -0.82983219
 1355    28    60  -0.00001 2.19275738
  260     5    23  -0.00001 -0.54109183
 1282    26    58  -0.00001 -0.79441864
 1362    29    33  -0.00001 -0.61766535
  842    16    33  -0.00001 1.75200622
  759    14    45  -0.00001 -0.28008276
 1919    55    57  -0.00001 2.35507862
 1515    33    60  -0.00001 0.20592982
 1517    33    62  -0.00001 -0.79567825
  928    18    28  -0.00001 -0.76657388
  469     9    10  -0.00001 -0.30037685
  765    14    51  -0.00001 1.25569166
  129     3     9  -0.00001 -0.14786211
 1120    22    50  -0.00001 -0.34530976
  191     4    12  -0.00001 -0.69460892
  619    11    55  -0.00001 -1.28093627
  508     9    49  -0.00001 1.43644260
  189     4    10  -0.00002 -0.13851646
   42     1    43  -0.00002 -1.52524641
 1926    56    57  -0.00002 3.58458875
  411     7    61  -0.00002 -0.80554168
 1503    33    48  -0.00002 -1.87300883
  526    10    14  -0.00002 1.62731859
  409     7    59  -0.00002 0.61319292
  677    12    62  -0.00002 -1.28717670
 1113    22    43  -0.00002 -2.28340280
  878    17    23  -0.00002 1.44900928
  730    14    16  -0.00002 0.60330021
 1508    33    53  -0.00002 -0.44001072
 1020    20    33  -0.00002 -0.21620941
  918    17    63  -0.00002 -1.06577204
  658    12    43  -0.00002 0.56935858
  768    14    54  -0.00002 -0.58721371
  667    12    52  -0.00002 -0.34890882
 1275    26    51  -0.00002 -0.30070113
 1458    32    33  -0.00002 0.42658258
  428     8    23  -0.00002 -0.65983534
  237     4    58  -0.00002 -1.16867543
  305     6    11  -0.00002 0.64439262
  571    10    59  -0.00002 0.74647370
  365     7    15  -0.00002 -0.14832976
  542    10    30  -0.00002 0.83500321
  880    17    25  -0.00002 -1.52109034
 1899    53    54  -0.00002 4.35508852
 1616    37    51  -0.00002 -0.36810910
 1047    20    60  -0.00002 -1.60778514
  757    14    43  -0.00002 -1.03476634
 1845    48    60  -0.00002 -2.22663026
  270     5    33  -0.00002 -0.92902883
 1264    26    40  -0.00002 -0.32221775
  513     9    54  -0.00002 -1.67028582
 1540    34    56  -0.00002 -0.32116822
  836    16    27  -0.00002 -0.20187068
  545    10    33  -0.00002 1.11378488
 1774    44    55  -0.00002 -0.27072359
  390     7    40  -0.00002 -0.31653839
  152     3    32  -0.00002 -0.56558976
 1950    60    63  -0.00002 1.42912915
 1920    55    58  -0.00002 1.19352580
 1946    59    62  -0.00002 1.11960425
 1200    24    51  -0.00002 1.35588461
 1341    28    46  -0.00002 -0.90901880
 1413    30    51  -0.00002 -0.47607959
  363     7    13  -0.00002 1.89897253
  205     4    26  -0.00002 -0.46309973
  123     2    63  -0.00002 0.87011415
   24     1    25  -0.00002 -1.16059429
   62     1    63  -0.00002 -1.29925436
 1339    28    44  -0.00002 -0.55308935
  132     3    12  -0.00002 -0.87142543
  620    11    56  -0.00002 -1.06911182
  608    11    44  -0.00002 -1.27307945
 1142    23    32  -0.00002 0.37694140
  438     8    33  -0.00002 -0.75097009
  886    17    31  -0.00002 -0.89647035
 1376    29    47  -0.00002 -0.73644078
 1872    50    60  -0.00002 -1.25551083
  480     9    21  -0.00003 0.22960779
 1346    28    51  -0.00003 1.19274062
  150     3    30  -0.00003 -0.80869923
 1925    55    63  -0.00003 1.93482144
  561    10    49  -0.00003 -0.73178968
  570    10    58  -0.00003 -0.86595725
  336     6    42  -0.00003 0.40338595
 1823    47    53  -0.00003 -1.38032274
 1345    28    50  -0.00003 -0.60023689
 1506    33    51  -0.00003 -0.52092556
  535    10    23  -0.00003 0.90793391
  401     7    51  -0.00003 -0.81452949
  392     7    42  -0.00003 -0.81585331
 1334    28    39  -0.00003 -0.32611756
 1121    22    51  -0.00003 -1.23641609
  521     9    62  -0.00003 -1.97957915
  399     7    49  -0.00003 -0.46921866
  662    12    47  -0.00003 -1.15997795
  471     9    12  -0.00003 4.22480824
 1171    23    61  -0.00003 -0.63248727
 1664    39    50  -0.00003 0.03840767
 1701    41    42  -0.00003 3.09434491
  388     7    38  -0.00003 -0.02367452
  405     7    55  -0.00003 -0.25085298
  534    10    22  -0.00003 1.73258989
  566    10    54  -0.00003 -0.60592850
  187     4     8  -0.00003 -0.67790092
  504     9    45  -0.00003 2.53294272
 1256    26    32  -0.00003 0.17696016
 1500    33    45  -0.00003 -1.02318285
 1734    42    54  -0.00003 -0.76623304
 1484    32    59  -0.00003 -0.95235728
  859    16    50  -0.00003 -0.76426639
  922    18    22  -0.00003 4.55883607
  193     4    14  -0.00003 -0.37173373
 1175    24    26  -0.00003 0.16805021
 1938    57    63  -0.00003 0.99533282
  850    16    41  -0.00003 -0.25423350
 1147    23    37  -0.00003 -0.86270340
   32     1    33  -0.00003 -0.49647542
 1190    24    41  -0.00003 -1.00717763
  269     5    32  -0.00003 1.46743011
 1832    47    62  -0.00003 -1.89722602
   92     2    32  -0.00003 -0.50220797
 1380    29    51  -0.00003 -0.37507953
 1527    34    43  -0.00003 0.23930502
 1429    31    35  -0.00003 -0.90571747
  310     6    16  -0.00003 -0.41765219
  624    11    60  -0.00003 -0.80646747
 1495    33    40  -0.00003 -0.33420449
  705    13    40  -0.00003 -1.09163552
 1545    34    61  -0.00004 -0.99584230
 1185    24    36  -0.00004 -0.14620585
 1295    27    35  -0.00004 -1.06543418
  749    14    35  -0.00004 -0.56760343
  548    10    36  -0.00004 -0.65741083
  485     9    26  -0.00004 -0.77236919
  549    10    37  -0.00004 -0.59259538
  532    10    20  -0.00004 -0.31061886
 1866    50    54  -0.00004 1.86963123
 1449    31    55  -0.00004 -0.87199115
  195     4    16  -0.00004 1.13966705
  568    10    56  -0.00004 0.03545570
   95     2    35  -0.00004 0.16980700
  815    15    53  -0.00004 1.31323192
 1792    45    55  -0.00004 -1.42790894
  731    14    17  -0.00004 1.48143122
  779    15    17  -0.00004 2.26599159
  785    15    23  -0.00004 0.01863649
 1356    28    61  -0.00004 -0.79081911
 1167    23    57  -0.00004 -0.75818531
  372     7    22  -0.00004 1.79376751
  303     6     9  -0.00004 -1.24051466
 1280    26    56  -0.00004 0.17261903
  830    16    21  -0.00004 -0.70109011
  961    18    61  -0.00004 -2.04562068
  135     3    15  -0.00004 -0.46347874
  356     6    62  -0.00004 -0.56364995
  760    14    46  -0.00004 -0.79323853
 1285    26    61  -0.00004 -0.68227920
  503     9    44  -0.00004 1.76995164
 1336    28    41  -0.00004 0.03827705
   23     1    24  -0.00004 -0.00662917
  474     9    15  -0.00004 0.32900090
  838    16    29  -0.00004 0.31306944
  407     7    57  -0.00004 -0.86803202
 1514    33    59  -0.00004 1.09780153
 1547    34    63  -0.00004 -0.14181188
  615    11    51  -0.00004 -0.60757353
  177     3    57  -0.00004 -1.33532946
 1582    36    43  -0.00004 0.41485695
  741    14    27  -0.00005 -0.30537772
  631    12    16  -0.00005 -0.73213922
  465     8    60  -0.00005 -2.27556544
 1665    39    51  -0.00005 -0.43348962
  413     7    63  -0.00005 -0.00931096
 1370    29    41  -0.00005 -0.90932683
  661    12    46  -0.00005 -1.23233387
  328     6    34  -0.00005 -0.64269736
  724    13    59  -0.00005 -1.90972506
 1103    22    33  -0.00005 2.09384021
  826    16    17  -0.00005 4.60744727
 1278    26    54  -0.00005 -0.56693218
 1593    36    54  -0.00005 -0.09408315
  943    18    43  -0.00005 -1.82727166
  775    14    61  -0.00005 -1.15483466
  369     7    19  -0.00005 -0.99170692
   29     1    30  -0.00005 -0.78690202
 1289    27    29  -0.00005 0.68902576
 1057    21    28  -0.00005 -0.84843455
  648    12    33  -0.00005 0.08630327
  642    12    27  -0.00005 0.18250793
 1655    39    41  -0.00005 -0.18843784
 1128    22    58  -0.00005 -1.65899687
  868    16    59  -0.00005 -0.67826590
  483     9    24  -0.00005 0.07630312
  923    18    23  -0.00005 0.95104262
  254     5    17  -0.00005 -1.77892028
  410     7    60  -0.00005 -0.42302935
 1716    41    57  -0.00005 -1.39522724
   20     1    21  -0.00005 -0.20574789
  493     9    34  -0.00005 -0.46421278
  875    17    20  -0.00005 0.43991317
  181     3    61  -0.00005 -1.51770819
  954    18    54  -0.00005 -1.54794238
  354     6    60  -0.00005 -1.19622099
 1626    37    61  -0.00005 -1.10326850
 1594    36    55  -0.00006 -1.37827083
  507     9    48  -0.00006 2.40335338
  595    11    31  -0.00006 0.83606338
  347     6    53  -0.00006 -1.46198192
  173     3    53  -0.00006 -0.55850037
 1268    26    44  -0.00006 -0.61404980
 1936    57    61  -0.00006 6.51155635
 1014    20    27  -0.00006 0.76593673
  115     2    55  -0.00006 -2.19043613
  509     9    50  -0.00006 -0.80923348
 1087    21    58  -0.00006 -0.69820704
  576    11    12  -0.00006 0.88842768
  141     3    21  -0.00006 -1.48059411
 1055    21    26  -0.00006 -0.57866792
  492     9    33  -0.00006 -1.17818538
 1244    25    57  -0.00006 -1.48413470
 1536    34    52  -0.00006 0.02583646
  499     9    40  -0.00006 0.17391568
 1141    23    31  -0.00006 -0.12097731
 1639    38    49  -0.00006 -0.06436047
 1017    20    30  -0.00006 -0.20485001
 1186    24    37  -0.00006 0.34836429
  182     3    62  -0.00006 -1.90500954
 1156    23    46  -0.00006 -0.86842452
  416     8    11  -0.00006 -0.26783051
 1485    32    60  -0.00006 -0.71995672
  558    10    46  -0.00006 -0.84145057
   94     2    34  -0.00006 -0.60903908
 1490    33    35  -0.00006 1.73273996
  367     7    17  -0.00006 1.52230541
  495     9    36  -0.00006 -1.34744571
 1463    32    38  -0.00006 0.73553235
 1277    26    53  -0.00006 -0.28259140
 1068    21    39  -0.00006 2.51689658
  780    15    18  -0.00006 -1.39786485
  337     6    43  -0.00006 -1.79776915
  753    14    39  -0.00006 0.60481075
 1645    38    55  -0.00006 -0.09731457
  602    11    38  -0.00006 0.78824062
 1091    21    62  -0.00006 -1.33006635
 1119    22    49  -0.00006 -1.29438109
 1182    24    33  -0.00006 0.28778792
 1698    40    61  -0.00006 -1.25187330
 1204    24    55  -0.00006 0.20134791
 1497    33    42  -0.00006 -0.18884391
  412     7    62  -0.00006 -0.77120511
 1327    28    32  -0.00006 0.36073008
 1551    35    39  -0.00006 0.56607738
 1502    33    47  -0.00007 -1.10637580
 1773    44    54  -0.00007 -0.71366309
 1512    33    57  -0.00007 -0.95392956
  119     2    59  -0.00007 -2.22633268
  970    19    26  -0.00007 -0.06352325
  689    13    24  -0.00007 0.01307760
   74     2    14  -0.00007 2.17651415
 1770    44    51  -0.00007 0.93420667
 1775    44    56  -0.00007 -1.26850228
  834    16    25  -0.00007 0.42309461
 1183    24    34  -0.00007 -0.62957407
  552    10    40  -0.00007 -0.23856650
 1273    26    49  -0.00007 -0.53854311
 1212    24    63  -0.00007 -1.16095858
  643    12    28  -0.00007 1.45584622
  326     6    32  -0.00007 -0.10486244
 1403    30    41  -0.00007 -0.87634560
 1491    33    36  -0.00007 -0.84622079
  623    11    59  -0.00007 0.27004124
  614    11    50  -0.00007 -1.04421212
  957    18    57  -0.00007 -1.42527845
 1328    28    33  -0.00007 -0.00078886
 1126    22    56  -0.00007 1.47183673
  591    11    27  -0.00007 -0.06095450
  890    17    35  -0.00007 0.58285140
 1266    26    42  -0.00007 -0.40463193
  798    15    36  -0.00007 0.68846664
 1915    54    61  -0.00007 2.85336682
  569    10    57  -0.00007 -0.74370555
 1004    19    60  -0.00007 -2.66249606
 1666    39    52  -0.00007 -0.33129539
 1396    30    34  -0.00007 -0.44564785
  917    17    62  -0.00007 -0.83189360
  462     8    57  -0.00007 -1.27087630
 1713    41    54  -0.00007 -0.99392420
  908    17    53  -0.00007 -1.83809932
  286     5    49  -0.00007 0.31329689
  991    19    47  -0.00007 -0.52429483
  592    11    28  -0.00007 -0.07745399
 1883    51    59  -0.00007 0.74988155
 1572    35    60  -0.00008 -2.93497587
  466     8    61  -0.00008 -2.12050710
    5     1     6  -0.00008 -0.10382031
  934    18    34  -0.00008 -0.28829308
 1094    22    24  -0.00008 -0.45836899
  564    10    52  -0.00008 0.38944274
  345     6    51  -0.00008 -0.77783528
 1272    26    48  -0.00008 -0.96528562
 1794    45    57  -0.00008 -0.57454665
   86     2    26  -0.00008 0.25295912
 1932    56    63  -0.00008 -0.12339558
  256     5    19  -0.00008 -1.16821081
 1905    53    60  -0.00008 -1.13442724
 1481    32    56  -0.00008 -0.98452460
  604    11    40  -0.00008 1.56387591
 1085    21    56  -0.00008 -1.07855312
  841    16    32  -0.00008 -0.44173446
  902    17    47  -0.00008 -1.20804859
  408     7    58  -0.00008 -1.01672394
  402     7    52  -0.00008 0.46550374
 1947    59    63  -0.00008 2.60563144
 1467    32    42  -0.00008 -0.53543378
  454     8    49  -0.00008 -1.24750607
  823    15    61  -0.00008 -1.72036479
  148     3    28  -0.00008 -0.46345254
  263     5    26  -0.00008 -0.33586844
  293     5    56  -0.00008 -1.61540363
  914    17    59  -0.00008 1.31205923
 1670    39    56  -0.00008 0.11434700
 1286    26    62  -0.00008 -0.69462445
  172     3    52  -0.00008 -1.50868487
 1881    51    57  -0.00008 0.65275365
  588    11    24  -0.00008 -0.89941707
 1061    21    32  -0.00008 -0.23019143
 1157    23    47  -0.00008 -0.71429004
  616    11    52  -0.00008 -1.09027820
 1563    35    51  -0.00008 -1.17711026
 1360    29    31  -0.00008 2.27630135
 1374    29    45  -0.00008 0.54904804
 1468    32    43  -0.00008 -0.40634058
 1187    24    38  -0.00008 0.10278041
 1505    33    50  -0.00008 0.14292066
  599    11    35  -0.00008 0.39440246
 1480    32    55  -0.00008 -0.87019168
  290     5    53  -0.00009 -1.66426443
  414     8     9  -0.00009 -0.64750810
 1406    30    44  -0.00009 -0.19193068
  192     4    13  -0.00009 0.22903028
   36     1    37  -0.00009 -0.44558714
 1271    26    47  -0.00009 -0.64712998
 1106    22    36  -0.00009 -0.07867664
 1699    40    62  -0.00009 -1.40384199
 1690    40    53  -0.00009 -0.30921600
  323     6    29  -0.00009 -0.66976436
  584    11    20  -0.00009 0.64864050
 1894    52    59  -0.00009 1.26262966
  678    12    63  -0.00009 -1.33118696
  778    15    16  -0.00009 0.27244767
 1252    26    28  -0.00009 -0.23642742
  120     2    60  -0.00009 -0.82113916
  585    11    21  -0.00009 3.98938286
 1375    29    46  -0.00009 1.96592390
    8     1     9  -0.00009 -1.28612917
  537    10    25  -0.00009 -0.38990978
  865    16    56  -0.00009 -0.99605979
  362     7    12  -0.00009 0.11056536
   52     1    53  -0.00009 -1.24045861
 1133    22    63  -0.00009 0.33059306
 1629    38    39  -0.00009 1.14501380
  913    17    58  -0.00009 -1.23884816
  900    17    45  -0.00009 -1.47455896
  163     3    43  -0.00009 -1.42158145
  387     7    37  -0.00009 -0.83421264
 1755    43    55  -0.00009 0.35099734
  125     3     5  -0.00009 4.46196867
 1596    36    57  -0.00009 -0.77100788
 1857    49    58  -0.00009 -0.81300624
 1691    40    54  -0.00009 -0.90427006
  243     5     6  -0.00009 0.45396710
 1340    28    45  -0.00010 0.01198304
 1011    20    24  -0.00010 1.40078325
 1473    32    48  -0.00010 -0.97730349
 1840    48    55  -0.00010 -0.21669346
   69     2     9  -0.00010 1.04032102
 1570    35    58  -0.00010 -1.94045580
  881    17    26  -0.00010 1.23844456
 1760    43    60  -0.00010 -1.60140923
 1871    50    59  -0.00010 -0.66327665
 1411    30    49  -0.00010 -1.34704864
  429     8    24  -0.00010 -1.19871596
 1006    19    62  -0.00010 -1.57222900
  670    12    55  -0.00010 -1.28366225
   56     1    57  -0.00010 -1.38452444
 1700    40    63  -0.00010 0.70480235
  930    18    30  -0.00010 -0.80288754
 1358    28    63  -0.00010 -1.32401022
 1906    53    61  -0.00010 -1.51232842
 1107    22    37  -0.00010 -1.52535827
  932    18    32  -0.00010 0.51149066
  522     9    63  -0.00010 -0.96681359
  146     3    26  -0.00010 -0.34410094
 1780    44    61  -0.00010 -1.19197460
 1830    47    60  -0.00010 -1.90577629
  157     3    37  -0.00010 -0.60802135
  435     8    30  -0.00010 -1.17171672
   19     1    20  -0.00010 -0.23282884
 1803    46    49  -0.00010 -0.80144157
 1624    37    59  -0.00010 -1.51488847
  716    13    51  -0.00010 -0.85381956
  645    12    30  -0.00011 -0.39327402
  822    15    60  -0.00011 -1.41840448
 1873    50    61  -0.00011 -0.83869066
 1320    27    60  -0.00011 -0.03580582
   66     2     6  -0.00011 -0.79072833
  818    15    56  -0.00011 -1.47882251
   15     1    16  -0.00011 -0.29934124
 1781    44    62  -0.00011 -1.44071182
  117     2    57  -0.00011 -1.95679191
  664    12    49  -0.00011 -0.31170069
   17     1    18  -0.00011 -1.00557219
 1095    22    25  -0.00011 -1.08638525
  490     9    31  -0.00011 2.62243421
  876    17    21  -0.00011 -1.17609382
  990    19    46  -0.00011 -0.61339786
  927    18    27  -0.00011 -0.26135192
  442     8    37  -0.00011 2.15471208
 1895    52    60  -0.00011 -0.08593979
 1759    43    59  -0.00011 -2.01312902
 1027    20    40  -0.00011 -0.39498076
  185     4     6  -0.00011 0.58503684
  784    15    22  -0.00011 -1.80337216
  649    12    34  -0.00011 0.87483169
 1063    21    34  -0.00011 0.37612150
 1115    22    45  -0.00011 0.60619760
 1205    24    56  -0.00011 0.15414197
  983    19    39  -0.00011 -1.28288447
 1567    35    55  -0.00011 -2.44989896
  122     2    62  -0.00011 -1.69059944
  550    10    38  -0.00011 -0.57170682
  622    11    58  -0.00011 -1.30239920
 1825    47    55  -0.00011 -1.66862816
  334     6    40  -0.00012 -0.85789726
 1908    53    63  -0.00012 -1.17683715
 1494    33    39  -0.00012 -0.54922431
 1065    21    36  -0.00012 -0.64399216
 1306    27    46  -0.00012 -0.02074417
  710    13    45  -0.00012 -1.01892174
 1021    20    34  -0.00012 0.06487352
  121     2    61  -0.00012 -1.12787603
  877    17    22  -0.00012 3.84906444
  230     4    51  -0.00012 0.35021092
 1378    29    49  -0.00012 -0.95426400
  844    16    35  -0.00012 -1.19354314
 1836    48    51  -0.00012 0.95488544
 1284    26    60  -0.00012 0.24779052
 1238    25    51  -0.00012 -0.44736987
 1577    36    38  -0.00012 0.73634539
 1733    42    53  -0.00012 -1.70010030
    2     1     3  -0.00012 9.27248197
 1708    41    49  -0.00012 1.32732170
 1853    49    54  -0.00012 0.18685486
 1210    24    61  -0.00012 -1.19450744
 1351    28    56  -0.00012 -0.61113087
 1309    27    49  -0.00012 -0.54062567
 1880    51    56  -0.00012 0.28096723
 1215    25    28  -0.00012 -0.58786724
  939    18    39  -0.00012 1.15232228
  169     3    49  -0.00012 -1.58040477
  131     3    11  -0.00013 -0.64595644
 1109    22    39  -0.00013 -1.57538177
 1342    28    47  -0.00013 -1.23165355
 1682    40    45  -0.00013 0.16306833
  360     7    10  -0.00013 1.86889115
 1240    25    53  -0.00013 -1.91174271
 1937    57    62  -0.00013 5.19328166
 1913    54    59  -0.00013 0.88857220
  510     9    51  -0.00013 2.12013512
  421     8    16  -0.00013 -1.33346726
  801    15    39  -0.00013 -0.10405956
 1414    30    52  -0.00013 -0.42252393
 1478    32    53  -0.00013 0.61057568
 1630    38    40  -0.00013 0.85277272
  431     8    26  -0.00013 -0.38860409
  491     9    32  -0.00013 -0.34449499
 1542    34    58  -0.00013 -0.84889015
  325     6    31  -0.00013 -0.67415688
  849    16    40  -0.00013 1.38206608
  350     6    56  -0.00013 -0.88128704
  470     9    11  -0.00014 2.00033988
  896    17    41  -0.00014 -0.43350172
 1211    24    62  -0.00014 -0.38391667
  639    12    24  -0.00014 -0.29192090
  233     4    54  -0.00014 -0.88454255
  647    12    32  -0.00014 -0.02977578
 1843    48    58  -0.00014 -1.95486437
  807    15    45  -0.00014 -1.11510517
 1535    34    51  -0.00014 0.63518095
 1479    32    54  -0.00014 -0.43282984
 1318    27    58  -0.00014 -0.53350858
 1622    37    57  -0.00014 -0.95277727
  776    14    62  -0.00014 -0.60316229
   44     1    45  -0.00014 -1.08200458
 1419    30    57  -0.00014 -0.44270406
 1777    44    58  -0.00014 -1.30761860
  340     6    46  -0.00014 1.41236796
  997    19    53  -0.00014 -1.73443513
 1447    31    53  -0.00014 -0.92172972
  506     9    47  -0.00014 1.05005166
 1907    53    62  -0.00014 -1.81784931
  953    18    53  -0.00015 -2.08779274
  962    18    62  -0.00015 -1.18262375
  136     3    16  -0.00015 -0.42614349
 1574    35    62  -0.00015 -1.62172681
 1194    24    45  -0.00015 -0.99412386
 1192    24    43  -0.00015 -1.39146298
 1307    27    47  -0.00015 -1.02232817
  892    17    37  -0.00015 -1.16988827
 1070    21    41  -0.00015 0.26445837
 1556    35    44  -0.00015 -2.10927202
 1041    20    54  -0.00015 -0.77086444
 1424    30    62  -0.00015 -1.09279481
  738    14    24  -0.00015 -0.03520210
  839    16    30  -0.00015 -0.19583158
  301     6     7  -0.00015 2.76271056
  743    14    29  -0.00015 -0.93817497
 1111    22    41  -0.00015 -2.01416770
 1368    29    39  -0.00015 -0.39402969
 1077    21    48  -0.00015 -0.50968777
 1354    28    59  -0.00015 2.45293757
  464     8    59  -0.00015 -1.45252223
  497     9    38  -0.00015 -1.15763216
 1565    35    53  -0.00015 -1.40186390
 1049    20    62  -0.00016 -1.16351550
 1544    34    60  -0.00016 -1.04936393
  426     8    21  -0.00016 -1.10048152
 1776    44    57  -0.00016 -1.50575248
   16     1    17  -0.00016 -0.58206869
 1859    49    60  -0.00016 -1.65739302
 1917    54    63  -0.00016 0.27459991
  294     5    57  -0.00016 -1.58648207
 1854    49    55  -0.00016 -1.30346972
 1177    24    28  -0.00016 0.38321291
 1331    28    36  -0.00016 0.14779769
 1105    22    35  -0.00016 2.24959796
  964    19    20  -0.00016 -1.52787624
 1251    26    27  -0.00016 -0.32425763
 1555    35    43  -0.00016 -2.58220517
 1816    46    62  -0.00016 -0.94047638
 1862    49    63  -0.00016 1.29045474
  774    14    60  -0.00017 0.56373030
 1910    54    56  -0.00017 2.03674935
 1909    54    55  -0.00017 4.23265309
  858    16    49  -0.00017 -0.51460687
  998    19    54  -0.00017 -1.41444369
  824    15    62  -0.00017 -1.51997816
  291     5    54  -0.00017 -1.28590208
  635    12    20  -0.00017 1.00870206
  450     8    45  -0.00017 -0.81614977
 1226    25    39  -0.00017 -0.28961558
   45     1    46  -0.00017 3.71967156
  318     6    24  -0.00017 -0.48869077
 1824    47    54  -0.00017 -0.62670169
  745    14    31  -0.00017 -0.48172392
 1059    21    30  -0.00018 -0.93671829
  116     2    56  -0.00018 -1.86109383
  208     4    29  -0.00018 -0.18421229
  598    11    34  -0.00018 -0.43415424
 1300    27    40  -0.00018 -0.45018717
 1062    21    33  -0.00018 -0.76030704
  618    11    54  -0.00018 -0.80839854
 1330    28    35  -0.00018 -0.52644483
 1417    30    55  -0.00018 -1.30096303
  955    18    55  -0.00018 -2.07871670
  761    14    47  -0.00018 -0.88231005
 1044    20    57  -0.00018 -0.38438222
 1101    22    31  -0.00018 -0.84369711
 1117    22    47  -0.00018 -0.61189856
 1311    27    51  -0.00018 -0.45829334
 1387    29    58  -0.00018 -1.09533221
  355     6    61  -0.00018 -0.87779862
 1353    28    58  -0.00019 -1.36566433
 1647    38    57  -0.00019 -1.01154976
 1719    41    60  -0.00019 0.55892851
 1060    21    31  -0.00019 -0.18509443
 1410    30    48  -0.00019 -1.78775637
  978    19    34  -0.00019 -0.33337491
  956    18    56  -0.00019 1.04703087
  289     5    52  -0.00019 -2.12200120
  449     8    44  -0.00019 -0.85600502
  475     9    16  -0.00019 -1.97949917
 1756    43    56  -0.00019 -1.85243751
   82     2    22  -0.00019 -0.55873333
  617    11    53  -0.00019 0.25586044
  869    16    60  -0.00019 -1.19856853
 1612    37    47  -0.00019 0.28134650
  468     8    63  -0.00019 -1.82522805
   33     1    34  -0.00019 0.48040211
 1019    20    32  -0.00020 0.07197416
 1325    28    30  -0.00020 0.36587040
 1058    21    29  -0.00020 0.59872695
 1877    51    53  -0.00020 1.12106364
  477     9    18  -0.00020 -1.86947467
  862    16    53  -0.00020 -1.10244748
 1114    22    44  -0.00020 -1.89886726
  366     7    16  -0.00020 1.56860653
  577    11    13  -0.00020 -0.68557157
  103     2    43  -0.00020 0.77142411
 1537    34    53  -0.00021 -1.18313384
 1697    40    60  -0.00021 -0.90559507
  668    12    53  -0.00021 -1.43652217
 1720    41    61  -0.00021 -1.94514823
   37     1    38  -0.00021 0.11850101
 1911    54    57  -0.00021 7.67113495
 1795    45    58  -0.00021 -0.59214133
 1789    45    52  -0.00021 -1.45121131
  901    17    46  -0.00021 -0.61069604
 1693    40    56  -0.00021 -1.14250665
 1100    22    30  -0.00021 -1.23596034
  249     5    12  -0.00021 1.00591451
 1385    29    56  -0.00021 -1.29805746
  171     3    51  -0.00021 -1.27148797
 1839    48    54  -0.00021 -0.79897825
 1434    31    40  -0.00021 -0.49034888
  754    14    40  -0.00022 -0.14788545
 1343    28    48  -0.00022 -2.12707942
 1817    46    63  -0.00022 -0.00866695
 1889    52    54  -0.00022 3.06550926
 1471    32    46  -0.00022 -0.15051322
  175     3    55  -0.00022 -1.94897001
 1848    48    63  -0.00022 -2.62683382
  663    12    48  -0.00022 -1.45354422
  790    15    28  -0.00022 -0.23822204
  845    16    36  -0.00022 0.92219173
 1315    27    55  -0.00022 -0.94513483
 1621    37    56  -0.00022 -0.29399321
 1189    24    40  -0.00022 -0.39483494
 1333    28    38  -0.00022 -0.27200745
 1324    28    29  -0.00022 1.56137831
  453     8    48  -0.00022 -1.22426009
 1248    25    61  -0.00023 -0.46713919
 1876    51    52  -0.00023 1.18093101
   58     1    59  -0.00023 -1.10485008
 1031    20    44  -0.00023 -0.93383231
  903    17    48  -0.00023 -1.80707076
 1718    41    59  -0.00023 -0.78231223
  565    10    53  -0.00023 -0.86167556
  879    17    24  -0.00023 -0.71135724
 1605    37    40  -0.00023 0.06893322
  246     5     9  -0.00023 1.23451076
 1086    21    57  -0.00023 -1.14401534
 1030    20    43  -0.00023 -0.97128266
 1033    20    46  -0.00023 -0.14837370
 1488    32    63  -0.00023 -0.76837796
 1841    48    56  -0.00023 -1.41783737
   73     2    13  -0.00023 1.10342939
    7     1     8  -0.00023 -0.08658670
 1679    40    42  -0.00023 0.58921444
  176     3    56  -0.00023 2.42946986
  489     9    30  -0.00024 -0.71898787
  692    13    27  -0.00024 -0.55432843
  299     5    62  -0.00024 -1.82898224
 1948    60    61  -0.00024 8.72443031
  704    13    39  -0.00024 -0.84954921
 1900    53    55  -0.00024 -0.83502052
 1390    29    61  -0.00024 -1.48771130
 1209    24    60  -0.00024 0.84764846
 1040    20    53  -0.00024 -1.19700910
 1847    48    62  -0.00024 -2.77739210
  654    12    39  -0.00024 -0.03350880
 1288    27    28  -0.00024 0.66847201
 1619    37    54  -0.00024 -0.66610279
 1903    53    58  -0.00024 -1.10701930
  632    12    17  -0.00024 -0.85504715
 1822    47    52  -0.00024 -1.29098697
  968    19    24  -0.00025 1.10433226
   48     1    49  -0.00025 -0.14571768
 1313    27    53  -0.00025 -0.98679434
 1658    39    44  -0.00025 1.06482745
  707    13    42  -0.00025 -1.31874495
   57     1    58  -0.00025 -1.45610958
  840    16    31  -0.00025 0.02326520
  891    17    36  -0.00025 -1.30183883
 1197    24    48  -0.00025 -1.23715830
  113     2    53  -0.00025 -0.51988291
  180     3    60  -0.00026 -2.28345165
 1459    32    34  -0.00026 4.00942558
  959    18    59  -0.00026 -1.23555130
 1056    21    27  -0.00026 -0.63790323
 1705    41    46  -0.00026 -0.14541381
  166     3    46  -0.00026 -0.50344609
  739    14    25  -0.00026 0.14555516
 1865    50    53  -0.00026 0.56162529
  487     9    28  -0.00026 -0.34263847
 1613    37    48  -0.00026 -2.01826076
  349     6    55  -0.00026 -0.26916511
 1762    43    62  -0.00026 -0.61568106
 1901    53    56  -0.00026 2.02069203
 1949    60    62  -0.00026 5.24148814
 1418    30    56  -0.00026 -0.51866698
  802    15    40  -0.00026 -0.73917884
  128     3     8  -0.00027 0.39483609
  423     8    18  -0.00027 -2.56131237
 1338    28    43  -0.00027 -1.55753746
  292     5    55  -0.00027 -1.41056832
  906    17    51  -0.00027 -0.19132264
 1234    25    47  -0.00027 -1.24843682
 1453    31    59  -0.00027 -0.94555039
  811    15    49  -0.00027 -0.93067920
  613    11    49  -0.00027 0.31930992
 1590    36    51  -0.00027 -0.34700321
 1423    30    61  -0.00027 0.08061345
 1349    28    54  -0.00028 -0.71231633
  251     5    14  -0.00028 -0.85984048
  907    17    52  -0.00028 0.22763208
   34     1    35  -0.00028 -1.81228403
  456     8    51  -0.00028 -0.20931357
  671    12    56  -0.00028 -0.84569079
 1259    26    35  -0.00028 0.96948575
 1078    21    49  -0.00028 -0.33475111
   59     1    60  -0.00028 -1.78398914
 1562    35    50  -0.00029 0.87973420
   38     1    39  -0.00029 -0.25400569
 1388    29    59  -0.00029 -1.57796542
  871    16    62  -0.00029 -0.89736979
 1363    29    34  -0.00029 -0.31254722
   84     2    24  -0.00029 -1.00569028
 1534    34    50  -0.00029 0.40892858
 1245    25    58  -0.00029 -0.98301949
 1216    25    29  -0.00029 2.25393213
  481     9    22  -0.00029 -2.37084633
 1758    43    58  -0.00030 -0.76917478
 1576    36    37  -0.00030 0.52317765
  267     5    30  -0.00030 -0.80587497
  203     4    24  -0.00030 0.22452879
 1247    25    60  -0.00030 -0.97736618
 1377    29    48  -0.00030 -1.49750243
 1035    20    48  -0.00030 -1.31223269
 1042    20    55  -0.00030 -1.50274496
 1422    30    60  -0.00030 0.50277670
  306     6    12  -0.00030 -0.89057768
  893    17    38  -0.00031 -0.40450195
 1322    27    62  -0.00031 -0.46572753
  342     6    48  -0.00031 -1.78269953
  966    19    22  -0.00031 0.25183038
 1037    20    50  -0.00031 -0.64503053
 1637    38    47  -0.00031 2.61576413
  889    17    34  -0.00031 0.71938013
 1088    21    59  -0.00031 -1.86372265
 1316    27    56  -0.00031 -0.61565568
   63     2     3  -0.00031 1.13722233
 1242    25    55  -0.00032 0.90115287
  500     9    41  -0.00032 0.23290414
  516     9    57  -0.00032 -1.58154061
  288     5    51  -0.00032 -0.68624314
 1863    50    51  -0.00033 2.27753711
  427     8    22  -0.00033 2.79460108
  883    17    28  -0.00034 -0.32008901
 1038    20    51  -0.00034 1.19751391
  417     8    12  -0.00034 -0.45016738
  312     6    18  -0.00034 0.20553390
 1181    24    32  -0.00034 -0.22970033
  904    17    49  -0.00034 -0.63645292
 1415    30    53  -0.00034 -0.79497497
 1199    24    50  -0.00034 1.85866545
 1347    28    52  -0.00034 -0.91613408
  199     4    20  -0.00034 0.32861766
  971    19    27  -0.00034 1.17271033
   81     2    21  -0.00034 0.12573780
 1384    29    55  -0.00035 -0.27231888
 1940    58    60  -0.00035 3.39936689
 1317    27    57  -0.00035 -0.73314132
  762    14    48  -0.00035 0.36887009
 1753    43    53  -0.00035 -1.99861041
  201     4    22  -0.00035 -0.90733789
 1016    20    29  -0.00035 -0.33469217
  298     5    61  -0.00035 -1.53460467
 1050    20    63  -0.00035 -0.93760724
 1608    37    43  -0.00036 0.40858687
  789    15    27  -0.00036 -0.09405439
  905    17    50  -0.00036 -0.10468640
  488     9    29  -0.00037 12.86062215
 1533    34    49  -0.00037 -0.35098534
   54     1    55  -0.00037 -0.59697889
 1208    24    59  -0.00038 -1.05467853
  343     6    49  -0.00038 -0.83963998
 1084    21    55  -0.00038 -0.84463613
 1763    43    63  -0.00038 -1.50042331
 1528    34    44  -0.00038 -0.31994815
 1241    25    54  -0.00039 -0.95261641
 1874    50    62  -0.00039 -0.92559970
  170     3    50  -0.00039 -0.99664743
 1548    35    36  -0.00039 -0.16002404
  277     5    40  -0.00039 -0.93679919
  979    19    35  -0.00039 5.32914551
 1914    54    60  -0.00039 0.46683959
  271     5    34  -0.00040 -0.52996363
  669    12    54  -0.00040 -0.96864121
  178     3    58  -0.00040 -1.17683152
 1308    27    48  -0.00040 0.27185995
  505     9    46  -0.00041 2.55871310
 1869    50    57  -0.00041 0.72003761
  138     3    18  -0.00041 -0.02205899
  813    15    51  -0.00041 -1.10443788
  501     9    42  -0.00042 -0.92326713
  420     8    15  -0.00042 -0.10872681
 1296    27    36  -0.00042 0.07166219
 1297    27    37  -0.00042 -0.56257255
 1235    25    48  -0.00042 -0.30761551
 1738    42    58  -0.00043 -0.14565126
 1678    40    41  -0.00043 0.72119777
 1174    24    25  -0.00043 1.71657138
 1112    22    42  -0.00043 1.86494948
  644    12    29  -0.00043 0.62436637
 1249    25    62  -0.00044 -1.55749649
  151     3    31  -0.00045 0.11075676
 1850    49    51  -0.00045 -0.02825719
  665    12    50  -0.00045 0.69485985
 1178    24    29  -0.00046 -0.35875580
 1635    38    45  -0.00046 -0.41269802
 1455    31    61  -0.00046 -0.98828413
  476     9    17  -0.00046 -1.04756231
  640    12    25  -0.00046 -0.31450679
 1812    46    58  -0.00046 -1.18207377
 1694    40    57  -0.00047 -0.80448965
 1426    31    32  -0.00047 1.15648925
 1045    20    58  -0.00047 -0.68948385
  285     5    48  -0.00047 -1.85279102
 1122    22    52  -0.00047 -1.80182979
 1887    51    63  -0.00047 0.23128705
 1687    40    50  -0.00048 -0.42587889
 1214    25    27  -0.00048 -0.00064260
 1367    29    38  -0.00048 -0.07495094
  864    16    55  -0.00048 -1.01027805
  425     8    20  -0.00048 -1.13220790
 1201    24    52  -0.00048 -0.64309653
 1768    44    49  -0.00049 0.12302479
  993    19    49  -0.00049 -1.94114012
  610    11    46  -0.00049 0.12150494
  448     8    43  -0.00049 0.38147937
 1224    25    37  -0.00050 -0.72247734
 1102    22    32  -0.00051 -0.68804895
  816    15    54  -0.00051 -1.00812956
   30     1    31  -0.00051 -0.33952693
  912    17    57  -0.00051 -1.03374043
 1560    35    48  -0.00051 -2.00110601
  287     5    50  -0.00052 0.05672063
 1373    29    44  -0.00052 -0.35328418
 1912    54    58  -0.00052 5.72372075
  806    15    44  -0.00053 -0.37450776
 1543    34    59  -0.00053 -0.98161728
   72     2    12  -0.00053 1.95393159
  478     9    19  -0.00054 -2.11497618
 1638    38    48  -0.00054 0.16129614
  206     4    27  -0.00054 0.17429920
  985    19    41  -0.00055 -1.56182516
 1888    52    53  -0.00055 4.64557116
 1365    29    36  -0.00055 1.52033879
  112     2    52  -0.00055 -0.39169998
  322     6    28  -0.00056 -0.41747737
  107     2    47  -0.00056 0.45074693
 1450    31    56  -0.00056 0.19661267
  455     8    50  -0.00056 -1.04259829
 1681    40    44  -0.00056 -0.03044556
  673    12    58  -0.00057 -1.24916014
  657    12    42  -0.00057 2.07838143
  996    19    52  -0.00058 -1.88230217
 1007    19    63  -0.00058 -1.45229852
  699    13    34  -0.00058 0.09173113
   96     2    36  -0.00059 0.17725228
  346     6    52  -0.00059 0.35855545
  582    11    18  -0.00059 -1.64898435
 1588    36    49  -0.00059 -0.30983772
  684    13    19  -0.00059 -1.62191504
  958    18    58  -0.00059 -2.01893520
 1250    25    63  -0.00059 -0.94672946
 1767    44    48  -0.00059 -0.14794510
  295     5    58  -0.00060 -1.60025383
 1858    49    59  -0.00061 0.44006530
  353     6    59  -0.00061 -0.92083563
 1046    20    59  -0.00062 -0.47080035
  974    19    30  -0.00064 3.77162178
  781    15    19  -0.00064 -1.59352787
  940    18    40  -0.00064 -0.02635676
  106     2    46  -0.00065 -1.12653311
  810    15    48  -0.00066 0.02681692
  681    13    16  -0.00069 -0.51441963
  866    16    57  -0.00069 -0.29678344
  352     6    58  -0.00070 -0.96840027
   87     2    27  -0.00070 -0.53033844
 1304    27    44  -0.00071 0.24027674
   80     2    20  -0.00071 -0.79995302
 1683    40    46  -0.00071 0.54861259
 1379    29    50  -0.00072 -0.57775392
 1383    29    54  -0.00072 -0.83860966
 1400    30    38  -0.00074 1.63119358
 1571    35    59  -0.00074 -2.33968868
    1     1     2  -0.00075 17.56156097
 1445    31    51  -0.00076 -0.03351866
 1558    35    46  -0.00076 -0.48281635
  111     2    51  -0.00076 0.63833511
 1451    31    57  -0.00077 -1.07698279
  809    15    47  -0.00078 -1.12816108
 1835    48    50  -0.00078 -0.52012264
  114     2    54  -0.00078 -1.25015430
 1444    31    50  -0.00078 0.90019856
   99     2    39  -0.00080 -0.97263682
  980    19    36  -0.00080 -0.99807276
  109     2    49  -0.00082 -1.63834474
 1326    28    31  -0.00082 2.48191073
  988    19    44  -0.00082 -0.84826274
 1878    51    54  -0.00083 1.07503702
 1389    29    60  -0.00084 -1.61934415
 1456    31    62  -0.00084 -0.52014095
 1310    27    50  -0.00085 -0.17374055
 1239    25    52  -0.00085 -0.99246879
  714    13    49  -0.00085 -0.34996165
 1749    43    49  -0.00086 -0.70980172
  213     4    34  -0.00086 -0.48167459
 1034    20    47  -0.00087 -0.75735963
 1123    22    53  -0.00087 -2.23566656
  687    13    22  -0.00089 -0.05965260
  222     4    43  -0.00089 -0.92130981
 1642    38    52  -0.00091 -0.79136245
  209     4    30  -0.00092 -0.00585498
 1433    31    39  -0.00092 -0.05177643
 1393    30    31  -0.00092 0.60474146
 1782    44    63  -0.00093 0.89743838
 1008    20    21  -0.00094 0.36899194
  451     8    46  -0.00095 0.99905937
 1314    27    54  -0.00096 -0.59249528
   79     2    19  -0.00096 1.76312807
  258     5    21  -0.00097 6.45675208
 1875    50    63  -0.00099 0.69271531
 1025    20    38  -0.00100 -0.00152708
 1217    25    30  -0.00103 2.14725570
 1180    24    31  -0.00104 0.04716350
 1132    22    62  -0.00105 -0.39344001
  814    15    52  -0.00105 -1.59385545
  108     2    48  -0.00106 0.46224783
 1012    20    25  -0.00106 -0.68222282
   64     2     4  -0.00107 0.49199853
  992    19    48  -0.00107 0.93219267
 1303    27    43  -0.00107 -0.75541062
 1230    25    43  -0.00108 -1.41227363
  583    11    19  -0.00110 -1.85289234
 1653    38    63  -0.00111 0.70116057
  987    19    43  -0.00111 -1.18339299
  696    13    31  -0.00113 0.22164481
 1298    27    38  -0.00113 -0.03748557
  799    15    37  -0.00116 -1.52794525
  634    12    19  -0.00119 -0.11562746
 1225    25    38  -0.00120 -0.15514194
 1928    56    59  -0.00120 7.50347290
 1127    22    57  -0.00121 -1.59038316
 1223    25    36  -0.00123 -0.85296659
 1787    45    50  -0.00124 0.80061817
  104     2    44  -0.00128 -0.97580770
 1428    31    34  -0.00129 1.06765547
 1359    29    30  -0.00134 -0.16621490
 1290    27    30  -0.00136 0.93945436
  179     3    59  -0.00137 -1.61071970
  257     5    20  -0.00138 -0.92883751
 1110    22    40  -0.00143 -0.19831545
 1440    31    46  -0.00147 -0.02579685
  105     2    45  -0.00151 0.06933574
 1771    44    52  -0.00152 -0.99042432
  223     4    44  -0.00152 0.27046084
  994    19    50  -0.00152 -0.96570075
 1443    31    49  -0.00153 -0.95242298
 1752    43    52  -0.00155 -1.52944343
 1099    22    29  -0.00156 -0.39484486
  683    13    18  -0.00158 4.39319658
  812    15    50  -0.00165 0.30191014
 1633    38    43  -0.00165 -0.00657919
 1291    27    31  -0.00166 4.46021279
   85     2    25  -0.00172 -1.40526577
   98     2    38  -0.00173 -0.56965844
 1439    31    45  -0.00180 -0.42691591
 1430    31    36  -0.00184 -0.24612236
  124     3     4  -0.00187 7.12315127
  646    12    31  -0.00191 1.71197539
 1615    37    50  -0.00191 0.02035895
  313     6    19  -0.00193 11.57057267
  210     4    31  -0.00193 0.36378561
  194     4    15  -0.00195 0.32178070
  224     4    45  -0.00196 -0.62963101
  204     4    25  -0.00201 -0.51087432
  653    12    38  -0.00202 -0.47647306
 1237    25    50  -0.00224 -0.71319678
  231     4    52  -0.00234 -1.10729098
  920    18    20  -0.00242 17.48398330
  793    15    31  -0.00254 -0.22729169
  110     2    50  -0.00256 -1.12336880
 1218    25    31  -0.00258 1.01871868
 1750    43    50  -0.00265 -0.76165106
 1457    31    63  -0.00270 1.32578837
 1018    20    31  -0.00276 0.03799962
  216     4    37  -0.00276 -0.25744898
  226     4    47  -0.00293 0.30099795
 1432    31    38  -0.00293 -0.66614209
  184     4     5  -0.00331 0.42566832
 1634    38    44  -0.00337 0.06806872
 1446    31    52  -0.00342 -1.20977549
 1437    31    43  -0.00356 -1.04778745
  268     5    31  -0.00387 -0.81673107
 1769    44    50  -0.00390 -0.52358456
  227     4    48  -0.00406 -0.72914749
   91     2    31  -0.00448 -0.58003430
  198     4    19  -0.00471 -0.37864925
  229     4    50  -0.00475 0.89086697
  975    19    31  -0.00513 1.07202601
 1442    31    48  -0.00547 -1.57978121
 1438    31    44  -0.00648 -0.31555174
 1441    31    47  -0.00658 -0.76395264
 1431    31    37  -0.00735 -0.74964315
