7.117430000000000145e-01
4.490270000000000095e-01
5.889280000000000070e-01
2.298530000000000018e-01
6.794350000000000112e-01
7.217879999999999852e-01
3.136900000000000244e-01
2.260320000000000107e-01
2.303149999999999920e-01
6.264999999999999736e-02
2.499600000000000086e-02
2.781799999999999898e-02
9.297400000000000109e-02
6.233899999999999858e-02
4.034399999999999792e-02
5.996300000000000241e-02
4.704900000000000054e-02
1.063420000000000060e-01
2.999500000000000083e-02
1.352720000000000034e-01
4.236199999999999688e-02
9.000299999999999967e-02
7.300399999999999945e-02
4.474000000000000199e-02
2.276900000000000104e-02
4.236899999999999694e-02
4.132140000000000257e-01
8.095620000000000038e-01
3.415300000000000280e-02
5.512500000000000039e-02
1.676809999999999967e-01
2.566500000000000031e-02
8.199359999999999982e-01
9.565519999999999579e-01
4.214040000000000008e-01
3.211800000000000072e-02
1.049059999999999993e-01
2.433499999999999899e-02
8.269779999999999909e-01
9.068840000000000234e-01
8.212899999999999368e-02
4.790900000000000020e-02
5.615200000000000052e-02
4.010999999999999982e-02
1.533789999999999876e-01
1.858279999999999932e-01
2.129299999999999943e-02
9.632200000000000484e-02
1.008610000000000062e-01
6.143599999999999756e-02
5.110300000000000259e-02
1.385319999999999885e-01
4.538699999999999679e-02
5.854199999999999682e-02
1.039765999999999968e+00
7.178020000000000511e-01
7.810049999999999493e-01
3.285199999999999926e-02
6.570399999999999852e-02
4.618959999999999733e-01
7.122699999999999865e-02
1.064640000000000031e-01
9.271070000000000144e-01
1.024281999999999915e+00
1.030439999999999967e-01
8.942999999999999561e-02
1.261460000000000081e-01
3.519800000000000012e-02
6.890469999999999651e-01
8.580489999999999506e-01
8.517099999999999671e-02
3.355079999999999729e-01
2.810650000000000093e-01
1.003020000000000023e-01
2.589699999999999988e-02
3.135850000000000026e-01
6.115999999999999909e-02
2.164099999999999913e-01
6.230600000000000027e-02
5.495400000000000285e-02
1.438790000000000069e-01
1.143259999999999971e-01
1.483600000000000023e-02
3.292089999999999739e-01
8.540499999999999758e-01
5.949600000000000027e-02
1.589170000000000027e-01
4.258599999999999886e-02
1.588559999999999972e-01
1.029255999999999949e+00
8.254190000000000138e-01
5.875420000000000087e-01
5.985239999999999450e-01
8.604220000000000201e-01
8.089589999999999836e-01
2.990410000000000013e-01
9.220159999999999467e-01
1.024934000000000012e+00
7.534610000000000474e-01
7.306099999999999817e-01
8.709069999999999867e-01
7.580480000000000551e-01
9.385139999999999594e-01
1.094081999999999999e+00
6.408789999999999765e-01
4.487070000000000225e-01
8.174630000000000507e-01
3.905020000000000158e-01
5.903680000000000039e-01
5.148400000000000198e-02
9.241489999999999982e-01
1.038351000000000024e+00
5.749100000000000044e-02
9.468109999999999582e-01
7.039700000000000124e-02
4.645699999999999830e-02
9.846499999999999697e-02
2.330700000000000133e-02
4.513730000000000242e-01
5.635300000000000031e-02
9.628219999999999557e-01
8.212899999999999368e-02
8.381809999999999539e-01
9.761940000000000062e-01
8.188490000000000490e-01
1.064959999999999907e+00
8.900660000000000238e-01
7.936969999999999859e-01
9.935270000000000490e-01
7.903419999999999890e-01
6.282480000000000286e-01
1.032175000000000065e+00
1.101928999999999936e+00
9.006180000000000296e-01
1.040896999999999961e+00
8.675439999999999818e-01
8.294939999999999536e-01
9.015239999999999920e-01
1.051099999999999923e+00
7.995170000000000332e-01
1.027014000000000093e+00
1.012823000000000029e+00
9.698799999999999644e-01
7.823470000000000146e-01
1.034129999999999994e+00
9.339769999999999461e-01
9.906420000000000226e-01
1.047671999999999937e+00
9.411009999999999653e-01
1.153664000000000023e+00
1.024197000000000024e+00
1.040146999999999933e+00
1.059720999999999913e+00
1.112721999999999989e+00
8.853189999999999671e-01
9.728670000000000373e-01
9.843720000000000248e-01
8.534720000000000084e-01
8.137180000000000524e-01
1.003417000000000003e+00
8.552319999999999922e-01
1.088616999999999946e+00
6.365030000000000410e-01
1.107347999999999999e+00
8.812759999999999483e-01
8.844710000000000072e-01
2.455529999999999935e-01
9.398680000000000367e-01
7.342180000000000373e-01
7.831160000000000343e-01
9.051190000000000069e-01
9.441380000000000328e-01
3.879310000000000258e-01
5.383299999999999752e-01
6.051600000000000035e-02
2.933200000000000043e-02
5.851699999999999680e-01
2.342210000000000125e-01
1.021220000000000044e-01
5.846839999999999815e-01
8.010019999999999918e-01
1.655540000000000067e-01
5.855500000000000288e-02
2.057730000000000115e-01
4.980400000000000105e-02
4.311869999999999870e-01
7.703560000000000407e-01
4.405819999999999736e-01
5.830260000000000442e-01
8.585270000000000401e-01
7.545859999999999790e-01
7.382840000000000513e-01
3.863369999999999860e-01
5.654820000000000402e-01
9.139840000000000186e-01
4.411530000000000173e-01
6.057900000000000507e-01
9.348220000000000418e-01
6.257329999999999837e-01
8.713419999999999499e-01
7.392959999999999532e-01
5.306830000000000158e-01
6.240959999999999841e-01
5.240029999999999966e-01
4.206940000000000124e-01
8.862250000000000405e-01
7.059849999999999737e-01
3.997399999999999842e-01
8.577090000000000547e-01
9.324900000000000411e-01
3.246069999999999789e-01
6.105380000000000251e-01
8.836810000000000498e-01
3.760049999999999781e-01
8.242949999999999999e-01
5.972159999999999691e-01
8.612579999999999680e-01
7.405000000000000471e-01
8.845859999999999834e-01
2.364739999999999898e-01
8.559700000000000086e-01
8.125010000000000288e-01
4.729530000000000123e-01
6.898879999999999457e-01
3.166430000000000078e-01
2.063250000000000084e-01
7.715849999999999653e-01
5.518539999999999557e-01
8.149769999999999515e-01
6.565029999999999477e-01
6.833789999999999587e-01
5.993880000000000319e-01
6.885569999999999746e-01
7.665419999999999456e-01
6.416119999999999601e-01
1.046505999999999936e+00
5.525039999999999951e-01
7.740860000000000518e-01
6.366730000000000445e-01
6.166139999999999954e-01
1.510537999999999936e+00
4.639590000000000103e-01
6.589490000000000069e-01
7.807260000000000311e-01
5.511169999999999680e-01
7.047240000000000171e-01
5.690600000000000103e-01
8.765239999999999698e-01
7.630090000000000483e-01
2.962359999999999993e-01
1.063916000000000084e+00
4.526819999999999733e-01
1.052043000000000061e+00
8.286120000000000152e-01
6.102360000000000007e-01
7.235660000000000425e-01
9.661619999999999653e-01
3.223800000000000276e-02
1.054157999999999928e+00
8.042289999999999717e-01
7.839599999999999347e-02
9.647700000000000164e-01
3.358999999999999764e-01
8.623599999999999322e-02
9.314600000000000657e-02
3.733199999999999713e-02
5.441080000000000361e-01
5.067900000000000182e-02
8.391889999999999628e-01
2.630930000000000213e-01
8.942989999999999551e-01
7.276080000000000325e-01
3.801800000000000179e-01
7.216380000000000017e-01
5.373499999999999943e-01
1.004413000000000000e+00
6.830990000000000117e-01
1.003854999999999942e+00
9.111129999999999507e-01
8.816140000000000088e-01
1.036783999999999928e+00
8.108100000000000307e-01
9.729200000000000348e-02
8.481589999999999963e-01
1.011735000000000051e+00
4.751290000000000235e-01
7.475209999999999910e-01
5.919830000000000370e-01
9.554749999999999632e-01
9.613190000000000346e-01
1.056912000000000074e+00
8.761539999999999884e-01
8.714640000000000164e-01
9.228760000000000296e-01
9.714030000000000165e-01
9.753089999999999815e-01
8.136649999999999716e-01
9.742129999999999956e-01
1.005052000000000056e+00
1.270139999999999880e-01
1.163181999999999938e+00
8.531459999999999599e-01
1.142393999999999910e+00
9.707010000000000360e-01
8.868770000000000264e-01
1.042327000000000004e+00
9.303829999999999600e-01
2.225439999999999918e-01
7.087890000000000024e-01
5.484200000000000186e-01
6.259879999999999889e-01
5.893690000000000317e-01
5.814150000000000151e-01
8.611149999999999638e-01
5.032849999999999824e-01
5.565839999999999677e-01
1.534689999999999943e-01
1.071077000000000057e+00
4.400780000000000247e-01
7.228029999999999733e-01
3.990529999999999911e-01
8.458809999999999940e-01
9.475240000000000329e-01
6.159699999999999898e-02
7.922299999999999898e-01
9.430070000000000396e-01
2.069660000000000111e-01
1.037917999999999896e+00
1.039454000000000100e+00
2.388069999999999915e-01
1.596960000000000046e-01
6.848649999999999460e-01
1.257610000000000117e-01
7.178020000000000511e-01
5.636339999999999684e-01
8.640839999999999632e-01
6.898539999999999672e-01
8.655899999999999705e-01
8.458229999999999915e-01
8.119530000000000358e-01
9.655479999999999619e-01
8.441220000000000390e-01
8.443939999999999779e-01
9.192430000000000323e-01
1.126166000000000000e+00
9.920949999999999491e-01
7.535300000000000331e-02
8.926180000000000225e-01
1.026427999999999896e+00
8.051509999999999501e-01
8.735009999999999719e-01
8.194789999999999575e-01
8.168100000000000360e-01
8.834499999999999575e-01
6.088529999999999776e-01
6.104039999999999466e-01
7.456890000000000462e-01
1.068705000000000016e+00
6.049889999999999990e-01
1.019466999999999901e+00
1.056642999999999999e+00
6.767879999999999452e-01
5.661070000000000269e-01
7.633210000000000273e-01
5.156969999999999610e-01
8.653849999999999598e-01
5.726160000000000139e-01
1.557040000000000091e-01
3.624249999999999972e-01
1.796599999999999933e-02
4.907700000000000257e-02
7.170100000000000362e-01
3.898789999999999756e-01
1.027017000000000069e+00
7.762649999999999828e-01
1.749709999999999877e-01
5.749100000000000044e-02
1.071629999999999944e-01
1.291920000000000013e-01
8.472300000000000664e-02
9.505879999999999885e-01
3.986689999999999956e-01
5.567320000000000046e-01
6.172579999999999734e-01
3.030439999999999801e-01
5.269999999999999685e-02
1.105679999999999996e-01
2.149200000000000069e-02
4.355400000000000243e-02
1.493300000000000009e-02
8.383999999999999786e-02
1.705770000000000064e-01
1.026600000000000082e-02
6.568319999999999714e-01
4.359699999999999687e-02
8.324399999999999855e-02
7.734199999999999409e-02
4.581099999999999756e-02
1.642599999999999963e-02
9.855000000000000426e-01
7.796440000000000037e-01
9.742680000000000229e-01
9.393059999999999743e-01
1.026197999999999944e+00
7.879209999999999825e-01
9.282740000000000435e-01
8.868700000000000472e-01
7.689030000000000031e-01
9.785300000000000109e-01
1.167343999999999937e+00
7.212210000000000010e-01
9.538349999999999884e-01
7.143410000000000037e-01
7.948479999999999990e-01
9.724930000000000518e-01
9.018699999999999495e-01
1.666849999999999998e-01
2.997879999999999989e-01
1.696200000000000138e-02
1.010650000000000021e-01
5.550000000000000072e-02
3.191499999999999893e-02
2.811100000000000057e-02
2.490559999999999996e-01
5.919600000000000417e-01
4.677800000000000014e-02
1.359619999999999995e-01
4.534400000000000236e-02
3.234100000000000169e-02
2.939519999999999911e-01
8.170039999999999525e-01
4.883699999999999847e-02
5.050390000000000157e-01
4.999489999999999768e-01
1.357589999999999908e-01
4.380859999999999754e-01
7.726619999999999600e-01
4.158100000000000129e-01
6.500939999999999497e-01
9.721769999999999579e-01
7.238580000000000014e-01
2.264529999999999876e-01
8.249840000000000506e-01
8.064200000000000257e-01
6.702209999999999557e-01
8.031650000000000178e-01
5.128789999999999738e-01
7.001049999999999773e-01
2.578980000000000161e-01
4.045920000000000072e-01
2.887599999999999889e-02
1.270529999999999993e-01
7.066000000000000059e-02
1.018030000000000046e-01
2.245899999999999980e-02
7.725600000000000522e-02
4.925199999999999717e-02
2.115309999999999968e-01
2.004009999999999958e-01
1.091499999999999970e-01
7.240499999999999714e-02
6.756700000000000206e-02
7.869180000000000064e-01
9.241890000000000382e-01
3.887120000000000020e-01
2.550479999999999969e-01
8.169669999999999987e-01
3.073870000000000213e-01
3.063629999999999964e-01
5.630760000000000209e-01
7.010299999999999865e-02
3.313269999999999826e-01
7.368989999999999707e-01
6.942399999999999682e-01
3.785450000000000204e-01
1.799429999999999918e-01
5.333350000000000035e-01
6.556899999999999951e-01
5.016899999999999693e-01
6.144749999999999934e-01
3.759170000000000011e-01
5.898500000000000271e-02
3.679199999999999832e-02
5.272999999999999909e-02
6.794409999999999616e-01
2.717740000000000156e-01
4.433460000000000178e-01
6.896050000000000235e-01
2.044430000000000136e-01
3.124540000000000095e-01
1.595799999999999996e-02
2.524600000000000177e-01
6.740099999999999980e-01
3.550570000000000115e-01
3.691070000000000184e-01
4.470580000000000109e-01
2.153839999999999921e-01
6.024270000000000458e-01
1.104597999999999969e+00
3.638299999999999867e-02
6.272999999999999410e-02
2.730480000000000129e-01
4.924069999999999836e-01
3.460710000000000175e-01
9.996939999999999715e-01
9.575270000000000170e-01
2.896469999999999878e-01
6.530400000000000094e-02
3.978140000000000009e-01
4.995829999999999993e-01
7.621259999999999701e-01
9.476250000000000506e-01
7.152300000000000324e-02
1.100830999999999893e+00
5.500439999999999774e-01
4.872290000000000232e-01
8.143880000000000008e-01
2.434409999999999907e-01
5.156699999999999617e-01
5.146119999999999584e-01
1.539300000000000113e-01
7.643569999999999531e-01
9.090679999999999872e-01
8.731759999999999522e-01
7.086299999999999821e-01
6.508840000000000181e-01
9.530419999999999447e-01
5.160800000000000110e-02
9.926540000000000363e-01
1.055155999999999983e+00
8.537970000000000281e-01
9.451979999999999826e-01
8.028260000000000396e-01
9.454620000000000246e-01
4.208140000000000214e-01
5.102039999999999909e-01
1.219969999999999999e+00
1.001948999999999979e+00
8.968909999999999938e-01
9.102179999999999715e-01
9.908310000000000173e-01
8.212329999999999908e-01
1.036926999999999932e+00
1.106176999999999966e+00
1.025338000000000083e+00
1.046561000000000075e+00
9.446269999999999945e-01
1.024529000000000023e+00
9.777080000000000215e-01
8.810400000000000453e-01
9.922900000000000054e-01
9.642049999999999788e-01
1.009592000000000045e+00
1.006409000000000109e+00
9.114729999999999777e-01
3.089160000000000239e-01
1.071382999999999974e+00
9.145969999999999933e-01
1.029846999999999957e+00
8.709219999999999740e-01
1.009465000000000057e+00
1.052364000000000077e+00
9.932079999999999798e-01
1.028315000000000090e+00
1.034839000000000064e+00
1.033061000000000007e+00
1.050292000000000003e+00
9.121909999999999741e-01
1.172447999999999935e+00
1.034311999999999898e+00
9.523549999999999516e-01
8.705429999999999557e-01
1.058686000000000016e+00
1.205068000000000028e+00
1.045319000000000109e+00
1.033937000000000106e+00
9.955659999999999510e-01
9.301409999999999956e-01
1.069396999999999931e+00
9.898479999999999501e-01
9.998489999999999878e-01
1.054076000000000013e+00
9.277419999999999556e-01
1.026796999999999960e+00
1.029582999999999915e+00
1.109807999999999906e+00
1.022489999999999899e+00
9.504970000000000363e-01
6.014730000000000354e-01
9.785019999999999829e-01
9.568659999999999943e-01
9.869470000000000187e-01
1.009006999999999987e+00
9.141939999999999511e-01
9.806989999999999874e-01
8.110600000000000032e-01
8.991670000000000496e-01
9.146480000000000166e-01
9.908829999999999583e-01
7.989859999999999740e-01
1.247686000000000073e+00
9.369410000000000238e-01
1.203520000000000006e-01
9.070749999999999647e-01
1.048651000000000000e+00
7.354089999999999794e-01
7.751029999999999864e-01
7.953900000000000414e-01
7.183079999999999465e-01
9.278049999999999908e-01
8.865990000000000260e-01
1.011657999999999946e+00
1.109250000000000069e+00
9.428210000000000202e-01
7.775609999999999467e-01
1.038057000000000007e+00
8.303770000000000318e-01
9.581859999999999822e-01
9.360460000000000447e-01
4.511459999999999915e-01
9.276860000000000106e-01
9.500610000000000444e-01
9.427950000000000497e-01
7.997319999999999984e-01
8.045710000000000361e-01
9.279399999999999871e-01
6.540679999999999827e-01
3.212960000000000260e-01
7.218930000000000069e-01
8.612020000000000231e-01
4.547930000000000028e-01
1.004332999999999920e+00
8.234930000000000305e-01
1.106662000000000035e+00
9.121909999999999741e-01
6.550510000000000499e-01
8.918490000000000029e-01
5.237000000000000544e-01
8.365380000000000038e-01
7.446859999999999591e-01
5.021670000000000300e-01
4.406869999999999954e-01
3.351990000000000247e-01
3.947640000000000038e-01
4.809979999999999811e-01
5.951079999999999703e-01
7.028640000000000443e-01
7.402020000000000266e-01
5.060510000000000286e-01
6.549390000000000489e-01
1.678399999999999892e-01
4.709559999999999858e-01
1.039986000000000077e+00
1.421800000000000008e-01
3.253800000000000026e-01
6.585530000000000550e-01
6.807849999999999735e-01
9.570309999999999651e-01
1.121656999999999904e+00
8.502229999999999510e-01
3.390480000000000160e-01
7.164610000000000145e-01
9.940799999999999637e-02
1.055237999999999898e+00
1.102047999999999917e+00
1.061182999999999987e+00
7.811730000000000063e-01
1.031979999999999897e+00
1.139923999999999937e+00
8.419659999999999922e-01
4.940959999999999797e-01
1.822789999999999966e-01
7.864889999999999937e-01
2.496899999999999953e-01
2.368909999999999905e-01
3.191499999999999893e-02
2.323439999999999950e-01
8.041260000000000074e-01
6.655499999999999750e-01
9.466600000000000015e-02
5.088600000000000068e-02
1.443799999999999945e-02
2.085970000000000046e-01
2.281469999999999887e-01
1.132819999999999938e-01
1.506790000000000074e-01
2.942870000000000208e-01
8.702849999999999753e-01
1.044262000000000024e+00
6.502480000000000482e-01
3.767299999999999816e-02
3.808199999999999780e-02
1.347500000000000087e-02
6.246100000000000263e-02
2.371399999999999897e-02
1.136999999999999990e-02
4.394100000000000089e-02
4.558099999999999929e-01
3.488499999999999934e-02
2.181299999999999906e-02
4.986100000000000254e-02
4.447899999999999771e-02
1.643489999999999951e-01
1.260419999999999874e-01
1.276599999999999957e-02
4.279999999999999777e-02
6.359700000000000353e-01
3.154870000000000174e-01
4.925600000000000117e-02
2.923669999999999880e-01
6.189700000000000063e-02
2.853599999999999887e-02
7.875200000000000256e-02
7.448569999999999913e-01
4.101300000000000084e-02
9.494580000000000242e-01
8.755199999999999649e-01
7.947659999999999725e-01
5.750299999999999856e-02
3.266199999999999659e-02
3.971000000000000085e-01
8.876499999999999668e-02
8.170269999999999477e-01
3.228260000000000018e-01
4.599790000000000267e-01
5.775099999999999678e-02
7.498399999999999510e-02
3.999249999999999750e-01
6.677370000000000250e-01
3.075900000000000162e-02
2.776239999999999819e-01
2.572559999999999847e-01
9.095899999999999819e-02
1.827479999999999938e-01
1.940449999999999953e-01
9.758000000000000007e-02
5.512600000000000139e-02
2.425559999999999938e-01
2.797700000000000187e-01
2.986460000000000226e-01
7.327059999999999684e-01
2.545599999999999946e-02
2.482540000000000024e-01
1.495809999999999917e-01
6.591199999999999837e-02
4.890200000000000102e-02
1.300800000000000012e-01
3.829799999999999871e-02
2.031489999999999962e-01
2.021299999999999833e-02
9.475000000000000783e-03
3.329929999999999835e-01
1.559290000000000120e-01
5.473609999999999864e-01
7.395199999999999552e-01
1.924999999999999975e-02
1.410199999999999995e-02
3.861200000000000049e-02
3.894199999999999745e-02
2.425599999999999978e-02
3.126110000000000277e-01
1.528229999999999866e-01
9.682450000000000223e-01
9.861940000000000150e-01
9.130080000000000418e-01
9.891159999999999952e-01
9.357229999999999714e-01
8.844929999999999737e-01
1.053700000000000081e+00
8.675580000000000513e-01
1.081782999999999939e+00
1.007713999999999999e+00
6.196690000000000254e-01
8.974569999999999492e-01
8.651889999999999858e-01
1.021968999999999905e+00
9.510729999999999462e-01
9.373029999999999973e-01
1.005273000000000083e+00
1.011482999999999910e+00
8.804629999999999956e-01
9.198049999999999837e-01
9.944800000000000306e-01
1.038988999999999940e+00
8.675359999999999738e-01
9.857179999999999831e-01
1.028297000000000017e+00
8.437540000000000040e-01
9.654479999999999729e-01
1.016035000000000021e+00
8.118400000000000061e-01
1.026709000000000094e+00
9.331610000000000182e-01
8.979489999999999972e-01
9.249929999999999541e-01
9.021730000000000027e-01
4.197250000000000147e-01
8.353420000000000289e-01
7.175610000000000044e-01
9.069890000000000452e-01
9.495090000000000474e-01
9.368009999999999948e-01
8.768369999999999775e-01
9.886979999999999658e-01
7.768190000000000373e-01
1.002815999999999930e+00
9.300319999999999698e-01
9.684000000000000385e-01
6.894639999999999658e-01
1.045685999999999893e+00
9.576569999999999805e-01
9.656409999999999716e-01
1.015403999999999973e+00
1.126076000000000077e+00
1.142657999999999952e+00
9.718189999999999884e-01
8.405350000000000321e-01
9.516440000000000454e-01
8.769679999999999698e-01
9.493970000000000464e-01
9.603329999999999922e-01
8.583520000000000039e-01
9.135330000000000394e-01
1.039997999999999978e+00
8.626949999999999896e-01
9.770579999999999821e-01
9.113740000000000174e-01
9.930080000000000018e-01
9.510189999999999477e-01
9.866049999999999542e-01
1.129310000000000036e+00
1.061903000000000041e+00
8.949160000000000448e-01
8.277200000000000113e-01
7.986849999999999783e-01
9.248389999999999667e-01
1.016407000000000060e+00
8.999179999999999957e-01
9.829470000000000152e-01
1.024489999999999901e+00
9.467100000000000515e-01
6.677899999999999947e-01
4.853310000000000124e-01
5.890999999999999570e-01
9.551469999999999683e-01
9.211770000000000236e-01
4.065380000000000105e-01
5.744609999999999994e-01
6.332229999999999803e-01
2.236370000000000025e-01
3.680109999999999770e-01
9.647759999999999669e-01
6.495790000000000175e-01
6.324469999999999814e-01
6.244159999999999711e-01
7.082150000000000389e-01
8.259919999999999485e-01
9.982659999999999867e-01
9.010489999999999888e-01
8.939610000000000056e-01
9.674430000000000529e-01
8.729069999999999885e-01
9.421279999999999655e-01
9.647630000000000372e-01
9.489539999999999642e-01
1.012572000000000028e+00
6.381900000000000350e-01
9.211230000000000251e-01
1.001865999999999923e+00
9.889809999999999990e-01
1.020305999999999935e+00
9.922670000000000101e-01
9.010949999999999793e-01
8.678240000000000398e-01
1.025900000000000034e+00
8.688829999999999609e-01
4.205200000000000049e-01
7.710080000000000267e-01
8.857880000000000198e-01
7.981049999999999534e-01
9.450929999999999609e-01
8.893959999999999644e-01
9.011130000000000528e-01
6.190670000000000339e-01
7.731489999999999752e-01
6.177740000000000453e-01
9.349030000000000395e-01
8.808369999999999811e-01
9.115569999999999506e-01
8.547519999999999563e-01
8.842300000000000160e-02
7.493500000000000161e-02
6.971709999999999852e-01
3.380360000000000031e-01
8.227560000000000429e-01
2.401400000000000062e-02
7.734490000000000531e-01
5.612600000000000228e-02
9.156999999999999862e-02
9.175489999999999480e-01
6.677400000000000002e-02
9.162420000000000009e-01
1.010177000000000103e+00
7.889999999999999791e-02
8.780959999999999877e-01
1.025857999999999937e+00
2.949729999999999852e-01
6.904360000000000497e-01
7.662400000000000322e-01
9.502019999999999911e-01
1.008202000000000043e+00
9.663990000000000080e-01
9.226189999999999669e-01
7.173950000000000049e-01
9.930210000000000425e-01
1.300640000000000129e-01
7.552050000000000152e-01
9.343280000000000474e-01
9.510049999999999892e-01
1.024613999999999914e+00
8.035579999999999945e-01
9.202519999999999589e-01
8.701969999999999983e-01
1.064362999999999948e+00
8.869590000000000529e-01
8.749590000000000423e-01
8.044719999999999649e-01
8.940099999999999714e-01
8.339389999999999858e-01
1.178790000000000004e+00
8.698280000000000456e-01
1.035312000000000010e+00
6.730599999999999916e-01
8.944790000000000241e-01
1.178738000000000063e+00
8.831940000000000346e-01
8.953280000000000127e-01
9.085900000000000087e-01
9.858190000000000008e-01
9.932260000000000533e-01
8.234799999999999898e-01
8.181530000000000191e-01
7.582830000000000403e-01
1.112554000000000043e+00
4.948859999999999926e-01
8.634429999999999605e-01
9.436459999999999848e-01
7.793799999999999339e-02
9.399680000000000257e-01
5.609309999999999574e-01
1.028321999999999958e+00
9.600480000000000125e-01
7.608470000000000510e-01
6.452200000000000157e-01
9.178849999999999509e-01
3.927880000000000260e-01
4.793769999999999976e-01
5.901060000000000194e-01
1.094818000000000069e+00
6.097960000000000047e-01
6.921469999999999567e-01
4.113780000000000214e-01
2.219230000000000091e-01
7.190689999999999582e-01
6.093039999999999567e-01
7.537169999999999703e-01
5.776090000000000391e-01
1.042199000000000098e+00
5.051339999999999719e-01
1.408196000000000003e+00
9.742060000000000164e-01
9.675740000000000451e-01
9.625320000000000542e-01
9.586890000000000134e-01
9.240119999999999445e-01
7.698720000000000008e-01
9.926380000000000203e-01
1.034804000000000057e+00
1.171809000000000101e+00
9.684679999999999955e-01
1.000987999999999989e+00
4.644780000000000020e-01
1.039509000000000016e+00
1.027414999999999967e+00
1.040558000000000094e+00
8.108490000000000419e-01
9.558699999999999974e-01
8.270140000000000269e-01
8.104280000000000372e-01
9.491420000000000412e-01
7.731620000000000159e-01
5.746229999999999949e-01
1.299150000000000027e-01
8.637660000000000338e-01
5.922319999999999807e-01
8.294289999999999718e-01
1.922190000000000010e-01
9.376250000000000417e-01
1.279471000000000025e+00
8.633990000000000276e-01
3.473859999999999726e-01
3.523510000000000253e-01
5.403529999999999722e-01
7.783529999999999616e-01
7.162119999999999598e-01
8.016299999999999537e-01
8.719930000000000181e-01
9.232629999999999448e-01
7.612940000000000262e-01
1.043036000000000074e+00
8.005480000000000373e-01
8.907650000000000290e-01
2.708940000000000237e-01
6.171720000000000539e-01
6.969159999999999799e-01
7.809120000000000505e-01
8.603790000000000049e-01
9.404649999999999954e-01
1.089639999999999942e+00
9.915589999999999682e-01
7.367989999999999817e-01
1.020502999999999938e+00
9.951149999999999718e-01
9.093750000000000444e-01
7.984240000000000226e-01
9.844950000000000090e-01
9.307919999999999527e-01
9.545010000000000439e-01
7.921129999999999560e-01
9.325390000000000068e-01
1.143818000000000001e+00
7.848030000000000284e-01
1.021933999999999898e+00
8.530180000000000540e-01
1.021810000000000107e+00
7.963050000000000406e-01
5.783880000000000132e-01
1.021864000000000106e+00
1.155246999999999913e+00
5.832420000000000382e-01
6.441210000000000546e-01
1.023320000000000007e+00
6.411670000000000424e-01
5.208810000000000384e-01
9.177969999999999740e-01
8.253139999999999921e-01
8.096830000000000416e-01
6.468559999999999865e-01
1.030154999999999932e+00
8.318090000000000206e-01
9.892030000000000545e-01
1.028335999999999917e+00
1.229206000000000021e+00
9.956120000000000525e-01
9.209089999999999776e-01
7.814870000000000427e-01
9.375240000000000240e-01
7.713780000000000081e-01
9.252850000000000241e-01
7.037409999999999499e-01
8.037729999999999597e-01
9.887479999999999603e-01
1.671950000000000103e-01
9.680189999999999628e-01
8.661389999999999922e-01
1.003843000000000041e+00
5.510950000000000015e-01
1.131288999999999989e+00
6.923869999999999747e-01
9.940890000000000004e-01
9.332249999999999712e-01
7.821660000000000279e-01
1.022130999999999901e+00
8.145280000000000298e-01
4.485109999999999930e-01
1.206707999999999892e+00
9.686139999999999750e-01
1.013349000000000055e+00
2.034569999999999990e-01
1.048119999999999941e+00
9.974560000000000093e-01
7.898460000000000480e-01
6.453370000000000495e-01
6.457589999999999719e-01
6.370069999999999899e-01
1.091050000000000075e+00
2.868778999999999968e+00
1.078387999999999902e+00
1.020224999999999937e+00
1.018159999999999954e+00
9.407400000000000206e-01
1.106452999999999909e+00
1.048921999999999910e+00
1.068200999999999956e+00
1.171251000000000042e+00
3.878510000000000013e-01
1.153526999999999969e+00
1.128068999999999988e+00
1.068799000000000055e+00
9.735169999999999657e-01
1.016358000000000095e+00
9.630379999999999496e-01
9.868460000000000010e-01
9.821140000000000425e-01
7.345180000000000042e-01
9.983889999999999709e-01
1.073649000000000076e+00
1.072499000000000091e+00
9.220129999999999715e-01
9.827420000000000044e-01
9.763960000000000417e-01
8.910289999999999599e-01
1.053873999999999977e+00
9.590950000000000308e-01
1.177804999999999991e+00
9.396999999999999797e-01
9.507200000000000095e-01
8.411030000000000451e-01
8.252329999999999943e-01
9.832399999999999474e-02
3.602099999999999747e-02
8.138119999999999798e-01
1.523940000000000017e-01
3.892600000000000227e-02
1.050810999999999940e+00
1.106330999999999953e+00
8.799300000000000177e-02
2.690629999999999966e-01
2.786680000000000268e-01
7.021399999999999864e-02
8.301279999999999770e-01
1.049994000000000094e+00
3.085860000000000269e-01
8.390830000000000233e-01
6.709650000000000336e-01
1.533390000000000031e-01
2.580990000000000228e-01
5.221329999999999583e-01
8.967399999999999816e-01
7.906020000000000270e-01
6.752740000000000409e-01
7.183910000000000018e-01
6.300360000000000404e-01
5.238190000000000346e-01
6.133110000000000506e-01
4.041600000000000054e-02
5.278570000000000206e-01
8.198250000000000259e-01
5.967240000000000322e-01
4.832170000000000076e-01
7.066310000000000091e-01
1.085769999999999902e+00
9.276330000000000409e-01
3.131959999999999744e-01
3.420949999999999824e-01
2.027440000000000075e-01
1.170471999999999957e+00
5.098799999999999860e-02
8.308480000000000310e-01
1.043957000000000024e+00
7.835799999999999710e-02
5.866869999999999585e-01
9.126399999999999790e-02
7.934520000000000461e-01
1.162015999999999938e+00
2.939419999999999811e-01
2.349950000000000094e-01
1.099739000000000022e+00
2.194020000000000137e-01
9.514430000000000387e-01
4.649699999999999944e-01
6.919100000000000250e-02
8.206200000000000161e-01
8.222500000000000364e-01
8.670210000000000417e-01
1.022151000000000032e+00
3.387249999999999983e-01
1.339151999999999898e+00
1.162015999999999938e+00
1.025701999999999892e+00
1.030840999999999896e+00
9.903260000000000396e-01
1.052661000000000069e+00
1.379698000000000091e+00
1.052319999999999922e+00
1.133947999999999956e+00
1.005247000000000002e+00
9.763370000000000104e-01
