1.818181818181818094e-02
1.818181818181818094e-02
1.818181818181818094e-02
1.818181818181818094e-02
1.818181818181818094e-02
1.818181818181818094e-02
1.818181818181818094e-02
1.818181818181818094e-02
1.818181818181818094e-02
1.818181818181818094e-02
1.818181818181818094e-02
1.818181818181818094e-02
1.818181818181818094e-02
1.818181818181818094e-02
1.818181818181818094e-02
1.818181818181818094e-02
1.818181818181818094e-02
1.818181818181818094e-02
1.818181818181818094e-02
1.818181818181818094e-02
1.818181818181818094e-02
1.818181818181818094e-02
1.818181818181818094e-02
1.818181818181818094e-02
1.818181818181818094e-02
1.818181818181818094e-02
1.818181818181818094e-02
1.818181818181818094e-02
1.818181818181818094e-02
1.818181818181818094e-02
1.818181818181818094e-02
1.818181818181818094e-02
1.818181818181818094e-02
1.818181818181818094e-02
1.818181818181818094e-02
1.818181818181818094e-02
1.818181818181818094e-02
1.818181818181818094e-02
1.818181818181818094e-02
1.818181818181818094e-02
1.818181818181818094e-02
1.851851851851851749e-02
1.818181818181818094e-02
1.818181818181818094e-02
1.818181818181818094e-02
1.818181818181818094e-02
1.818181818181818094e-02
1.818181818181818094e-02
1.818181818181818094e-02
1.818181818181818094e-02
1.818181818181818094e-02
1.818181818181818094e-02
1.818181818181818094e-02
1.818181818181818094e-02
1.851851851851851749e-02
