1.111111111111111154e-02
1.111111111111111154e-02
1.111111111111111154e-02
1.111111111111111154e-02
1.123595505617977497e-02
1.111111111111111154e-02
1.111111111111111154e-02
1.111111111111111154e-02
1.111111111111111154e-02
1.111111111111111154e-02
1.111111111111111154e-02
1.136363636363636395e-02
1.111111111111111154e-02
1.111111111111111154e-02
1.111111111111111154e-02
1.111111111111111154e-02
1.111111111111111154e-02
1.111111111111111154e-02
1.111111111111111154e-02
1.111111111111111154e-02
1.111111111111111154e-02
1.111111111111111154e-02
1.111111111111111154e-02
1.111111111111111154e-02
1.111111111111111154e-02
1.111111111111111154e-02
1.111111111111111154e-02
1.111111111111111154e-02
1.111111111111111154e-02
1.111111111111111154e-02
1.111111111111111154e-02
1.111111111111111154e-02
1.111111111111111154e-02
1.111111111111111154e-02
1.111111111111111154e-02
1.111111111111111154e-02
1.111111111111111154e-02
1.111111111111111154e-02
1.111111111111111154e-02
1.111111111111111154e-02
1.111111111111111154e-02
1.123595505617977497e-02
1.111111111111111154e-02
1.111111111111111154e-02
1.111111111111111154e-02
1.111111111111111154e-02
1.123595505617977497e-02
1.123595505617977497e-02
1.111111111111111154e-02
1.111111111111111154e-02
1.123595505617977497e-02
1.111111111111111154e-02
1.111111111111111154e-02
1.136363636363636395e-02
1.111111111111111154e-02
1.123595505617977497e-02
1.111111111111111154e-02
1.123595505617977497e-02
1.111111111111111154e-02
1.111111111111111154e-02
1.111111111111111154e-02
1.111111111111111154e-02
1.111111111111111154e-02
1.111111111111111154e-02
1.111111111111111154e-02
1.111111111111111154e-02
1.111111111111111154e-02
1.123595505617977497e-02
1.123595505617977497e-02
1.111111111111111154e-02
1.111111111111111154e-02
1.111111111111111154e-02
1.123595505617977497e-02
1.123595505617977497e-02
1.123595505617977497e-02
1.176470588235294101e-02
1.123595505617977497e-02
1.111111111111111154e-02
1.111111111111111154e-02
1.111111111111111154e-02
1.111111111111111154e-02
1.123595505617977497e-02
1.111111111111111154e-02
1.111111111111111154e-02
1.111111111111111154e-02
1.111111111111111154e-02
1.111111111111111154e-02
1.111111111111111154e-02
1.111111111111111154e-02
1.234567901234567833e-02
