8.620689655172413673e-03
1.010101010101010187e-02
8.620689655172413673e-03
8.620689655172413673e-03
8.620689655172413673e-03
8.771929824561403022e-03
8.620689655172413673e-03
8.620689655172413673e-03
8.620689655172413673e-03
8.620689655172413673e-03
8.620689655172413673e-03
8.620689655172413673e-03
8.849557522123893682e-03
8.771929824561403022e-03
8.620689655172413673e-03
8.620689655172413673e-03
8.620689655172413673e-03
8.620689655172413673e-03
8.620689655172413673e-03
8.620689655172413673e-03
8.620689655172413673e-03
8.620689655172413673e-03
8.771929824561403022e-03
8.771929824561403022e-03
8.849557522123893682e-03
8.620689655172413673e-03
8.620689655172413673e-03
8.620689655172413673e-03
8.620689655172413673e-03
8.620689655172413673e-03
8.620689655172413673e-03
8.620689655172413673e-03
8.771929824561403022e-03
8.620689655172413673e-03
8.620689655172413673e-03
8.695652173913043584e-03
8.620689655172413673e-03
8.620689655172413673e-03
8.620689655172413673e-03
8.695652173913043584e-03
8.620689655172413673e-03
8.620689655172413673e-03
8.620689655172413673e-03
8.771929824561403022e-03
8.620689655172413673e-03
8.695652173913043584e-03
8.620689655172413673e-03
8.620689655172413673e-03
8.620689655172413673e-03
8.849557522123893682e-03
8.771929824561403022e-03
8.620689655172413673e-03
8.620689655172413673e-03
8.771929824561403022e-03
8.620689655172413673e-03
8.620689655172413673e-03
8.695652173913043584e-03
8.771929824561403022e-03
8.620689655172413673e-03
8.620689655172413673e-03
8.771929824561403022e-03
8.620689655172413673e-03
8.620689655172413673e-03
8.928571428571428076e-03
8.620689655172413673e-03
8.849557522123893682e-03
8.695652173913043584e-03
8.771929824561403022e-03
8.928571428571428076e-03
8.849557522123893682e-03
8.620689655172413673e-03
8.771929824561403022e-03
8.620689655172413673e-03
8.771929824561403022e-03
9.259259259259258745e-03
8.620689655172413673e-03
8.620689655172413673e-03
8.620689655172413673e-03
8.695652173913043584e-03
8.620689655172413673e-03
8.620689655172413673e-03
8.620689655172413673e-03
8.620689655172413673e-03
8.695652173913043584e-03
8.695652173913043584e-03
8.620689655172413673e-03
8.928571428571428076e-03
8.695652173913043584e-03
8.771929824561403022e-03
8.620689655172413673e-03
8.771929824561403022e-03
8.620689655172413673e-03
8.928571428571428076e-03
8.695652173913043584e-03
8.928571428571428076e-03
8.695652173913043584e-03
8.928571428571428076e-03
1.020408163265306041e-02
8.771929824561403022e-03
1.204819277108433798e-02
8.620689655172413673e-03
8.620689655172413673e-03
8.620689655172413673e-03
8.620689655172413673e-03
8.849557522123893682e-03
8.620689655172413673e-03
8.620689655172413673e-03
8.620689655172413673e-03
8.695652173913043584e-03
8.620689655172413673e-03
8.771929824561403022e-03
9.615384615384615918e-03
8.771929824561403022e-03
8.620689655172413673e-03
8.849557522123893682e-03
1.010101010101010187e-02
