7.633587786259541687e-03
7.751937984496123923e-03
8.849557522123893682e-03
7.575757575757575968e-03
7.575757575757575968e-03
7.633587786259541687e-03
7.692307692307692735e-03
7.575757575757575968e-03
7.575757575757575968e-03
7.575757575757575968e-03
7.575757575757575968e-03
7.633587786259541687e-03
7.575757575757575968e-03
7.812500000000000000e-03
7.751937984496123923e-03
7.751937984496123923e-03
7.575757575757575968e-03
7.575757575757575968e-03
7.575757575757575968e-03
7.575757575757575968e-03
7.575757575757575968e-03
7.575757575757575968e-03
7.575757575757575968e-03
7.633587786259541687e-03
7.692307692307692735e-03
7.692307692307692735e-03
7.812500000000000000e-03
7.812500000000000000e-03
7.633587786259541687e-03
7.575757575757575968e-03
7.575757575757575968e-03
7.575757575757575968e-03
7.575757575757575968e-03
7.575757575757575968e-03
7.633587786259541687e-03
7.692307692307692735e-03
7.575757575757575968e-03
7.633587786259541687e-03
7.692307692307692735e-03
7.575757575757575968e-03
7.575757575757575968e-03
7.575757575757575968e-03
7.633587786259541687e-03
7.575757575757575968e-03
7.575757575757575968e-03
7.575757575757575968e-03
7.692307692307692735e-03
7.575757575757575968e-03
7.692307692307692735e-03
7.633587786259541687e-03
7.575757575757575968e-03
7.633587786259541687e-03
7.812500000000000000e-03
7.692307692307692735e-03
7.633587786259541687e-03
7.575757575757575968e-03
7.751937984496123923e-03
7.633587786259541687e-03
7.575757575757575968e-03
7.692307692307692735e-03
7.751937984496123923e-03
7.575757575757575968e-03
7.575757575757575968e-03
7.692307692307692735e-03
7.575757575757575968e-03
7.874015748031495954e-03
7.575757575757575968e-03
7.751937984496123923e-03
7.874015748031495954e-03
7.575757575757575968e-03
7.812500000000000000e-03
7.633587786259541687e-03
7.692307692307692735e-03
7.874015748031495954e-03
7.812500000000000000e-03
7.633587786259541687e-03
7.692307692307692735e-03
7.575757575757575968e-03
7.692307692307692735e-03
8.403361344537814762e-03
7.575757575757575968e-03
7.575757575757575968e-03
7.812500000000000000e-03
7.874015748031495954e-03
7.575757575757575968e-03
7.633587786259541687e-03
8.620689655172413673e-03
7.874015748031495954e-03
7.633587786259541687e-03
7.575757575757575968e-03
7.633587786259541687e-03
7.692307692307692735e-03
7.633587786259541687e-03
7.751937984496123923e-03
7.575757575757575968e-03
7.874015748031495954e-03
7.633587786259541687e-03
7.692307692307692735e-03
7.575757575757575968e-03
7.692307692307692735e-03
7.633587786259541687e-03
7.874015748031495954e-03
7.874015748031495954e-03
7.751937984496123923e-03
7.936507936507936067e-03
7.633587786259541687e-03
7.936507936507936067e-03
7.633587786259541687e-03
1.098901098901098987e-02
7.874015748031495954e-03
9.900990099009901110e-03
7.692307692307692735e-03
1.162790697674418589e-02
7.575757575757575968e-03
7.575757575757575968e-03
7.575757575757575968e-03
7.633587786259541687e-03
7.751937984496123923e-03
7.812500000000000000e-03
7.633587786259541687e-03
7.874015748031495954e-03
7.633587786259541687e-03
7.575757575757575968e-03
7.633587786259541687e-03
7.575757575757575968e-03
7.692307692307692735e-03
8.474576271186440649e-03
7.751937984496123923e-03
7.575757575757575968e-03
8.547008547008547868e-03
7.751937984496123923e-03
9.433962264150943036e-03
