6.896551724137930939e-03
6.944444444444444059e-03
7.874015748031495954e-03
6.756756756756757132e-03
6.711409395973154217e-03
7.042253521126760722e-03
6.802721088435373896e-03
6.711409395973154217e-03
6.711409395973154217e-03
6.711409395973154217e-03
6.802721088435373896e-03
6.802721088435373896e-03
6.711409395973154217e-03
7.042253521126760722e-03
6.944444444444444059e-03
7.092198581560283516e-03
6.802721088435373896e-03
6.802721088435373896e-03
6.802721088435373896e-03
6.802721088435373896e-03
6.802721088435373896e-03
6.711409395973154217e-03
6.711409395973154217e-03
6.802721088435373896e-03
6.993006993006993001e-03
6.993006993006993001e-03
6.993006993006993001e-03
7.142857142857142634e-03
6.849315068493150305e-03
6.756756756756757132e-03
6.711409395973154217e-03
6.802721088435373896e-03
6.711409395973154217e-03
6.711409395973154217e-03
6.849315068493150305e-03
6.896551724137930939e-03
6.756756756756757132e-03
6.849315068493150305e-03
6.896551724137930939e-03
6.711409395973154217e-03
7.692307692307692735e-03
6.711409395973154217e-03
6.711409395973154217e-03
6.802721088435373896e-03
6.802721088435373896e-03
6.944444444444444059e-03
6.711409395973154217e-03
6.849315068493150305e-03
6.944444444444444059e-03
6.896551724137930939e-03
6.849315068493150305e-03
6.711409395973154217e-03
7.246376811594202987e-03
6.849315068493150305e-03
6.993006993006993001e-03
6.849315068493150305e-03
7.042253521126760722e-03
6.711409395973154217e-03
6.944444444444444059e-03
6.849315068493150305e-03
6.944444444444444059e-03
8.000000000000000167e-03
6.896551724137930939e-03
6.944444444444444059e-03
6.993006993006993001e-03
6.802721088435373896e-03
6.849315068493150305e-03
7.633587786259541687e-03
6.993006993006993001e-03
6.993006993006993001e-03
6.802721088435373896e-03
6.896551724137930939e-03
7.246376811594202987e-03
7.518796992481202590e-03
6.993006993006993001e-03
6.802721088435373896e-03
6.849315068493150305e-03
7.575757575757575968e-03
7.042253521126760722e-03
6.993006993006993001e-03
7.042253521126760722e-03
6.993006993006993001e-03
7.633587786259541687e-03
6.849315068493150305e-03
6.849315068493150305e-03
8.064516129032257841e-03
6.711409395973154217e-03
6.711409395973154217e-03
7.142857142857142634e-03
6.993006993006993001e-03
6.944444444444444059e-03
7.575757575757575968e-03
6.993006993006993001e-03
6.756756756756757132e-03
6.802721088435373896e-03
8.620689655172413673e-03
6.993006993006993001e-03
6.849315068493150305e-03
6.711409395973154217e-03
6.849315068493150305e-03
6.944444444444444059e-03
6.802721088435373896e-03
6.896551724137930939e-03
6.711409395973154217e-03
7.042253521126760722e-03
6.802721088435373896e-03
6.849315068493150305e-03
6.711409395973154217e-03
6.944444444444444059e-03
6.849315068493150305e-03
7.042253521126760722e-03
7.194244604316547137e-03
6.896551724137930939e-03
7.142857142857142634e-03
6.802721088435373896e-03
7.407407407407407690e-03
6.849315068493150305e-03
6.993006993006993001e-03
7.751937984496123923e-03
9.523809523809524669e-03
7.042253521126760722e-03
9.900990099009901110e-03
6.849315068493150305e-03
2.272727272727272790e-02
1.162790697674418589e-02
7.092198581560283516e-03
6.711409395973154217e-03
6.711409395973154217e-03
6.711409395973154217e-03
6.849315068493150305e-03
6.896551724137930939e-03
6.993006993006993001e-03
6.944444444444444059e-03
7.042253521126760722e-03
6.849315068493150305e-03
6.756756756756757132e-03
6.802721088435373896e-03
6.711409395973154217e-03
6.849315068493150305e-03
7.575757575757575968e-03
6.944444444444444059e-03
6.711409395973154217e-03
7.352941176470588133e-03
1.136363636363636395e-02
8.264462809917355601e-03
8.403361344537814762e-03
7.042253521126760722e-03
9.345794392523363789e-03
8.474576271186440649e-03
