6.711409395973154217e-03
6.756756756756757132e-03
7.194244604316547137e-03
6.578947368421052266e-03
6.369426751592357008e-03
6.993006993006993001e-03
6.211180124223602064e-03
6.329113924050632813e-03
6.493506493506493935e-03
6.451612903225806446e-03
6.578947368421052266e-03
6.451612903225806446e-03
6.451612903225806446e-03
6.493506493506493935e-03
6.756756756756757132e-03
6.993006993006993001e-03
6.711409395973154217e-03
6.622516556291390723e-03
6.578947368421052266e-03
6.578947368421052266e-03
6.578947368421052266e-03
6.329113924050632813e-03
6.535947712418300852e-03
6.535947712418300852e-03
6.802721088435373896e-03
6.802721088435373896e-03
6.451612903225806446e-03
7.042253521126760722e-03
6.622516556291390723e-03
6.451612903225806446e-03
6.493506493506493935e-03
6.622516556291390723e-03
6.711409395973154217e-03
6.451612903225806446e-03
6.666666666666667095e-03
6.711409395973154217e-03
6.535947712418300852e-03
6.622516556291390723e-03
6.711409395973154217e-03
6.410256410256410034e-03
6.993006993006993001e-03
6.369426751592357008e-03
6.622516556291390723e-03
6.250000000000000347e-03
6.578947368421052266e-03
6.896551724137930939e-03
6.578947368421052266e-03
6.329113924050632813e-03
6.944444444444444059e-03
6.756756756756757132e-03
6.756756756756757132e-03
6.410256410256410034e-03
6.756756756756757132e-03
6.622516556291390723e-03
6.896551724137930939e-03
6.329113924050632813e-03
6.944444444444444059e-03
6.369426751592357008e-03
6.802721088435373896e-03
6.578947368421052266e-03
6.896551724137930939e-03
7.407407407407407690e-03
6.756756756756757132e-03
6.802721088435373896e-03
6.993006993006993001e-03
6.578947368421052266e-03
6.369426751592357008e-03
7.092198581560283516e-03
6.993006993006993001e-03
6.535947712418300852e-03
6.802721088435373896e-03
6.369426751592357008e-03
7.194244604316547137e-03
7.518796992481202590e-03
6.896551724137930939e-03
6.289308176100629269e-03
6.250000000000000347e-03
7.042253521126760722e-03
6.493506493506493935e-03
6.896551724137930939e-03
6.993006993006993001e-03
6.802721088435373896e-03
7.042253521126760722e-03
6.802721088435373896e-03
6.289308176100629269e-03
8.064516129032257841e-03
6.410256410256410034e-03
6.451612903225806446e-03
6.666666666666667095e-03
6.369426751592357008e-03
6.756756756756757132e-03
7.142857142857142634e-03
6.578947368421052266e-03
6.493506493506493935e-03
6.289308176100629269e-03
8.620689655172413673e-03
6.369426751592357008e-03
6.622516556291390723e-03
6.451612903225806446e-03
6.756756756756757132e-03
6.896551724137930939e-03
6.250000000000000347e-03
6.329113924050632813e-03
6.369426751592357008e-03
6.666666666666667095e-03
6.250000000000000347e-03
6.289308176100629269e-03
6.410256410256410034e-03
6.802721088435373896e-03
6.666666666666667095e-03
6.666666666666667095e-03
7.042253521126760722e-03
6.535947712418300852e-03
6.578947368421052266e-03
6.329113924050632813e-03
7.352941176470588133e-03
1.666666666666666644e-02
6.289308176100629269e-03
1.492537313432835792e-02
1.234567901234567833e-02
6.410256410256410034e-03
7.692307692307692735e-03
1.449275362318840597e-02
8.547008547008547868e-03
6.666666666666667095e-03
9.900990099009901110e-03
6.369426751592357008e-03
1.666666666666666644e-02
1.960784313725490169e-02
2.040816326530612082e-02
2.272727272727272790e-02
1.162790697674418589e-02
6.493506493506493935e-03
6.250000000000000347e-03
6.493506493506493935e-03
6.622516556291390723e-03
6.756756756756757132e-03
6.369426751592357008e-03
1.162790697674418589e-02
6.849315068493150305e-03
6.849315068493150305e-03
6.410256410256410034e-03
1.111111111111111154e-02
6.711409395973154217e-03
6.578947368421052266e-03
6.622516556291390723e-03
6.622516556291390723e-03
6.250000000000000347e-03
2.083333333333333218e-02
7.042253521126760722e-03
9.090909090909090468e-03
1.785714285714285615e-02
6.369426751592357008e-03
6.369426751592357008e-03
6.849315068493150305e-03
1.010101010101010187e-02
9.174311926605505096e-03
8.064516129032257841e-03
8.196721311475410263e-03
6.896551724137930939e-03
9.345794392523363789e-03
7.812500000000000000e-03
1.351351351351351426e-02
