6.711409395973154217e-03
6.711409395973154217e-03
6.535947712418300852e-03
6.535947712418300852e-03
6.134969325153374377e-03
6.993006993006993001e-03
5.681818181818181976e-03
6.172839506172839164e-03
6.329113924050632813e-03
6.410256410256410034e-03
6.493506493506493935e-03
6.329113924050632813e-03
6.410256410256410034e-03
6.024096385542168988e-03
6.711409395973154217e-03
6.993006993006993001e-03
6.711409395973154217e-03
6.451612903225806446e-03
6.535947712418300852e-03
6.451612903225806446e-03
6.451612903225806446e-03
6.134969325153374377e-03
6.535947712418300852e-03
6.410256410256410034e-03
6.802721088435373896e-03
6.756756756756757132e-03
5.917159763313609329e-03
7.042253521126760722e-03
6.578947368421052266e-03
6.369426751592357008e-03
6.369426751592357008e-03
6.493506493506493935e-03
6.711409395973154217e-03
6.451612903225806446e-03
6.622516556291390723e-03
6.666666666666667095e-03
6.535947712418300852e-03
6.578947368421052266e-03
6.622516556291390723e-03
6.211180124223602064e-03
6.369426751592357008e-03
6.289308176100629269e-03
6.622516556291390723e-03
5.714285714285714281e-03
6.535947712418300852e-03
6.896551724137930939e-03
6.578947368421052266e-03
5.882352941176470507e-03
6.944444444444444059e-03
6.666666666666667095e-03
6.756756756756757132e-03
6.369426751592357008e-03
6.369426751592357008e-03
6.578947368421052266e-03
6.849315068493150305e-03
5.882352941176470507e-03
6.896551724137930939e-03
6.134969325153374377e-03
6.756756756756757132e-03
6.451612903225806446e-03
6.896551724137930939e-03
6.802721088435373896e-03
6.711409395973154217e-03
6.711409395973154217e-03
6.993006993006993001e-03
6.535947712418300852e-03
5.988023952095808747e-03
6.666666666666667095e-03
6.993006993006993001e-03
6.134969325153374377e-03
6.802721088435373896e-03
5.917159763313609329e-03
7.142857142857142634e-03
7.518796992481202590e-03
6.849315068493150305e-03
5.747126436781609116e-03
5.747126436781609116e-03
6.493506493506493935e-03
6.211180124223602064e-03
6.849315068493150305e-03
6.993006993006993001e-03
6.756756756756757132e-03
6.493506493506493935e-03
6.802721088435373896e-03
5.988023952095808747e-03
2.083333333333333218e-02
8.064516129032257841e-03
6.329113924050632813e-03
6.410256410256410034e-03
6.289308176100629269e-03
5.847953216374268681e-03
6.711409395973154217e-03
6.711409395973154217e-03
6.172839506172839164e-03
6.329113924050632813e-03
5.780346820809248269e-03
8.620689655172413673e-03
5.847953216374268681e-03
6.535947712418300852e-03
6.289308176100629269e-03
6.622516556291390723e-03
6.849315068493150305e-03
5.780346820809248269e-03
5.813953488372092943e-03
6.329113924050632813e-03
6.535947712418300852e-03
5.714285714285714281e-03
5.882352941176470507e-03
6.329113924050632813e-03
6.756756756756757132e-03
6.535947712418300852e-03
6.535947712418300852e-03
7.042253521126760722e-03
6.250000000000000347e-03
6.097560975609756309e-03
6.024096385542168988e-03
7.352941176470588133e-03
1.408450704225352144e-02
5.847953216374268681e-03
1.388888888888888812e-02
1.086956521739130405e-02
5.917159763313609329e-03
7.692307692307692735e-02
7.692307692307692735e-03
1.265822784810126563e-02
1.449275362318840597e-02
7.812500000000000000e-03
6.535947712418300852e-03
9.900990099009901110e-03
1.851851851851851749e-02
1.562500000000000000e-02
6.172839506172839164e-03
1.818181818181818094e-02
5.263157894736841813e-02
1.408450704225352144e-02
1.388888888888888812e-02
1.639344262295082053e-02
2.040816326530612082e-02
2.272727272727272790e-02
3.225806451612903136e-02
2.000000000000000042e-02
1.162790697674418589e-02
3.333333333333333148e-01
5.952380952380952051e-03
6.172839506172839164e-03
6.493506493506493935e-03
6.622516556291390723e-03
6.711409395973154217e-03
5.952380952380952051e-03
1.162790697674418589e-02
6.802721088435373896e-03
6.849315068493150305e-03
5.882352941176470507e-03
1.111111111111111154e-02
6.666666666666667095e-03
6.578947368421052266e-03
6.622516556291390723e-03
2.777777777777777624e-02
6.622516556291390723e-03
5.780346820809248269e-03
1.851851851851851749e-02
2.083333333333333218e-02
6.578947368421052266e-03
1.694915254237288130e-02
8.403361344537814762e-03
1.666666666666666644e-02
1.111111111111111154e-02
1.612903225806451568e-02
5.882352941176470507e-03
6.097560975609756309e-03
6.329113924050632813e-03
9.090909090909090468e-03
8.771929824561403022e-03
8.064516129032257841e-03
8.130081300813008990e-03
6.849315068493150305e-03
9.259259259259258745e-03
7.407407407407407690e-03
1.960784313725490169e-02
8.333333333333332871e-02
1.315789473684210453e-02
3.571428571428571230e-02
