1.785714285714285615e-02
1.785714285714285615e-02
1.785714285714285615e-02
1.785714285714285615e-02
1.785714285714285615e-02
1.785714285714285615e-02
1.785714285714285615e-02
1.785714285714285615e-02
1.785714285714285615e-02
1.785714285714285615e-02
1.785714285714285615e-02
1.785714285714285615e-02
1.785714285714285615e-02
1.785714285714285615e-02
1.785714285714285615e-02
1.785714285714285615e-02
1.785714285714285615e-02
1.785714285714285615e-02
1.785714285714285615e-02
1.785714285714285615e-02
1.785714285714285615e-02
1.785714285714285615e-02
1.785714285714285615e-02
1.785714285714285615e-02
1.785714285714285615e-02
1.785714285714285615e-02
1.785714285714285615e-02
1.785714285714285615e-02
1.785714285714285615e-02
1.785714285714285615e-02
1.785714285714285615e-02
1.785714285714285615e-02
1.785714285714285615e-02
1.785714285714285615e-02
1.785714285714285615e-02
1.785714285714285615e-02
1.785714285714285615e-02
1.785714285714285615e-02
1.785714285714285615e-02
1.785714285714285615e-02
1.785714285714285615e-02
1.785714285714285615e-02
1.785714285714285615e-02
1.785714285714285615e-02
1.785714285714285615e-02
1.785714285714285615e-02
5.000000000000000000e-01
1.785714285714285615e-02
1.785714285714285615e-02
1.785714285714285615e-02
1.000000000000000000e+00
1.785714285714285615e-02
1.818181818181818094e-02
1.818181818181818094e-02
2.564102564102564014e-02
1.818181818181818094e-02
2.564102564102564014e-02
1.818181818181818094e-02
1.818181818181818094e-02
2.564102564102564014e-02
1.818181818181818094e-02
2.564102564102564014e-02
1.818181818181818094e-02
1.818181818181818094e-02
2.564102564102564014e-02
1.818181818181818094e-02
1.851851851851851749e-02
1.785714285714285615e-02
1.818181818181818094e-02
1.851851851851851749e-02
2.564102564102564014e-02
1.818181818181818094e-02
2.564102564102564014e-02
1.818181818181818094e-02
2.564102564102564014e-02
2.564102564102564014e-02
1.818181818181818094e-02
1.818181818181818094e-02
2.564102564102564014e-02
1.818181818181818094e-02
2.564102564102564014e-02
2.564102564102564014e-02
1.818181818181818094e-02
2.564102564102564014e-02
2.564102564102564014e-02
1.818181818181818094e-02
2.564102564102564014e-02
1.851851851851851749e-02
1.818181818181818094e-02
2.564102564102564014e-02
1.818181818181818094e-02
1.000000000000000000e+00
2.500000000000000000e-01
1.818181818181818094e-02
1.818181818181818094e-02
1.818181818181818094e-02
1.818181818181818094e-02
1.886792452830188607e-02
2.564102564102564014e-02
1.666666666666666574e-01
1.818181818181818094e-02
1.666666666666666574e-01
5.000000000000000000e-01
2.500000000000000000e-01
1.666666666666666574e-01
2.500000000000000000e-01
1.851851851851851749e-02
2.564102564102564014e-02
1.666666666666666574e-01
1.851851851851851749e-02
2.564102564102564014e-02
1.818181818181818094e-02
1.851851851851851749e-02
5.000000000000000000e-01
1.818181818181818094e-02
2.564102564102564014e-02
1.785714285714285615e-02
2.564102564102564014e-02
1.818181818181818094e-02
1.851851851851851749e-02
1.818181818181818094e-02
1.818181818181818094e-02
2.564102564102564014e-02
1.851851851851851749e-02
2.564102564102564014e-02
2.564102564102564014e-02
1.818181818181818094e-02
2.564102564102564014e-02
1.818181818181818094e-02
1.785714285714285615e-02
1.818181818181818094e-02
2.564102564102564014e-02
2.564102564102564014e-02
1.818181818181818094e-02
2.564102564102564014e-02
1.785714285714285615e-02
1.818181818181818094e-02
2.564102564102564014e-02
1.851851851851851749e-02
1.818181818181818094e-02
2.564102564102564014e-02
1.818181818181818094e-02
2.564102564102564014e-02
1.851851851851851749e-02
1.785714285714285615e-02
1.818181818181818094e-02
1.666666666666666574e-01
1.818181818181818094e-02
1.851851851851851749e-02
1.818181818181818094e-02
2.564102564102564014e-02
1.000000000000000000e+00
2.564102564102564014e-02
2.500000000000000000e-01
2.564102564102564014e-02
1.785714285714285615e-02
1.666666666666666574e-01
3.333333333333333148e-01
1.851851851851851749e-02
2.500000000000000139e-02
1.818181818181818094e-02
2.564102564102564014e-02
3.333333333333333148e-01
1.818181818181818094e-02
2.564102564102564014e-02
2.564102564102564014e-02
2.325581395348837177e-02
1.000000000000000000e+00
6.711409395973154217e-03
6.711409395973154217e-03
6.666666666666666574e-02
6.493506493506493935e-03
6.535947712418300852e-03
6.134969325153374377e-03
6.993006993006993001e-03
5.464480874316939886e-03
6.134969325153374377e-03
6.329113924050632813e-03
6.666666666666666574e-02
6.410256410256410034e-03
6.451612903225806446e-03
6.666666666666666574e-02
6.666666666666666574e-02
6.329113924050632813e-03
6.410256410256410034e-03
6.024096385542168988e-03
6.711409395973154217e-03
6.993006993006993001e-03
6.711409395973154217e-03
6.451612903225806446e-03
6.666666666666666574e-02
6.493506493506493935e-03
6.451612903225806446e-03
6.410256410256410034e-03
6.134969325153374377e-03
6.535947712418300852e-03
6.369426751592357008e-03
6.802721088435373896e-03
6.756756756756757132e-03
5.882352941176470507e-03
7.042253521126760722e-03
6.535947712418300852e-03
6.329113924050632813e-03
6.666666666666666574e-02
6.369426751592357008e-03
6.493506493506493935e-03
6.711409395973154217e-03
6.451612903225806446e-03
6.622516556291390723e-03
6.666666666666667095e-03
6.535947712418300852e-03
6.535947712418300852e-03
6.666666666666666574e-02
6.622516556291390723e-03
6.211180124223602064e-03
6.666666666666666574e-02
6.289308176100629269e-03
6.289308176100629269e-03
6.622516556291390723e-03
5.617977528089887485e-03
6.493506493506493935e-03
6.896551724137930939e-03
6.578947368421052266e-03
6.666666666666666574e-02
5.780346820809248269e-03
6.944444444444444059e-03
6.666666666666667095e-03
6.756756756756757132e-03
6.369426751592357008e-03
6.666666666666666574e-02
6.369426751592357008e-03
6.578947368421052266e-03
6.849315068493150305e-03
5.780346820809248269e-03
6.896551724137930939e-03
6.134969325153374377e-03
6.756756756756757132e-03
6.451612903225806446e-03
6.896551724137930939e-03
6.666666666666666574e-02
6.802721088435373896e-03
6.711409395973154217e-03
6.711409395973154217e-03
6.666666666666666574e-02
6.993006993006993001e-03
6.535947712418300852e-03
5.917159763313609329e-03
6.622516556291390723e-03
6.993006993006993001e-03
6.024096385542168988e-03
6.802721088435373896e-03
5.813953488372092943e-03
7.142857142857142634e-03
7.518796992481202590e-03
6.849315068493150305e-03
5.649717514124293766e-03
5.681818181818181976e-03
6.451612903225806446e-03
6.172839506172839164e-03
6.849315068493150305e-03
6.993006993006993001e-03
6.756756756756757132e-03
6.451612903225806446e-03
6.802721088435373896e-03
5.882352941176470507e-03
2.083333333333333218e-02
8.064516129032257841e-03
6.329113924050632813e-03
6.410256410256410034e-03
6.289308176100629269e-03
5.747126436781609116e-03
6.666666666666667095e-03
6.666666666666667095e-03
6.097560975609756309e-03
6.329113924050632813e-03
5.747126436781609116e-03
8.620689655172413673e-03
5.747126436781609116e-03
6.535947712418300852e-03
6.289308176100629269e-03
6.666666666666666574e-02
6.622516556291390723e-03
6.849315068493150305e-03
5.747126436781609116e-03
5.747126436781609116e-03
6.329113924050632813e-03
6.493506493506493935e-03
5.681818181818181976e-03
5.847953216374268681e-03
6.329113924050632813e-03
6.711409395973154217e-03
6.535947712418300852e-03
6.493506493506493935e-03
6.993006993006993001e-03
6.211180124223602064e-03
6.024096385542168988e-03
5.952380952380952051e-03
7.352941176470588133e-03
7.142857142857142461e-02
1.369863013698630061e-02
5.847953216374268681e-03
1.369863013698630061e-02
1.063829787234042527e-02
5.882352941176470507e-03
6.666666666666666574e-02
7.692307692307692735e-03
1.234567901234567833e-02
1.408450704225352144e-02
7.633587786259541687e-03
6.493506493506493935e-03
9.900990099009901110e-03
1.785714285714285615e-02
1.515151515151515194e-02
6.134969325153374377e-03
1.754385964912280604e-02
5.263157894736841813e-02
1.369863013698630061e-02
1.333333333333333419e-02
1.587301587301587213e-02
2.040816326530612082e-02
7.142857142857142461e-02
1.000000000000000000e+00
8.333333333333332871e-02
2.272727272727272790e-02
3.225806451612903136e-02
1.250000000000000000e-01
6.666666666666666574e-02
1.000000000000000056e-01
6.666666666666666574e-02
1.960784313725490169e-02
1.428571428571428492e-01
3.030303030303030387e-02
1.428571428571428492e-01
3.333333333333333148e-01
1.250000000000000000e-01
1.428571428571428492e-01
7.142857142857142461e-02
1.250000000000000000e-01
1.250000000000000000e-01
1.162790697674418589e-02
2.000000000000000111e-01
5.000000000000000000e-01
2.000000000000000111e-01
1.666666666666666574e-01
6.250000000000000000e-02
1.000000000000000000e+00
3.333333333333333148e-01
2.000000000000000111e-01
1.666666666666666574e-01
1.666666666666666574e-01
1.666666666666666574e-01
1.666666666666666574e-01
3.333333333333333148e-01
2.000000000000000111e-01
3.333333333333333148e-01
2.000000000000000111e-01
9.090909090909091161e-02
1.000000000000000000e+00
1.666666666666666574e-01
1.666666666666666574e-01
4.347826086956521618e-02
1.428571428571428492e-01
1.000000000000000000e+00
1.666666666666666574e-01
1.111111111111111049e-01
9.090909090909091161e-02
1.666666666666666574e-01
5.000000000000000000e-01
8.333333333333332871e-02
1.000000000000000000e+00
1.428571428571428492e-01
5.000000000000000000e-01
1.666666666666666574e-01
1.000000000000000000e+00
8.333333333333332871e-02
4.761904761904761640e-02
2.000000000000000111e-01
2.222222222222222307e-02
3.333333333333333148e-01
2.500000000000000139e-02
2.500000000000000139e-02
8.333333333333332871e-02
8.333333333333332871e-02
2.000000000000000111e-01
2.380952380952380820e-02
2.380952380952380820e-02
2.380952380952380820e-02
9.090909090909091161e-02
4.545454545454545581e-02
5.000000000000000000e-01
3.333333333333333148e-01
4.000000000000000083e-02
3.333333333333333148e-01
2.272727272727272790e-02
3.333333333333333148e-01
2.173913043478260809e-02
2.500000000000000000e-01
2.173913043478260809e-02
3.333333333333333148e-01
2.272727272727272790e-02
3.333333333333333148e-01
2.272727272727272790e-02
2.173913043478260809e-02
2.127659574468085055e-02
2.564102564102564014e-02
2.500000000000000000e-01
2.173913043478260809e-02
2.272727272727272790e-02
2.222222222222222307e-02
2.127659574468085055e-02
2.380952380952380820e-02
2.564102564102564014e-02
2.222222222222222307e-02
5.847953216374268681e-03
2.702702702702702853e-02
1.000000000000000000e+00
2.380952380952380820e-02
2.173913043478260809e-02
2.777777777777777624e-02
2.325581395348837177e-02
3.846153846153846367e-02
6.172839506172839164e-03
1.000000000000000000e+00
1.000000000000000000e+00
5.000000000000000000e-01
2.380952380952380820e-02
6.493506493506493935e-03
6.622516556291390723e-03
6.711409395973154217e-03
2.222222222222222307e-02
2.000000000000000111e-01
1.000000000000000000e+00
5.917159763313609329e-03
2.000000000000000111e-01
2.439024390243902524e-02
9.090909090909091161e-02
1.666666666666666574e-01
2.000000000000000111e-01
1.666666666666666574e-01
5.000000000000000000e-01
5.000000000000000000e-01
3.333333333333333287e-02
2.173913043478260809e-02
5.000000000000000000e-01
5.000000000000000000e-01
6.666666666666666574e-02
2.439024390243902524e-02
5.000000000000000000e-01
1.162790697674418589e-02
6.802721088435373896e-03
6.849315068493150305e-03
5.747126436781609116e-03
1.111111111111111154e-02
1.000000000000000000e+00
1.000000000000000000e+00
6.622516556291390723e-03
5.000000000000000000e-01
6.578947368421052266e-03
3.448275862068965469e-02
3.333333333333333148e-01
1.000000000000000000e+00
5.000000000000000000e-01
2.439024390243902524e-02
6.622516556291390723e-03
2.777777777777777624e-02
6.622516556291390723e-03
3.448275862068965469e-02
5.714285714285714281e-03
1.851851851851851749e-02
2.040816326530612082e-02
3.333333333333333287e-02
6.578947368421052266e-03
1.587301587301587213e-02
8.000000000000000167e-03
7.142857142857142461e-02
1.562500000000000000e-02
1.666666666666666574e-01
1.098901098901098987e-02
1.587301587301587213e-02
5.882352941176470507e-03
6.097560975609756309e-03
6.329113924050632813e-03
2.439024390243902524e-02
9.009009009009008931e-03
8.695652173913043584e-03
8.064516129032257841e-03
1.886792452830188607e-02
8.130081300813008990e-03
1.886792452830188607e-02
1.960784313725490169e-02
1.886792452830188607e-02
1.886792452830188607e-02
1.886792452830188607e-02
1.886792452830188607e-02
1.886792452830188607e-02
1.886792452830188607e-02
6.849315068493150305e-03
1.886792452830188607e-02
6.666666666666666574e-02
1.960784313725490169e-02
1.886792452830188607e-02
9.259259259259258745e-03
7.407407407407407690e-03
1.886792452830188607e-02
1.886792452830188607e-02
1.886792452830188607e-02
1.886792452830188607e-02
1.886792452830188607e-02
1.886792452830188607e-02
1.886792452830188607e-02
1.886792452830188607e-02
1.886792452830188607e-02
1.886792452830188607e-02
1.000000000000000000e+00
1.886792452830188607e-02
1.886792452830188607e-02
1.886792452830188607e-02
1.886792452830188607e-02
1.886792452830188607e-02
1.886792452830188607e-02
1.886792452830188607e-02
1.886792452830188607e-02
1.886792452830188607e-02
1.886792452830188607e-02
1.886792452830188607e-02
1.886792452830188607e-02
1.886792452830188607e-02
1.886792452830188607e-02
1.886792452830188607e-02
2.000000000000000111e-01
1.886792452830188607e-02
1.886792452830188607e-02
1.886792452830188607e-02
1.886792452830188607e-02
1.886792452830188607e-02
1.886792452830188607e-02
1.886792452830188607e-02
1.886792452830188607e-02
1.851851851851851749e-02
1.886792452830188607e-02
2.000000000000000111e-01
2.000000000000000111e-01
1.886792452830188607e-02
2.000000000000000111e-01
1.886792452830188607e-02
2.000000000000000111e-01
1.923076923076923184e-02
2.000000000000000042e-02
1.851851851851851749e-02
1.000000000000000000e+00
4.347826086956521618e-02
2.500000000000000000e-01
4.000000000000000083e-02
4.347826086956521618e-02
4.000000000000000083e-02
8.333333333333332871e-02
7.692307692307692735e-02
1.315789473684210453e-02
1.000000000000000000e+00
4.000000000000000083e-02
1.000000000000000000e+00
5.000000000000000000e-01
3.333333333333333148e-01
1.000000000000000000e+00
4.166666666666666435e-02
1.923076923076923184e-02
2.000000000000000042e-02
4.000000000000000083e-02
4.000000000000000083e-02
4.000000000000000083e-02
4.166666666666666435e-02
4.166666666666666435e-02
4.347826086956521618e-02
1.000000000000000000e+00
4.347826086956521618e-02
3.571428571428571230e-02
7.692307692307692735e-02
4.347826086956521618e-02
4.000000000000000083e-02
4.347826086956521618e-02
4.347826086956521618e-02
4.000000000000000083e-02
1.000000000000000000e+00
4.000000000000000083e-02
4.347826086956521618e-02
4.347826086956521618e-02
4.166666666666666435e-02
4.000000000000000083e-02
1.000000000000000000e+00
1.000000000000000000e+00
5.000000000000000000e-01
5.000000000000000000e-01
2.439024390243902524e-02
2.439024390243902524e-02
2.439024390243902524e-02
2.380952380952380820e-02
2.222222222222222307e-02
2.631578947368420907e-02
2.439024390243902524e-02
