5.812690000000000357e-01
2.688119999999999954e-01
1.084445000000000103e+00
2.277490000000000070e-01
2.717419999999999836e-01
1.658040000000000069e-01
2.075380000000000003e-01
2.424290000000000056e-01
5.672770000000000312e-01
3.988530000000000131e-01
8.273409999999999931e-01
3.279420000000000113e-01
4.221460000000000212e-01
3.236149999999999860e-01
2.416339999999999877e-01
3.660249999999999893e-01
2.100940000000000030e-01
5.679959999999999454e-01
5.151299999999999768e-01
7.604140000000000343e-01
8.145550000000000290e-01
9.646810000000000107e-01
9.104989999999999473e-01
8.271770000000000511e-01
1.516725000000000101e+00
8.943940000000000223e-01
9.886660000000000448e-01
1.044998000000000093e+00
9.897839999999999971e-01
1.061490999999999962e+00
1.142309000000000019e+00
9.650490000000000457e-01
1.042880999999999947e+00
3.051180000000000003e-01
4.864009999999999723e-01
2.512229999999999741e-01
7.521339999999999693e-01
5.272000000000000020e-01
4.484600000000000253e-01
3.096639999999999948e-01
3.486239999999999895e-01
5.561890000000000445e-01
2.483199999999999991e-02
7.772400000000000142e-02
7.629700000000000371e-02
9.266299999999999537e-02
4.873859999999999859e-01
1.112210000000000004e-01
1.041300000000000003e-01
1.921930000000000027e-01
4.956749999999999767e-01
1.317981000000000069e+00
1.233934000000000086e+00
2.099318999999999935e+00
2.541979999999999795e-01
3.716030000000000166e-01
6.152900000000000036e-01
1.052192999999999934e+00
1.063714000000000048e+00
8.994680000000000453e-01
1.876009999999999900e-01
9.040249999999999675e-01
2.207094000000000111e+00
9.819449999999999568e-01
3.588529999999999776e-01
6.646779999999999911e-01
1.102559999999999985e+00
7.223829999999999973e-01
1.372679999999999900e+00
1.243033000000000055e+00
8.383880000000000221e-01
8.511739999999999862e-01
5.689950000000000285e-01
8.917760000000000131e-01
3.319630000000000081e-01
4.751679999999999793e-01
1.137190000000000006e-01
5.815200000000000230e-02
8.330290000000000195e-01
2.040907999999999944e+00
4.494909999999999739e-01
1.033450000000000063e-01
6.802249999999999686e-01
8.217179999999999485e-01
5.296220000000000372e-01
6.366990000000000149e-01
9.702990000000000226e-01
7.325610000000000177e-01
9.111700000000000355e-01
6.881559999999999899e-01
8.230659999999999643e-01
6.126700000000000201e-02
9.171960000000000113e-01
8.998199999999999532e-01
7.907030000000000447e-01
3.314320000000000044e-01
5.518450000000000299e-01
6.589840000000000142e-01
4.288330000000000197e-01
8.495600000000000374e-02
7.054129999999999567e-01
4.709430000000000005e-01
3.887880000000000225e-01
8.738799999999999346e-02
4.921150000000000246e-01
5.282270000000000021e-01
8.672889999999999766e-01
1.486005000000000020e+00
2.789010000000000100e-01
7.253500000000000503e-01
4.540540000000000131e-01
1.104198000000000013e+00
8.147940000000000182e-01
1.192180000000000017e+00
1.416064999999999907e+00
1.888501999999999903e+00
7.169910000000000450e-01
6.920279999999999765e-01
1.090486000000000066e+00
1.743020000000000014e+00
7.271349999999999758e-01
1.491711000000000009e+00
1.098956000000000044e+00
1.199467999999999979e+00
1.010613999999999901e+00
9.175740000000000007e-01
1.077889000000000097e+00
4.687049999999999828e-01
9.207790000000000141e-01
1.224847000000000019e+00
1.103066000000000102e+00
8.417350000000000110e-01
4.627550000000000274e-01
8.023360000000000491e-01
1.943979999999999875e-01
1.306861999999999968e+00
9.648989999999999512e-01
1.083782000000000023e+00
9.416639999999999455e-01
1.515227000000000102e+00
2.956630000000000091e-01
3.781050000000000244e-01
4.210220000000000073e-01
4.500160000000000271e-01
3.000539999999999874e-01
5.139550000000000507e-01
3.557210000000000094e-01
4.738829999999999987e-01
1.791949999999999932e-01
4.096999999999999947e-02
1.343553999999999915e+00
6.736429999999999918e-01
7.492419999999999636e-01
6.725330000000000474e-01
9.703559999999999963e-01
5.125809999999999533e-01
5.387420000000000542e-01
2.984450000000000158e-01
1.228770000000000001e-01
7.989119999999999555e-01
1.272774000000000072e+00
2.349040000000000017e-01
1.353131000000000084e+00
2.850059999999999816e-01
2.203457999999999917e+00
9.359150000000000524e-01
5.527800000000000491e-01
6.689300000000000246e-01
3.324599999999999778e-01
9.157180000000000319e-01
1.683243000000000045e+00
9.867789999999999617e-01
1.020529999999999937e+00
1.498534000000000033e+00
6.333039999999999781e-01
1.372246000000000077e+00
8.908869999999999845e-01
1.324683999999999973e+00
8.248450000000000504e-01
9.928850000000000176e-01
8.670069999999999721e-01
9.096400000000000319e-02
5.744900000000000007e-02
1.535829999999999973e-01
2.270989999999999953e-01
5.836000000000000215e-02
1.801270000000000093e-01
7.956299999999999484e-02
6.234499999999999764e-02
1.133936000000000055e+00
1.165556999999999954e+00
2.702898999999999941e+00
7.407730000000000148e-01
3.301029999999999798e-01
1.094549999999999967e-01
6.403079999999999883e-01
2.448750000000000093e-01
7.231990000000000363e-01
2.180370000000000086e-01
3.542270000000000141e-01
1.911049999999999971e-01
1.769479999999999942e-01
5.663869999999999738e-01
1.133590000000000014e-01
8.087199999999999944e-02
1.183329999999999937e-01
1.923249999999999960e-01
3.419099999999999917e-02
1.722440000000000082e-01
6.060700000000000115e-02
6.928819999999999979e-01
8.414810000000000345e-01
8.990129999999999511e-01
6.938199999999999923e-01
1.079320000000000057e+00
1.494868000000000086e+00
9.759489999999999554e-01
9.613800000000000123e-01
1.333777999999999908e+00
2.828840000000000243e-01
7.614199999999999857e-01
9.976949999999999985e-01
9.835890000000000466e-01
7.353939999999999921e-01
1.029292000000000096e+00
1.802302999999999988e+00
1.853620999999999963e+00
1.316200999999999954e+00
1.237290999999999919e+00
1.138576000000000032e+00
1.165942999999999952e+00
1.460186999999999902e+00
2.430657000000000068e+00
1.198836000000000013e+00
1.717222999999999944e+00
1.942447999999999952e+00
1.660780000000000034e-01
1.617696999999999941e+00
3.159292000000000211e+00
1.095356999999999914e+00
1.473870000000000013e+00
1.031892000000000031e+00
1.042075000000000085e+00
2.107999999999999874e-01
1.622560000000000113e-01
5.749800000000000466e-01
2.118778999999999968e+00
3.939830000000000276e-01
1.733719999999999983e-01
9.319900000000000406e-02
2.280923000000000034e+00
2.751759999999999762e-01
5.577889999999999793e-01
7.771169999999999467e-01
1.177969999999999989e-01
1.024076999999999904e+00
6.766079999999999872e-01
3.407810000000000006e-01
6.922509999999999497e-01
7.679859999999999465e-01
8.998279999999999612e-01
6.620369999999999866e-01
1.888569999999999971e-01
7.603990000000000471e-01
1.261573000000000055e+00
4.812690000000000023e-01
9.228999999999999704e-02
8.372000000000000275e-02
4.571470000000000256e-01
3.279520000000000213e-01
3.834469999999999823e-01
1.653310000000000057e-01
2.034700000000000120e-01
3.801820000000000199e-01
1.436760000000000037e+00
2.071379999999999888e-01
6.889129999999999976e-01
4.398500000000000187e-01
5.333590000000000275e-01
9.473629999999999551e-01
4.541729999999999934e-01
6.555640000000000356e-01
8.963759999999999506e-01
1.397861000000000020e+00
5.637999999999999678e-01
7.327759999999999829e-01
5.408650000000000402e-01
1.268604999999999983e+00
4.332799999999999846e-02
7.952919999999999989e-01
1.368044999999999956e+00
6.938330000000000330e-01
9.248260000000000369e-01
8.965140000000000331e-01
7.042530000000000179e-01
2.546350000000000002e-01
3.502069999999999905e-01
3.370560000000000223e-01
6.983960000000000168e-01
7.608260000000000023e-01
5.382919999999999927e-01
3.858909999999999840e-01
4.991249999999999853e-01
5.344969999999999999e-01
3.867689999999999739e-01
6.388139999999999930e-01
6.171820000000000084e-01
5.578999999999999931e-02
8.686099999999999377e-02
6.904799999999999827e-02
4.190800000000000081e-02
2.409449999999999925e-01
6.749800000000000244e-02
1.573680000000000079e-01
1.386610000000000065e-01
1.505229999999999901e-01
1.240269999999999984e-01
6.189499999999999863e-02
1.678600000000000092e-01
