4 12 0 5 18 3 10 0 8 16 15 15 5 13 14 19 4 9 11 6 7 2 13 16 16 16 18 13 2 12 14
6 12 0 5 18 3 10 0 8 16 15 15 5 13 14 19 4 9 11 6 7 2 13 16 16 16 18 13 2 12 14
10 12 0 5 18 3 10 0 8 16 15 15 5 13 14 19 4 9 11 6 7 2 13 16 16 16 18 13 2 12 14
13 12 0 5 18 3 10 0 8 16 15 15 5 13 14 19 4 9 11 6 7 2 13 16 16 16 18 13 2 12 14
12 12 0 5 18 3 10 0 8 16 15 15 5 13 14 19 4 9 11 6 7 2 13 16 16 16 18 13 2 12 14
14 12 0 5 18 3 10 0 8 16 15 15 5 13 14 19 4 9 11 6 7 2 13 16 16 16 18 13 2 12 14
16 12 0 5 18 3 10 0 8 16 15 15 5 13 14 19 4 9 11 6 7 2 13 16 16 16 18 13 2 12 14
18 12 0 5 18 3 10 0 8 16 15 15 5 13 14 19 4 9 11 6 7 2 13 16 16 16 18 13 2 12 14
17 12 0 5 18 3 10 0 8 16 15 15 5 13 14 19 4 9 11 6 7 2 13 16 16 16 18 13 2 12 14
9 0 0 5 18 3 10 0 8 16 15 15 5 13 14 19 4 9 11 6 7 2 13 16 16 16 18 13 2 12 14
9 5 0 5 18 3 10 0 8 16 15 15 5 13 14 19 4 9 11 6 7 2 13 16 16 16 18 13 2 12 14
9 9 0 5 18 3 10 0 8 16 15 15 5 13 14 19 4 9 11 6 7 2 13 16 16 16 18 13 2 12 14
9 13 0 5 18 3 10 0 8 16 15 15 5 13 14 19 4 9 11 6 7 2 13 16 16 16 18 13 2 12 14
9 15 0 5 18 3 10 0 8 16 15 15 5 13 14 19 4 9 11 6 7 2 13 16 16 16 18 13 2 12 14
9 14 0 5 18 3 10 0 8 16 15 15 5 13 14 19 4 9 11 6 7 2 13 16 16 16 18 13 2 12 14
9 16 0 5 18 3 10 0 8 16 15 15 5 13 14 19 4 9 11 6 7 2 13 16 16 16 18 13 2 12 14
9 17 0 5 18 3 10 0 8 16 15 15 5 13 14 19 4 9 11 6 7 2 13 16 16 16 18 13 2 12 14
9 12 1 5 18 3 10 0 8 16 15 15 5 13 14 19 4 9 11 6 7 2 13 16 16 16 18 13 2 12 14
9 12 3 5 18 3 10 0 8 16 15 15 5 13 14 19 4 9 11 6 7 2 13 16 16 16 18 13 2 12 14
9 12 2 5 18 3 10 0 8 16 15 15 5 13 14 19 4 9 11 6 7 2 13 16 16 16 18 13 2 12 14
9 12 5 5 18 3 10 0 8 16 15 15 5 13 14 19 4 9 11 6 7 2 13 16 16 16 18 13 2 12 14
9 12 4 5 18 3 10 0 8 16 15 15 5 13 14 19 4 9 11 6 7 2 13 16 16 16 18 13 2 12 14
9 12 7 5 18 3 10 0 8 16 15 15 5 13 14 19 4 9 11 6 7 2 13 16 16 16 18 13 2 12 14
9 12 6 5 18 3 10 0 8 16 15 15 5 13 14 19 4 9 11 6 7 2 13 16 16 16 18 13 2 12 14
9 12 9 5 18 3 10 0 8 16 15 15 5 13 14 19 4 9 11 6 7 2 13 16 16 16 18 13 2 12 14
9 12 11 5 18 3 10 0 8 16 15 15 5 13 14 19 4 9 11 6 7 2 13 16 16 16 18 13 2 12 14
9 12 13 5 18 3 10 0 8 16 15 15 5 13 14 19 4 9 11 6 7 2 13 16 16 16 18 13 2 12 14
9 12 12 5 18 3 10 0 8 16 15 15 5 13 14 19 4 9 11 6 7 2 13 16 16 16 18 13 2 12 14
9 12 15 5 18 3 10 0 8 16 15 15 5 13 14 19 4 9 11 6 7 2 13 16 16 16 18 13 2 12 14
9 12 14 5 18 3 10 0 8 16 15 15 5 13 14 19 4 9 11 6 7 2 13 16 16 16 18 13 2 12 14
9 12 16 5 18 3 10 0 8 16 15 15 5 13 14 19 4 9 11 6 7 2 13 16 16 16 18 13 2 12 14
9 12 17 5 18 3 10 0 8 16 15 15 5 13 14 19 4 9 11 6 7 2 13 16 16 16 18 13 2 12 14
9 12 19 5 18 3 10 0 8 16 15 15 5 13 14 19 4 9 11 6 7 2 13 16 16 16 18 13 2 12 14
9 12 0 0 18 3 10 0 8 16 15 15 5 13 14 19 4 9 11 6 7 2 13 16 16 16 18 13 2 12 14
9 12 0 1 18 3 10 0 8 16 15 15 5 13 14 19 4 9 11 6 7 2 13 16 16 16 18 13 2 12 14
9 12 0 2 18 3 10 0 8 16 15 15 5 13 14 19 4 9 11 6 7 2 13 16 16 16 18 13 2 12 14
9 12 0 4 18 3 10 0 8 16 15 15 5 13 14 19 4 9 11 6 7 2 13 16 16 16 18 13 2 12 14
9 12 0 6 18 3 10 0 8 16 15 15 5 13 14 19 4 9 11 6 7 2 13 16 16 16 18 13 2 12 14
9 12 0 11 18 3 10 0 8 16 15 15 5 13 14 19 4 9 11 6 7 2 13 16 16 16 18 13 2 12 14
9 12 0 12 18 3 10 0 8 16 15 15 5 13 14 19 4 9 11 6 7 2 13 16 16 16 18 13 2 12 14
9 12 0 15 18 3 10 0 8 16 15 15 5 13 14 19 4 9 11 6 7 2 13 16 16 16 18 13 2 12 14
9 12 0 14 18 3 10 0 8 16 15 15 5 13 14 19 4 9 11 6 7 2 13 16 16 16 18 13 2 12 14
9 12 0 16 18 3 10 0 8 16 15 15 5 13 14 19 4 9 11 6 7 2 13 16 16 16 18 13 2 12 14
9 12 0 17 18 3 10 0 8 16 15 15 5 13 14 19 4 9 11 6 7 2 13 16 16 16 18 13 2 12 14
9 12 0 5 1 3 10 0 8 16 15 15 5 13 14 19 4 9 11 6 7 2 13 16 16 16 18 13 2 12 14
9 12 0 5 5 3 10 0 8 16 15 15 5 13 14 19 4 9 11 6 7 2 13 16 16 16 18 13 2 12 14
9 12 0 5 4 3 10 0 8 16 15 15 5 13 14 19 4 9 11 6 7 2 13 16 16 16 18 13 2 12 14
9 12 0 5 9 3 10 0 8 16 15 15 5 13 14 19 4 9 11 6 7 2 13 16 16 16 18 13 2 12 14
9 12 0 5 15 3 10 0 8 16 15 15 5 13 14 19 4 9 11 6 7 2 13 16 16 16 18 13 2 12 14
9 12 0 5 14 3 10 0 8 16 15 15 5 13 14 19 4 9 11 6 7 2 13 16 16 16 18 13 2 12 14
9 12 0 5 19 3 10 0 8 16 15 15 5 13 14 19 4 9 11 6 7 2 13 16 16 16 18 13 2 12 14
9 12 0 5 18 0 10 0 8 16 15 15 5 13 14 19 4 9 11 6 7 2 13 16 16 16 18 13 2 12 14
9 12 0 5 18 2 10 0 8 16 15 15 5 13 14 19 4 9 11 6 7 2 13 16 16 16 18 13 2 12 14
9 12 0 5 18 5 10 0 8 16 15 15 5 13 14 19 4 9 11 6 7 2 13 16 16 16 18 13 2 12 14
9 12 0 5 18 6 10 0 8 16 15 15 5 13 14 19 4 9 11 6 7 2 13 16 16 16 18 13 2 12 14
9 12 0 5 18 8 10 0 8 16 15 15 5 13 14 19 4 9 11 6 7 2 13 16 16 16 18 13 2 12 14
9 12 0 5 18 11 10 0 8 16 15 15 5 13 14 19 4 9 11 6 7 2 13 16 16 16 18 13 2 12 14
9 12 0 5 18 13 10 0 8 16 15 15 5 13 14 19 4 9 11 6 7 2 13 16 16 16 18 13 2 12 14
9 12 0 5 18 15 10 0 8 16 15 15 5 13 14 19 4 9 11 6 7 2 13 16 16 16 18 13 2 12 14
9 12 0 5 18 16 10 0 8 16 15 15 5 13 14 19 4 9 11 6 7 2 13 16 16 16 18 13 2 12 14
9 12 0 5 18 17 10 0 8 16 15 15 5 13 14 19 4 9 11 6 7 2 13 16 16 16 18 13 2 12 14
9 12 0 5 18 3 0 0 8 16 15 15 5 13 14 19 4 9 11 6 7 2 13 16 16 16 18 13 2 12 14
9 12 0 5 18 3 3 0 8 16 15 15 5 13 14 19 4 9 11 6 7 2 13 16 16 16 18 13 2 12 14
9 12 0 5 18 3 5 0 8 16 15 15 5 13 14 19 4 9 11 6 7 2 13 16 16 16 18 13 2 12 14
9 12 0 5 18 3 4 0 8 16 15 15 5 13 14 19 4 9 11 6 7 2 13 16 16 16 18 13 2 12 14
9 12 0 5 18 3 7 0 8 16 15 15 5 13 14 19 4 9 11 6 7 2 13 16 16 16 18 13 2 12 14
9 12 0 5 18 3 8 0 8 16 15 15 5 13 14 19 4 9 11 6 7 2 13 16 16 16 18 13 2 12 14
9 12 0 5 18 3 9 0 8 16 15 15 5 13 14 19 4 9 11 6 7 2 13 16 16 16 18 13 2 12 14
9 12 0 5 18 3 13 0 8 16 15 15 5 13 14 19 4 9 11 6 7 2 13 16 16 16 18 13 2 12 14
9 12 0 5 18 3 15 0 8 16 15 15 5 13 14 19 4 9 11 6 7 2 13 16 16 16 18 13 2 12 14
9 12 0 5 18 3 14 0 8 16 15 15 5 13 14 19 4 9 11 6 7 2 13 16 16 16 18 13 2 12 14
9 12 0 5 18 3 16 0 8 16 15 15 5 13 14 19 4 9 11 6 7 2 13 16 16 16 18 13 2 12 14
9 12 0 5 18 3 18 0 8 16 15 15 5 13 14 19 4 9 11 6 7 2 13 16 16 16 18 13 2 12 14
9 12 0 5 18 3 17 0 8 16 15 15 5 13 14 19 4 9 11 6 7 2 13 16 16 16 18 13 2 12 14
9 12 0 5 18 3 10 2 8 16 15 15 5 13 14 19 4 9 11 6 7 2 13 16 16 16 18 13 2 12 14
9 12 0 5 18 3 10 5 8 16 15 15 5 13 14 19 4 9 11 6 7 2 13 16 16 16 18 13 2 12 14
9 12 0 5 18 3 10 7 8 16 15 15 5 13 14 19 4 9 11 6 7 2 13 16 16 16 18 13 2 12 14
9 12 0 5 18 3 10 12 8 16 15 15 5 13 14 19 4 9 11 6 7 2 13 16 16 16 18 13 2 12 14
9 12 0 5 18 3 10 15 8 16 15 15 5 13 14 19 4 9 11 6 7 2 13 16 16 16 18 13 2 12 14
9 12 0 5 18 3 10 14 8 16 15 15 5 13 14 19 4 9 11 6 7 2 13 16 16 16 18 13 2 12 14
9 12 0 5 18 3 10 16 8 16 15 15 5 13 14 19 4 9 11 6 7 2 13 16 16 16 18 13 2 12 14
9 12 0 5 18 3 10 17 8 16 15 15 5 13 14 19 4 9 11 6 7 2 13 16 16 16 18 13 2 12 14
9 12 0 5 18 3 10 0 0 16 15 15 5 13 14 19 4 9 11 6 7 2 13 16 16 16 18 13 2 12 14
9 12 0 5 18 3 10 0 3 16 15 15 5 13 14 19 4 9 11 6 7 2 13 16 16 16 18 13 2 12 14
9 12 0 5 18 3 10 0 2 16 15 15 5 13 14 19 4 9 11 6 7 2 13 16 16 16 18 13 2 12 14
9 12 0 5 18 3 10 0 7 16 15 15 5 13 14 19 4 9 11 6 7 2 13 16 16 16 18 13 2 12 14
9 12 0 5 18 3 10 0 6 16 15 15 5 13 14 19 4 9 11 6 7 2 13 16 16 16 18 13 2 12 14
9 12 0 5 18 3 10 0 10 16 15 15 5 13 14 19 4 9 11 6 7 2 13 16 16 16 18 13 2 12 14
9 12 0 5 18 3 10 0 9 16 15 15 5 13 14 19 4 9 11 6 7 2 13 16 16 16 18 13 2 12 14
9 12 0 5 18 3 10 0 11 16 15 15 5 13 14 19 4 9 11 6 7 2 13 16 16 16 18 13 2 12 14
9 12 0 5 18 3 10 0 13 16 15 15 5 13 14 19 4 9 11 6 7 2 13 16 16 16 18 13 2 12 14
9 12 0 5 18 3 10 0 12 16 15 15 5 13 14 19 4 9 11 6 7 2 13 16 16 16 18 13 2 12 14
9 12 0 5 18 3 10 0 15 16 15 15 5 13 14 19 4 9 11 6 7 2 13 16 16 16 18 13 2 12 14
9 12 0 5 18 3 10 0 14 16 15 15 5 13 14 19 4 9 11 6 7 2 13 16 16 16 18 13 2 12 14
9 12 0 5 18 3 10 0 16 16 15 15 5 13 14 19 4 9 11 6 7 2 13 16 16 16 18 13 2 12 14
9 12 0 5 18 3 10 0 17 16 15 15 5 13 14 19 4 9 11 6 7 2 13 16 16 16 18 13 2 12 14
9 12 0 5 18 3 10 0 19 16 15 15 5 13 14 19 4 9 11 6 7 2 13 16 16 16 18 13 2 12 14
9 12 0 5 18 3 10 0 8 0 15 15 5 13 14 19 4 9 11 6 7 2 13 16 16 16 18 13 2 12 14
9 12 0 5 18 3 10 0 8 7 15 15 5 13 14 19 4 9 11 6 7 2 13 16 16 16 18 13 2 12 14
9 12 0 5 18 3 10 0 8 6 15 15 5 13 14 19 4 9 11 6 7 2 13 16 16 16 18 13 2 12 14
9 12 0 5 18 3 10 0 8 10 15 15 5 13 14 19 4 9 11 6 7 2 13 16 16 16 18 13 2 12 14
9 12 0 5 18 3 10 0 8 9 15 15 5 13 14 19 4 9 11 6 7 2 13 16 16 16 18 13 2 12 14
9 12 0 5 18 3 10 0 8 11 15 15 5 13 14 19 4 9 11 6 7 2 13 16 16 16 18 13 2 12 14
9 12 0 5 18 3 10 0 8 12 15 15 5 13 14 19 4 9 11 6 7 2 13 16 16 16 18 13 2 12 14
9 12 0 5 18 3 10 0 8 15 15 15 5 13 14 19 4 9 11 6 7 2 13 16 16 16 18 13 2 12 14
9 12 0 5 18 3 10 0 8 17 15 15 5 13 14 19 4 9 11 6 7 2 13 16 16 16 18 13 2 12 14
9 12 0 5 18 3 10 0 8 19 15 15 5 13 14 19 4 9 11 6 7 2 13 16 16 16 18 13 2 12 14
9 12 0 5 18 3 10 0 8 16 0 15 5 13 14 19 4 9 11 6 7 2 13 16 16 16 18 13 2 12 14
9 12 0 5 18 3 10 0 8 16 1 15 5 13 14 19 4 9 11 6 7 2 13 16 16 16 18 13 2 12 14
9 12 0 5 18 3 10 0 8 16 3 15 5 13 14 19 4 9 11 6 7 2 13 16 16 16 18 13 2 12 14
9 12 0 5 18 3 10 0 8 16 2 15 5 13 14 19 4 9 11 6 7 2 13 16 16 16 18 13 2 12 14
9 12 0 5 18 3 10 0 8 16 5 15 5 13 14 19 4 9 11 6 7 2 13 16 16 16 18 13 2 12 14
9 12 0 5 18 3 10 0 8 16 4 15 5 13 14 19 4 9 11 6 7 2 13 16 16 16 18 13 2 12 14
9 12 0 5 18 3 10 0 8 16 7 15 5 13 14 19 4 9 11 6 7 2 13 16 16 16 18 13 2 12 14
9 12 0 5 18 3 10 0 8 16 6 15 5 13 14 19 4 9 11 6 7 2 13 16 16 16 18 13 2 12 14
9 12 0 5 18 3 10 0 8 16 8 15 5 13 14 19 4 9 11 6 7 2 13 16 16 16 18 13 2 12 14
9 12 0 5 18 3 10 0 8 16 10 15 5 13 14 19 4 9 11 6 7 2 13 16 16 16 18 13 2 12 14
9 12 0 5 18 3 10 0 8 16 9 15 5 13 14 19 4 9 11 6 7 2 13 16 16 16 18 13 2 12 14
9 12 0 5 18 3 10 0 8 16 11 15 5 13 14 19 4 9 11 6 7 2 13 16 16 16 18 13 2 12 14
9 12 0 5 18 3 10 0 8 16 13 15 5 13 14 19 4 9 11 6 7 2 13 16 16 16 18 13 2 12 14
9 12 0 5 18 3 10 0 8 16 12 15 5 13 14 19 4 9 11 6 7 2 13 16 16 16 18 13 2 12 14
9 12 0 5 18 3 10 0 8 16 14 15 5 13 14 19 4 9 11 6 7 2 13 16 16 16 18 13 2 12 14
9 12 0 5 18 3 10 0 8 16 16 15 5 13 14 19 4 9 11 6 7 2 13 16 16 16 18 13 2 12 14
9 12 0 5 18 3 10 0 8 16 18 15 5 13 14 19 4 9 11 6 7 2 13 16 16 16 18 13 2 12 14
9 12 0 5 18 3 10 0 8 16 17 15 5 13 14 19 4 9 11 6 7 2 13 16 16 16 18 13 2 12 14
9 12 0 5 18 3 10 0 8 16 19 15 5 13 14 19 4 9 11 6 7 2 13 16 16 16 18 13 2 12 14
9 12 0 5 18 3 10 0 8 16 15 0 5 13 14 19 4 9 11 6 7 2 13 16 16 16 18 13 2 12 14
9 12 0 5 18 3 10 0 8 16 15 1 5 13 14 19 4 9 11 6 7 2 13 16 16 16 18 13 2 12 14
9 12 0 5 18 3 10 0 8 16 15 2 5 13 14 19 4 9 11 6 7 2 13 16 16 16 18 13 2 12 14
9 12 0 5 18 3 10 0 8 16 15 5 5 13 14 19 4 9 11 6 7 2 13 16 16 16 18 13 2 12 14
9 12 0 5 18 3 10 0 8 16 15 4 5 13 14 19 4 9 11 6 7 2 13 16 16 16 18 13 2 12 14
9 12 0 5 18 3 10 0 8 16 15 7 5 13 14 19 4 9 11 6 7 2 13 16 16 16 18 13 2 12 14
9 12 0 5 18 3 10 0 8 16 15 6 5 13 14 19 4 9 11 6 7 2 13 16 16 16 18 13 2 12 14
9 12 0 5 18 3 10 0 8 16 15 9 5 13 14 19 4 9 11 6 7 2 13 16 16 16 18 13 2 12 14
9 12 0 5 18 3 10 0 8 16 15 12 5 13 14 19 4 9 11 6 7 2 13 16 16 16 18 13 2 12 14
9 12 0 5 18 3 10 0 8 16 15 14 5 13 14 19 4 9 11 6 7 2 13 16 16 16 18 13 2 12 14
9 12 0 5 18 3 10 0 8 16 15 16 5 13 14 19 4 9 11 6 7 2 13 16 16 16 18 13 2 12 14
9 12 0 5 18 3 10 0 8 16 15 18 5 13 14 19 4 9 11 6 7 2 13 16 16 16 18 13 2 12 14
9 12 0 5 18 3 10 0 8 16 15 17 5 13 14 19 4 9 11 6 7 2 13 16 16 16 18 13 2 12 14
9 12 0 5 18 3 10 0 8 16 15 19 5 13 14 19 4 9 11 6 7 2 13 16 16 16 18 13 2 12 14
9 12 0 5 18 3 10 0 8 16 15 15 0 13 14 19 4 9 11 6 7 2 13 16 16 16 18 13 2 12 14
9 12 0 5 18 3 10 0 8 16 15 15 1 13 14 19 4 9 11 6 7 2 13 16 16 16 18 13 2 12 14
9 12 0 5 18 3 10 0 8 16 15 15 2 13 14 19 4 9 11 6 7 2 13 16 16 16 18 13 2 12 14
9 12 0 5 18 3 10 0 8 16 15 15 10 13 14 19 4 9 11 6 7 2 13 16 16 16 18 13 2 12 14
9 12 0 5 18 3 10 0 8 16 15 15 9 13 14 19 4 9 11 6 7 2 13 16 16 16 18 13 2 12 14
9 12 0 5 18 3 10 0 8 16 15 15 11 13 14 19 4 9 11 6 7 2 13 16 16 16 18 13 2 12 14
9 12 0 5 18 3 10 0 8 16 15 15 15 13 14 19 4 9 11 6 7 2 13 16 16 16 18 13 2 12 14
9 12 0 5 18 3 10 0 8 16 15 15 14 13 14 19 4 9 11 6 7 2 13 16 16 16 18 13 2 12 14
9 12 0 5 18 3 10 0 8 16 15 15 18 13 14 19 4 9 11 6 7 2 13 16 16 16 18 13 2 12 14
9 12 0 5 18 3 10 0 8 16 15 15 17 13 14 19 4 9 11 6 7 2 13 16 16 16 18 13 2 12 14
9 12 0 5 18 3 10 0 8 16 15 15 5 0 14 19 4 9 11 6 7 2 13 16 16 16 18 13 2 12 14
9 12 0 5 18 3 10 0 8 16 15 15 5 3 14 19 4 9 11 6 7 2 13 16 16 16 18 13 2 12 14
9 12 0 5 18 3 10 0 8 16 15 15 5 2 14 19 4 9 11 6 7 2 13 16 16 16 18 13 2 12 14
9 12 0 5 18 3 10 0 8 16 15 15 5 5 14 19 4 9 11 6 7 2 13 16 16 16 18 13 2 12 14
9 12 0 5 18 3 10 0 8 16 15 15 5 6 14 19 4 9 11 6 7 2 13 16 16 16 18 13 2 12 14
9 12 0 5 18 3 10 0 8 16 15 15 5 10 14 19 4 9 11 6 7 2 13 16 16 16 18 13 2 12 14
9 12 0 5 18 3 10 0 8 16 15 15 5 9 14 19 4 9 11 6 7 2 13 16 16 16 18 13 2 12 14
9 12 0 5 18 3 10 0 8 16 15 15 5 11 14 19 4 9 11 6 7 2 13 16 16 16 18 13 2 12 14
9 12 0 5 18 3 10 0 8 16 15 15 5 12 14 19 4 9 11 6 7 2 13 16 16 16 18 13 2 12 14
9 12 0 5 18 3 10 0 8 16 15 15 5 15 14 19 4 9 11 6 7 2 13 16 16 16 18 13 2 12 14
9 12 0 5 18 3 10 0 8 16 15 15 5 14 14 19 4 9 11 6 7 2 13 16 16 16 18 13 2 12 14
9 12 0 5 18 3 10 0 8 16 15 15 5 16 14 19 4 9 11 6 7 2 13 16 16 16 18 13 2 12 14
9 12 0 5 18 3 10 0 8 16 15 15 5 18 14 19 4 9 11 6 7 2 13 16 16 16 18 13 2 12 14
9 12 0 5 18 3 10 0 8 16 15 15 5 17 14 19 4 9 11 6 7 2 13 16 16 16 18 13 2 12 14
9 12 0 5 18 3 10 0 8 16 15 15 5 19 14 19 4 9 11 6 7 2 13 16 16 16 18 13 2 12 14
9 12 0 5 18 3 10 0 8 16 15 15 5 13 0 19 4 9 11 6 7 2 13 16 16 16 18 13 2 12 14
9 12 0 5 18 3 10 0 8 16 15 15 5 13 1 19 4 9 11 6 7 2 13 16 16 16 18 13 2 12 14
9 12 0 5 18 3 10 0 8 16 15 15 5 13 2 19 4 9 11 6 7 2 13 16 16 16 18 13 2 12 14
9 12 0 5 18 3 10 0 8 16 15 15 5 13 5 19 4 9 11 6 7 2 13 16 16 16 18 13 2 12 14
9 12 0 5 18 3 10 0 8 16 15 15 5 13 4 19 4 9 11 6 7 2 13 16 16 16 18 13 2 12 14
9 12 0 5 18 3 10 0 8 16 15 15 5 13 7 19 4 9 11 6 7 2 13 16 16 16 18 13 2 12 14
9 12 0 5 18 3 10 0 8 16 15 15 5 13 6 19 4 9 11 6 7 2 13 16 16 16 18 13 2 12 14
9 12 0 5 18 3 10 0 8 16 15 15 5 13 9 19 4 9 11 6 7 2 13 16 16 16 18 13 2 12 14
9 12 0 5 18 3 10 0 8 16 15 15 5 13 11 19 4 9 11 6 7 2 13 16 16 16 18 13 2 12 14
9 12 0 5 18 3 10 0 8 16 15 15 5 13 13 19 4 9 11 6 7 2 13 16 16 16 18 13 2 12 14
9 12 0 5 18 3 10 0 8 16 15 15 5 13 12 19 4 9 11 6 7 2 13 16 16 16 18 13 2 12 14
9 12 0 5 18 3 10 0 8 16 15 15 5 13 15 19 4 9 11 6 7 2 13 16 16 16 18 13 2 12 14
9 12 0 5 18 3 10 0 8 16 15 15 5 13 16 19 4 9 11 6 7 2 13 16 16 16 18 13 2 12 14
9 12 0 5 18 3 10 0 8 16 15 15 5 13 18 19 4 9 11 6 7 2 13 16 16 16 18 13 2 12 14
9 12 0 5 18 3 10 0 8 16 15 15 5 13 17 19 4 9 11 6 7 2 13 16 16 16 18 13 2 12 14
9 12 0 5 18 3 10 0 8 16 15 15 5 13 19 19 4 9 11 6 7 2 13 16 16 16 18 13 2 12 14
9 12 0 5 18 3 10 0 8 16 15 15 5 13 14 6 4 9 11 6 7 2 13 16 16 16 18 13 2 12 14
9 12 0 5 18 3 10 0 8 16 15 15 5 13 14 2 4 9 11 6 7 2 13 16 16 16 18 13 2 12 14
9 12 0 5 18 3 10 0 8 16 15 15 5 13 14 4 4 9 11 6 7 2 13 16 16 16 18 13 2 12 14
9 12 0 5 18 3 10 0 8 16 15 15 5 13 14 19 0 9 11 6 7 2 13 16 16 16 18 13 2 12 14
9 12 0 5 18 3 10 0 8 16 15 15 5 13 14 19 7 9 11 6 7 2 13 16 16 16 18 13 2 12 14
9 12 0 5 18 3 10 0 8 16 15 15 5 13 14 19 6 9 11 6 7 2 13 16 16 16 18 13 2 12 14
9 12 0 5 18 3 10 0 8 16 15 15 5 13 14 19 16 9 11 6 7 2 13 16 16 16 18 13 2 12 14
9 12 0 5 18 3 10 0 8 16 15 15 5 13 14 19 17 9 11 6 7 2 13 16 16 16 18 13 2 12 14
9 12 0 5 18 3 10 0 8 16 15 15 5 13 14 19 19 9 11 6 7 2 13 16 16 16 18 13 2 12 14
9 12 0 5 18 3 10 0 8 16 15 15 5 13 14 19 4 7 11 6 7 2 13 16 16 16 18 13 2 12 14
9 12 0 5 18 3 10 0 8 16 15 15 5 13 14 19 4 8 11 6 7 2 13 16 16 16 18 13 2 12 14
9 12 0 5 18 3 10 0 8 16 15 15 5 13 14 19 4 10 11 6 7 2 13 16 16 16 18 13 2 12 14
9 12 0 5 18 3 10 0 8 16 15 15 5 13 14 19 4 13 11 6 7 2 13 16 16 16 18 13 2 12 14
9 12 0 5 18 3 10 0 8 16 15 15 5 13 14 19 4 12 11 6 7 2 13 16 16 16 18 13 2 12 14
9 12 0 5 18 3 10 0 8 16 15 15 5 13 14 19 4 14 11 6 7 2 13 16 16 16 18 13 2 12 14
9 12 0 5 18 3 10 0 8 16 15 15 5 13 14 19 4 16 11 6 7 2 13 16 16 16 18 13 2 12 14
9 12 0 5 18 3 10 0 8 16 15 15 5 13 14 19 4 17 11 6 7 2 13 16 16 16 18 13 2 12 14
9 12 0 5 18 3 10 0 8 16 15 15 5 13 14 19 4 9 1 6 7 2 13 16 16 16 18 13 2 12 14
9 12 0 5 18 3 10 0 8 16 15 15 5 13 14 19 4 9 2 6 7 2 13 16 16 16 18 13 2 12 14
9 12 0 5 18 3 10 0 8 16 15 15 5 13 14 19 4 9 6 6 7 2 13 16 16 16 18 13 2 12 14
9 12 0 5 18 3 10 0 8 16 15 15 5 13 14 19 4 9 8 6 7 2 13 16 16 16 18 13 2 12 14
9 12 0 5 18 3 10 0 8 16 15 15 5 13 14 19 4 9 15 6 7 2 13 16 16 16 18 13 2 12 14
9 12 0 5 18 3 10 0 8 16 15 15 5 13 14 19 4 9 14 6 7 2 13 16 16 16 18 13 2 12 14
9 12 0 5 18 3 10 0 8 16 15 15 5 13 14 19 4 9 16 6 7 2 13 16 16 16 18 13 2 12 14
9 12 0 5 18 3 10 0 8 16 15 15 5 13 14 19 4 9 19 6 7 2 13 16 16 16 18 13 2 12 14
9 12 0 5 18 3 10 0 8 16 15 15 5 13 14 19 4 9 11 7 7 2 13 16 16 16 18 13 2 12 14
9 12 0 5 18 3 10 0 8 16 15 15 5 13 14 19 4 9 11 12 7 2 13 16 16 16 18 13 2 12 14
9 12 0 5 18 3 10 0 8 16 15 15 5 13 14 19 4 9 11 1 7 2 13 16 16 16 18 13 2 12 14
9 12 0 5 18 3 10 0 8 16 15 15 5 13 14 19 4 9 11 14 7 2 13 16 16 16 18 13 2 12 14
9 12 0 5 18 3 10 0 8 16 15 15 5 13 14 19 4 9 11 6 0 2 13 16 16 16 18 13 2 12 14
9 12 0 5 18 3 10 0 8 16 15 15 5 13 14 19 4 9 11 6 1 2 13 16 16 16 18 13 2 12 14
9 12 0 5 18 3 10 0 8 16 15 15 5 13 14 19 4 9 11 6 5 2 13 16 16 16 18 13 2 12 14
9 12 0 5 18 3 10 0 8 16 15 15 5 13 14 19 4 9 11 6 4 2 13 16 16 16 18 13 2 12 14
9 12 0 5 18 3 10 0 8 16 15 15 5 13 14 19 4 9 11 6 6 2 13 16 16 16 18 13 2 12 14
9 12 0 5 18 3 10 0 8 16 15 15 5 13 14 19 4 9 11 6 8 2 13 16 16 16 18 13 2 12 14
9 12 0 5 18 3 10 0 8 16 15 15 5 13 14 19 4 9 11 6 10 2 13 16 16 16 18 13 2 12 14
9 12 0 5 18 3 10 0 8 16 15 15 5 13 14 19 4 9 11 6 9 2 13 16 16 16 18 13 2 12 14
9 12 0 5 18 3 10 0 8 16 15 15 5 13 14 19 4 9 11 6 11 2 13 16 16 16 18 13 2 12 14
9 12 0 5 18 3 10 0 8 16 15 15 5 13 14 19 4 9 11 6 12 2 13 16 16 16 18 13 2 12 14
9 12 0 5 18 3 10 0 8 16 15 15 5 13 14 19 4 9 11 6 15 2 13 16 16 16 18 13 2 12 14
9 12 0 5 18 3 10 0 8 16 15 15 5 13 14 19 4 9 11 6 14 2 13 16 16 16 18 13 2 12 14
9 12 0 5 18 3 10 0 8 16 15 15 5 13 14 19 4 9 11 6 16 2 13 16 16 16 18 13 2 12 14
9 12 0 5 18 3 10 0 8 16 15 15 5 13 14 19 4 9 11 6 17 2 13 16 16 16 18 13 2 12 14
9 12 0 5 18 3 10 0 8 16 15 15 5 13 14 19 4 9 11 6 19 2 13 16 16 16 18 13 2 12 14
9 12 0 5 18 3 10 0 8 16 15 15 5 13 14 19 4 9 11 6 7 0 13 16 16 16 18 13 2 12 14
9 12 0 5 18 3 10 0 8 16 15 15 5 13 14 19 4 9 11 6 7 1 13 16 16 16 18 13 2 12 14
9 12 0 5 18 3 10 0 8 16 15 15 5 13 14 19 4 9 11 6 7 3 13 16 16 16 18 13 2 12 14
9 12 0 5 18 3 10 0 8 16 15 15 5 13 14 19 4 9 11 6 7 5 13 16 16 16 18 13 2 12 14
9 12 0 5 18 3 10 0 8 16 15 15 5 13 14 19 4 9 11 6 7 4 13 16 16 16 18 13 2 12 14
9 12 0 5 18 3 10 0 8 16 15 15 5 13 14 19 4 9 11 6 7 7 13 16 16 16 18 13 2 12 14
9 12 0 5 18 3 10 0 8 16 15 15 5 13 14 19 4 9 11 6 7 6 13 16 16 16 18 13 2 12 14
9 12 0 5 18 3 10 0 8 16 15 15 5 13 14 19 4 9 11 6 7 8 13 16 16 16 18 13 2 12 14
9 12 0 5 18 3 10 0 8 16 15 15 5 13 14 19 4 9 11 6 7 9 13 16 16 16 18 13 2 12 14
9 12 0 5 18 3 10 0 8 16 15 15 5 13 14 19 4 9 11 6 7 11 13 16 16 16 18 13 2 12 14
9 12 0 5 18 3 10 0 8 16 15 15 5 13 14 19 4 9 11 6 7 13 13 16 16 16 18 13 2 12 14
9 12 0 5 18 3 10 0 8 16 15 15 5 13 14 19 4 9 11 6 7 12 13 16 16 16 18 13 2 12 14
9 12 0 5 18 3 10 0 8 16 15 15 5 13 14 19 4 9 11 6 7 15 13 16 16 16 18 13 2 12 14
9 12 0 5 18 3 10 0 8 16 15 15 5 13 14 19 4 9 11 6 7 14 13 16 16 16 18 13 2 12 14
9 12 0 5 18 3 10 0 8 16 15 15 5 13 14 19 4 9 11 6 7 16 13 16 16 16 18 13 2 12 14
9 12 0 5 18 3 10 0 8 16 15 15 5 13 14 19 4 9 11 6 7 18 13 16 16 16 18 13 2 12 14
9 12 0 5 18 3 10 0 8 16 15 15 5 13 14 19 4 9 11 6 7 17 13 16 16 16 18 13 2 12 14
9 12 0 5 18 3 10 0 8 16 15 15 5 13 14 19 4 9 11 6 7 19 13 16 16 16 18 13 2 12 14
9 12 0 5 18 3 10 0 8 16 15 15 5 13 14 19 4 9 11 6 7 2 3 16 16 16 18 13 2 12 14
9 12 0 5 18 3 10 0 8 16 15 15 5 13 14 19 4 9 11 6 7 2 5 16 16 16 18 13 2 12 14
9 12 0 5 18 3 10 0 8 16 15 15 5 13 14 19 4 9 11 6 7 2 6 16 16 16 18 13 2 12 14
9 12 0 5 18 3 10 0 8 16 15 15 5 13 14 19 4 9 11 6 7 2 8 16 16 16 18 13 2 12 14
9 12 0 5 18 3 10 0 8 16 15 15 5 13 14 19 4 9 11 6 7 2 10 16 16 16 18 13 2 12 14
9 12 0 5 18 3 10 0 8 16 15 15 5 13 14 19 4 9 11 6 7 2 9 16 16 16 18 13 2 12 14
9 12 0 5 18 3 10 0 8 16 15 15 5 13 14 19 4 9 11 6 7 2 12 16 16 16 18 13 2 12 14
9 12 0 5 18 3 10 0 8 16 15 15 5 13 14 19 4 9 11 6 7 2 14 16 16 16 18 13 2 12 14
9 12 0 5 18 3 10 0 8 16 15 15 5 13 14 19 4 9 11 6 7 2 19 16 16 16 18 13 2 12 14
9 12 0 5 18 3 10 0 8 16 15 15 5 13 14 19 4 9 11 6 7 2 13 0 16 16 18 13 2 12 14
9 12 0 5 18 3 10 0 8 16 15 15 5 13 14 19 4 9 11 6 7 2 13 1 16 16 18 13 2 12 14
9 12 0 5 18 3 10 0 8 16 15 15 5 13 14 19 4 9 11 6 7 2 13 2 16 16 18 13 2 12 14
9 12 0 5 18 3 10 0 8 16 15 15 5 13 14 19 4 9 11 6 7 2 13 4 16 16 18 13 2 12 14
9 12 0 5 18 3 10 0 8 16 15 15 5 13 14 19 4 9 11 6 7 2 13 7 16 16 18 13 2 12 14
9 12 0 5 18 3 10 0 8 16 15 15 5 13 14 19 4 9 11 6 7 2 13 6 16 16 18 13 2 12 14
9 12 0 5 18 3 10 0 8 16 15 15 5 13 14 19 4 9 11 6 7 2 13 8 16 16 18 13 2 12 14
9 12 0 5 18 3 10 0 8 16 15 15 5 13 14 19 4 9 11 6 7 2 13 10 16 16 18 13 2 12 14
9 12 0 5 18 3 10 0 8 16 15 15 5 13 14 19 4 9 11 6 7 2 13 9 16 16 18 13 2 12 14
9 12 0 5 18 3 10 0 8 16 15 15 5 13 14 19 4 9 11 6 7 2 13 11 16 16 18 13 2 12 14
9 12 0 5 18 3 10 0 8 16 15 15 5 13 14 19 4 9 11 6 7 2 13 12 16 16 18 13 2 12 14
9 12 0 5 18 3 10 0 8 16 15 15 5 13 14 19 4 9 11 6 7 2 13 15 16 16 18 13 2 12 14
9 12 0 5 18 3 10 0 8 16 15 15 5 13 14 19 4 9 11 6 7 2 13 14 16 16 18 13 2 12 14
9 12 0 5 18 3 10 0 8 16 15 15 5 13 14 19 4 9 11 6 7 2 13 16 15 16 18 13 2 12 14
9 12 0 5 18 3 10 0 8 16 15 15 5 13 14 19 4 9 11 6 7 2 13 16 14 16 18 13 2 12 14
9 12 0 5 18 3 10 0 8 16 15 15 5 13 14 19 4 9 11 6 7 2 13 16 11 16 18 13 2 12 14
9 12 0 5 18 3 10 0 8 16 15 15 5 13 14 19 4 9 11 6 7 2 13 16 16 0 18 13 2 12 14
9 12 0 5 18 3 10 0 8 16 15 15 5 13 14 19 4 9 11 6 7 2 13 16 16 3 18 13 2 12 14
9 12 0 5 18 3 10 0 8 16 15 15 5 13 14 19 4 9 11 6 7 2 13 16 16 5 18 13 2 12 14
9 12 0 5 18 3 10 0 8 16 15 15 5 13 14 19 4 9 11 6 7 2 13 16 16 8 18 13 2 12 14
9 12 0 5 18 3 10 0 8 16 15 15 5 13 14 19 4 9 11 6 7 2 13 16 16 10 18 13 2 12 14
9 12 0 5 18 3 10 0 8 16 15 15 5 13 14 19 4 9 11 6 7 2 13 16 16 11 18 13 2 12 14
9 12 0 5 18 3 10 0 8 16 15 15 5 13 14 19 4 9 11 6 7 2 13 16 16 13 18 13 2 12 14
9 12 0 5 18 3 10 0 8 16 15 15 5 13 14 19 4 9 11 6 7 2 13 16 16 12 18 13 2 12 14
9 12 0 5 18 3 10 0 8 16 15 15 5 13 14 19 4 9 11 6 7 2 13 16 16 15 18 13 2 12 14
9 12 0 5 18 3 10 0 8 16 15 15 5 13 14 19 4 9 11 6 7 2 13 16 16 14 18 13 2 12 14
9 12 0 5 18 3 10 0 8 16 15 15 5 13 14 19 4 9 11 6 7 2 13 16 16 18 18 13 2 12 14
9 12 0 5 18 3 10 0 8 16 15 15 5 13 14 19 4 9 11 6 7 2 13 16 16 16 18 0 2 12 14
9 12 0 5 18 3 10 0 8 16 15 15 5 13 14 19 4 9 11 6 7 2 13 16 16 16 18 3 2 12 14
9 12 0 5 18 3 10 0 8 16 15 15 5 13 14 19 4 9 11 6 7 2 13 16 16 16 18 2 2 12 14
9 12 0 5 18 3 10 0 8 16 15 15 5 13 14 19 4 9 11 6 7 2 13 16 16 16 18 5 2 12 14
9 12 0 5 18 3 10 0 8 16 15 15 5 13 14 19 4 9 11 6 7 2 13 16 16 16 18 6 2 12 14
9 12 0 5 18 3 10 0 8 16 15 15 5 13 14 19 4 9 11 6 7 2 13 16 16 16 18 8 2 12 14
9 12 0 5 18 3 10 0 8 16 15 15 5 13 14 19 4 9 11 6 7 2 13 16 16 16 18 10 2 12 14
9 12 0 5 18 3 10 0 8 16 15 15 5 13 14 19 4 9 11 6 7 2 13 16 16 16 18 9 2 12 14
9 12 0 5 18 3 10 0 8 16 15 15 5 13 14 19 4 9 11 6 7 2 13 16 16 16 18 11 2 12 14
9 12 0 5 18 3 10 0 8 16 15 15 5 13 14 19 4 9 11 6 7 2 13 16 16 16 18 12 2 12 14
9 12 0 5 18 3 10 0 8 16 15 15 5 13 14 19 4 9 11 6 7 2 13 16 16 16 18 15 2 12 14
9 12 0 5 18 3 10 0 8 16 15 15 5 13 14 19 4 9 11 6 7 2 13 16 16 16 18 14 2 12 14
9 12 0 5 18 3 10 0 8 16 15 15 5 13 14 19 4 9 11 6 7 2 13 16 16 16 18 16 2 12 14
9 12 0 5 18 3 10 0 8 16 15 15 5 13 14 19 4 9 11 6 7 2 13 16 16 16 18 18 2 12 14
9 12 0 5 18 3 10 0 8 16 15 15 5 13 14 19 4 9 11 6 7 2 13 16 16 16 18 19 2 12 14
9 12 0 5 18 3 10 0 8 16 15 15 5 13 14 19 4 9 11 6 7 2 13 16 16 16 18 13 0 12 14
9 12 0 5 18 3 10 0 8 16 15 15 5 13 14 19 4 9 11 6 7 2 13 16 16 16 18 13 3 12 14
9 12 0 5 18 3 10 0 8 16 15 15 5 13 14 19 4 9 11 6 7 2 13 16 16 16 18 13 5 12 14
9 12 0 5 18 3 10 0 8 16 15 15 5 13 14 19 4 9 11 6 7 2 13 16 16 16 18 13 7 12 14
9 12 0 5 18 3 10 0 8 16 15 15 5 13 14 19 4 9 11 6 7 2 13 16 16 16 18 13 6 12 14
9 12 0 5 18 3 10 0 8 16 15 15 5 13 14 19 4 9 11 6 7 2 13 16 16 16 18 13 8 12 14
9 12 0 5 18 3 10 0 8 16 15 15 5 13 14 19 4 9 11 6 7 2 13 16 16 16 18 13 11 12 14
9 12 0 5 18 3 10 0 8 16 15 15 5 13 14 19 4 9 11 6 7 2 13 16 16 16 18 13 13 12 14
9 12 0 5 18 3 10 0 8 16 15 15 5 13 14 19 4 9 11 6 7 2 13 16 16 16 18 13 12 12 14
9 12 0 5 18 3 10 0 8 16 15 15 5 13 14 19 4 9 11 6 7 2 13 16 16 16 18 13 15 12 14
9 12 0 5 18 3 10 0 8 16 15 15 5 13 14 19 4 9 11 6 7 2 13 16 16 16 18 13 16 12 14
9 12 0 5 18 3 10 0 8 16 15 15 5 13 14 19 4 9 11 6 7 2 13 16 16 16 18 13 17 12 14
9 12 0 5 18 3 10 0 8 16 15 15 5 13 14 19 4 9 11 6 7 2 13 16 16 16 18 13 19 12 14
9 12 0 5 18 3 10 0 8 16 15 15 5 13 14 19 4 9 11 6 7 2 13 16 16 16 18 13 2 0 14
9 12 0 5 18 3 10 0 8 16 15 15 5 13 14 19 4 9 11 6 7 2 13 16 16 16 18 13 2 6 14
9 12 0 5 18 3 10 0 8 16 15 15 5 13 14 19 4 9 11 6 7 2 13 16 16 16 18 13 2 13 14
9 12 0 5 18 3 10 0 8 16 15 15 5 13 14 19 4 9 11 6 7 2 13 16 16 16 18 13 2 15 14
9 12 0 5 18 3 10 0 8 16 15 15 5 13 14 19 4 9 11 6 7 2 13 16 16 16 18 13 2 14 14
9 12 0 5 18 3 10 0 8 16 15 15 5 13 14 19 4 9 11 6 7 2 13 16 16 16 18 13 2 18 14
9 12 0 5 18 3 10 0 8 16 15 15 5 13 14 19 4 9 11 6 7 2 13 16 16 16 18 13 2 12 1
9 12 0 5 18 3 10 0 8 16 15 15 5 13 14 19 4 9 11 6 7 2 13 16 16 16 18 13 2 12 2
9 12 0 5 18 3 10 0 8 16 15 15 5 13 14 19 4 9 11 6 7 2 13 16 16 16 18 13 2 12 5
9 12 0 5 18 3 10 0 8 16 15 15 5 13 14 19 4 9 11 6 7 2 13 16 16 16 18 13 2 12 6
9 12 0 5 18 3 10 0 8 16 15 15 5 13 14 19 4 9 11 6 7 2 13 16 16 16 18 13 2 12 12
9 12 0 5 18 3 10 0 8 16 15 15 5 13 14 19 4 9 11 6 7 2 13 16 16 16 18 13 2 12 15
