1 2 3.82816 1.34029
1 3 6.55572 3.33434
1 4 10.2418 7.05012
1 5 12.8154 7.03994
1 6 16.5291 12.9984
1 7 18.8939 13.6579
1 8 22.6461 18.954
1 9 24.6833 21.5209
1 10 25.9829 23.6211
1 11 29.4249 25.8142
1 12 29.0258 24.857
1 13 26.3545 22.7871
1 14 22.7445 17.9402
1 15 22.9656 19.1153
1 16 20.7644 15.9869
1 17 21.4396 17.3242
1 18 19.7414 15.7834
1 19 20.5012 17.4232
1 20 20.1985 19.1155
1 21 21.0442 19.404
1 22 23.3893 21.5155
1 23 23.4301 21.2275
1 24 19.8897 17.4076
1 25 18.4314 15.7526
1 26 16.1876 15.4444
1 27 16.3685 12.8544
1 28 15.1238 12.2006
1 29 15.9316 11.3673
1 30 18.7928 16.1641
1 31 20.3463 17.5746
1 32 20.0624 13.4361
1 33 23.5148 19.9444
1 34 24.5999 22.0796
1 35 25.5581 22.5336
1 36 24.1834 20.0782
1 37 22.166 17.7358
1 38 18.7509 15.2744
1 39 19.8015 17.2024
1 40 21.2192 17.7538
1 41 17.9064 13.6186
1 42 16.5729 12.4867
1 43 12.9246 8.71464
1 44 12.8227 9.12876
1 45 13.589 9.61962
1 46 15.2463 12.027
1 47 13.1132 9.92849
1 48 10.6257 7.01534
1 49 11.1042 8.40068
1 50 12.4433 10.6403
1 51 11.6325 6.32245
1 52 14.1754 11.6259
1 53 16.856 14.4879
1 54 18.4357 15.959
1 55 17.2201 15.8637
1 56 18.7059 15.7658
1 57 16.7955 14.3882
1 58 16.8593 15.1793
1 59 15.0248 12.0472
1 60 18.551 16.5176
1 61 20.4264 18.3943
1 62 23.0128 20.9093
1 63 23.1047 21.5808
1 64 25.958 23.6514
1 65 24.0921 20.5659
1 66 21.1164 18.6085
1 67 23.6952 21.1604
1 68 25.7183 23.1804
1 69 22.9774 20.1221
1 70 22.048 16.1493
1 71 25.7554 22.4502
1 72 26.3674 23.6282
1 73 23.418 20.0736
1 74 25.8228 22.6578
1 75 25.8029 21.8379
1 76 22.5606 18.7386
1 77 19.6666 15.5313
1 78 16.449 13.0191
1 79 13.6354 9.72483
1 80 10.2471 6.85933
1 81 8.54618 4.21348
1 82 6.01216 3.57086
1 83 7.33842 5.01135
1 84 9.53521 7.23655
2 3 3.80767 1.32978
2 4 7.03354 4.55669
2 5 9.84077 6.07443
2 6 13.4026 11.0372
2 7 15.8444 12.5745
2 8 19.5783 17.3353
2 9 21.5322 19.8602
2 10 23.0118 22.3104
2 11 26.4574 24.6443
2 12 26.1534 23.9019
2 13 23.4357 21.7754
2 14 19.8612 16.5894
2 15 20.555 18.9682
2 16 18.5205 15.1772
2 17 19.2968 17.2641
2 18 17.6189 15.253
2 19 18.7815 16.9516
2 20 18.5711 18.5404
2 21 19.008 18.3063
2 22 21.7124 20.0232
2 23 21.8699 19.3579
2 24 18.2336 15.5306
2 25 17.2312 14.6085
2 26 14.4441 14.0404
2 27 14.2045 12.0978
2 28 13.4369 12.2011
2 29 14.2273 11.4846
2 30 17.5516 16.4773
2 31 18.9892 18.097
2 32 18.5003 13.958
2 33 21.8254 20.1907
2 34 23.2107 22.4314
2 35 23.8594 22.628
2 36 22.0377 19.6403
2 37 19.6855 16.9497
2 38 16.4427 14.9595
2 39 18.1148 17.0549
2 40 19.375 17.2176
2 41 15.9041 12.6807
2 42 15.3198 12.8077
2 43 11.5233 8.81113
2 44 11.218 8.7918
2 45 12.7262 11.439
2 46 14.5359 13.3967
2 47 12.7355 10.7727
2 48 9.45455 8.09762
2 49 9.27884 7.55496
2 50 9.56345 9.12433
2 51 8.49665 3.77724
2 52 10.5601 8.49764
2 53 13.1166 11.6763
2 54 14.6081 13.204
2 55 13.4835 12.4746
2 56 15.072 12.5348
2 57 13.4905 11.27
2 58 13.7736 12.2399
2 59 12.5525 9.09193
2 60 16.2791 13.9923
2 61 17.7387 16.0074
2 62 20.4865 19.0018
2 63 20.5806 20.2921
2 64 23.1164 21.9302
2 65 21.0183 17.6924
2 66 18.0096 16.8747
2 67 20.6009 19.4936
2 68 22.3559 21.0232
2 69 19.4324 17.648
2 70 18.5856 14.719
2 71 22.2974 20.7534
2 72 22.6982 21.384
2 73 19.6924 17.9794
2 74 22.1483 20.6493
2 75 22.3073 19.8534
2 76 19.0769 16.346
2 77 16.0965 13.4574
2 78 12.8036 10.3215
2 79 9.99908 7.49678
2 80 6.4798 3.8047
2 81 5.49538 3.27596
2 82 4.50995 3.66252
2 83 7.55157 6.13938
2 84 10.103 7.52118
3 4 3.76825 1.32915
3 5 6.43921 2.86084
3 6 10.0511 7.50057
3 7 12.7458 8.28025
3 8 16.412 13.6313
3 9 18.7355 16.0479
3 10 20.2217 18.1433
3 11 23.7865 20.2378
3 12 23.6288 18.9697
3 13 21.2892 17.1252
3 14 17.6456 12.932
3 15 18.5221 12.9598
3 16 17.0931 11.0026
3 17 18.5732 12.5095
3 18 17.5854 11.8106
3 19 19.4528 14.0835
3 20 19.8918 16.6054
3 21 20.4167 17.3198
3 22 23.5162 19.7605
3 23 24.08 20.9095
3 24 20.5449 17.2898
3 25 19.5974 14.7543
3 26 16.3934 13.8804
3 27 15.3082 10.4375
3 28 14.2754 10.0783
3 29 14.1535 6.1634
3 30 17.5544 11.6379
3 31 18.2459 12.0986
3 32 17.0228 7.30745
3 33 19.9831 13.6717
3 34 21.0406 15.687
3 35 21.2098 16.1172
3 36 19.4527 13.8165
3 37 16.8194 11.8057
3 38 13.8736 9.02761
3 39 15.5265 10.9178
3 40 16.2537 11.9633
3 41 12.6054 7.87266
3 42 12.383 7.16565
3 43 8.67534 2.76396
3 44 9.25884 3.57718
3 45 11.717 4.66042
3 46 14.3045 7.7243
3 47 13.4882 7.065
3 48 10.0086 2.83052
3 49 10.5547 6.30474
3 50 10.0135 7.41925
3 51 9.71013 5.63177
3 52 10.6503 7.16973
3 53 12.1707 9.43489
3 54 13.1668 10.1354
3 55 12.8696 10.3378
3 56 15.0352 11.4088
3 57 14.3735 12.2414
3 58 14.7602 11.1085
3 59 14.4534 11.3946
3 60 18.233 15.1897
3 61 18.9966 16.1096
3 62 21.5778 18.1347
3 63 21.1996 18.2918
3 64 23.3828 20.2297
3 65 21.3478 17.164
3 66 18.054 15.2561
3 67 20.1449 17.343
3 68 21.7834 18.4079
3 69 18.7336 15.3461
3 70 17.3591 11.4295
3 71 20.8656 17.393
3 72 21.2424 17.9022
3 73 17.949 14.2825
3 74 19.9018 16.7578
3 75 19.5594 15.9825
3 76 16.1819 12.6304
3 77 13.5773 9.56451
3 78 10.3139 6.8352
3 79 8.1099 3.6205
3 80 5.50278 2.78782
3 81 5.40925 2.85318
3 82 6.40521 3.82407
3 83 9.0547 3.53403
3 84 12.3593 6.56253
4 5 3.78609 1.32668
4 6 6.76692 4.15987
4 7 9.92343 7.08735
4 8 13.39 10.3861
4 9 15.8519 13.6494
4 10 17.6168 16.4331
4 11 21.2168 18.8052
4 12 21.2808 18.5093
4 13 19.1806 16.6177
4 14 15.6477 12.0235
4 15 17.1702 15.4257
4 16 16.339 11.8265
4 17 18.1865 16.2467
4 18 17.5689 14.6391
4 19 19.9462 18.463
4 20 20.6305 20.6305
4 21 20.786 20.5399
4 22 24.1582 22.8767
4 23 24.8517 23.6374
4 24 21.4105 20.0866
4 25 20.9097 18.6921
4 26 17.397 17.1708
4 27 15.8194 13.8578
4 28 15.2151 15.1239
4 29 14.7591 10.1025
4 30 18.3261 16.5697
4 31 18.5869 16.1947
4 32 16.9148 12.214
4 33 19.4078 17.0389
4 34 20.5222 18.9822
4 35 20.1083 17.7647
4 36 18.0018 14.6361
4 37 14.8836 11.5187
4 38 12.5378 10.4896
4 39 14.7475 12.4888
4 40 14.8726 11.5851
4 41 11.1217 6.86699
4 42 12.0362 8.96059
4 43 8.78744 3.8347
4 44 9.67536 6.2632
4 45 12.8902 10.6643
4 46 15.6335 14.078
4 47 15.423 13.5843
4 48 11.7705 9.22149
4 49 11.9697 9.39285
4 50 10.2338 9.12266
4 51 9.98689 7.72767
4 52 9.50937 6.87951
4 53 9.99246 9.03726
4 54 10.2369 7.85143
4 55 10.5701 7.07098
4 56 13.2106 9.50171
4 57 13.501 11.5106
4 58 14.2671 12.2709
4 59 14.9248 13.4201
4 60 18.5921 17.1732
4 61 18.7336 17.6357
4 62 21.3193 19.6619
4 63 20.8269 20.1206
4 64 22.4586 21.2028
4 65 20.2459 17.395
4 66 16.9738 16.3685
4 67 18.7672 18.2625
4 68 19.9445 18.2376
4 69 16.6765 14.79
4 70 15.2057 11.7
4 71 18.4865 16.9511
4 72 18.5059 16.1949
4 73 14.9846 12.6751
4 74 16.6224 14.3952
4 75 16.1778 13.1053
4 76 12.6591 8.63068
4 77 10.3341 7.27352
4 78 6.92019 3.10213
4 79 5.7682 3.44603
4 80 4.60642 2.81904
4 81 6.51813 5.15609
4 82 9.09307 7.63337
4 83 11.9495 9.81102
4 84 15.1794 13.0976
5 6 3.78694 1.32703
5 7 6.41094 2.31376
5 8 9.99593 6.72195
5 9 12.5341 9.49704
5 10 14.0978 11.7747
5 11 17.7322 14.1215
5 12 17.78 13.5474
5 13 15.9202 11.7963
5 14 12.3669 8.01291
5 15 13.8418 10.2502
5 16 13.5276 7.81881
5 17 15.9163 12.3265
5 18 16.0253 10.9573
5 19 18.9068 14.747
5 20 20.253 17.0169
5 21 20.7154 17.5584
5 22 24.3097 20.1182
5 23 25.5366 21.7469
5 24 22.3894 18.5229
5 25 21.6712 16.4622
5 26 17.9899 14.4606
5 27 15.6764 10.6673
5 28 14.6806 11.1815
5 29 13.3552 6.14171
5 30 16.6963 12.417
5 31 16.2802 11.5295
5 32 14.0962 7.39474
5 33 16.1768 11.704
5 34 17.1618 13.7076
5 35 16.4809 12.6955
5 36 14.3319 9.54274
5 37 11.1358 6.60002
5 38 9.01066 5.3402
5 39 11.3306 7.43717
5 40 11.2599 7.42384
5 41 7.59654 2.60746
5 42 9.156 5.88271
5 43 6.54056 2.9359
5 44 7.54641 2.45039
5 45 11.1993 6.62358
5 46 14.1688 10.0181
5 47 14.8567 10.0292
5 48 11.4937 5.24498
5 49 12.2932 6.81335
5 50 10.3687 5.67851
5 51 11.3434 8.05941
5 52 10.4972 7.0339
5 53 9.81073 7.47332
5 54 10.2789 7.10342
5 55 11.8693 9.1036
5 56 14.1336 11.2941
5 57 14.8995 13.3412
5 58 15.0306 10.6429
5 59 16.1994 13.0493
5 60 19.6592 16.0818
5 61 19.1458 16.1314
5 62 21.2013 17.3334
5 63 20.0736 17.3463
5 64 21.4888 18.3893
5 65 19.6998 15.8533
5 66 16.2076 13.4161
5 67 17.2744 14.9952
5 68 18.6349 15.2465
5 69 15.6836 11.9684
5 70 13.4628 8.62617
5 71 16.4007 13.3997
5 72 16.8664 13.4099
5 73 13.4191 9.76072
5 74 14.5564 10.9725
5 75 13.5595 9.69074
5 76 10.2634 6.78506
5 77 8.11815 3.48908
5 78 5.75235 3.51397
5 79 5.13729 2.76134
5 80 6.27416 4.21013
5 81 7.4215 3.20666
5 82 10.501 6.00905
5 83 12.6548 7.71621
5 84 15.9927 10.7038
6 7 3.76381 1.32027
6 8 6.7159 3.33253
6 9 9.5519 6.71622
6 10 11.4295 9.21245
6 11 15.0514 12.2766
6 12 15.4087 12.4085
6 13 14.0593 10.9713
6 14 10.8693 7.0585
6 15 13.079 11.1789
6 16 13.688 9.04592
6 17 16.4198 14.5319
6 18 17.0501 14.0137
6 19 20.3028 18.5062
6 20 21.9003 21.2862
6 21 22.0914 21.6873
6 22 25.8146 24.1908
6 23 27.1926 25.9797
6 24 24.2528 23.1092
6 25 23.8624 21.5194
6 26 20.081 19.0035
6 27 17.4318 15.0481
6 28 16.7799 15.8333
6 29 15.1597 10.1046
6 30 18.3474 16.4474
6 31 17.4436 14.2219
6 32 14.876 10.6324
6 33 16.1772 12.8331
6 34 17.1054 14.5679
6 35 15.6997 12.1784
6 36 13.2484 9.32176
6 37 9.57633 5.96533
6 38 8.76165 6.98873
6 39 11.4683 8.58218
6 40 10.527 7.01721
6 41 7.36177 3.68899
6 42 10.2544 7.17688
6 43 8.88837 5.2358
6 44 9.94795 6.0534
6 45 13.6345 11.3419
6 46 16.4678 14.4691
6 47 17.6394 15.7631
6 48 14.4402 10.7912
6 49 14.9998 12.1388
6 50 12.4765 9.54476
6 51 13.5212 12.1614
6 52 11.6975 9.254
6 53 9.77038 8.60687
6 54 9.33105 6.35616
6 55 11.8839 9.31674
6 56 14.2183 11.9608
6 57 15.8746 14.6366
6 58 16.1835 12.84
6 59 18.0888 16.8747
6 60 21.2534 19.6356
6 61 20.1527 18.7735
6 62 22.0112 19.8713
6 63 20.7013 19.0788
6 64 21.477 19.6779
6 65 19.6774 17.3153
6 66 16.3881 14.7623
6 67 16.8704 15.6344
6 68 17.7036 15.3947
6 69 14.786 12.1264
6 70 12.344 9.69197
6 71 14.6538 13.2645
6 72 14.8108 12.2017
6 73 11.2678 8.22067
6 74 11.5986 8.63039
6 75 10.1119 6.06949
6 76 6.72111 2.48684
6 77 5.52891 3.30038
6 78 4.44738 2.95076
6 79 6.19459 4.91676
6 80 8.79121 6.98595
6 81 10.5888 8.7244
6 82 13.9955 11.7368
6 83 16.1554 14.101
6 84 19.3395 16.9168
7 8 3.7806 1.31808
7 9 6.20245 3.48756
7 10 7.77082 5.31302
7 11 11.4228 7.66454
7 12 11.6728 7.52416
7 13 10.4446 5.6873
7 14 7.36042 2.5891
7 15 9.68566 5.64928
7 16 10.9613 3.60344
7 17 14.0259 8.8261
7 18 15.3504 8.78294
7 19 18.9055 13.2078
7 20 21.0126 16.2481
7 21 21.4257 17.2876
7 22 25.2109 19.8488
7 23 27.0419 22.4544
7 24 24.4773 20.4153
7 25 23.9328 18.2843
7 26 20.1668 15.3394
7 27 17.0239 10.5914
7 28 16.1975 10.9518
7 29 13.9983 5.25929
7 30 16.7423 11.0478
7 31 15.2891 9.01238
7 32 12.4769 6.78386
7 33 13.1608 9.1079
7 34 14.234 11.1293
7 35 12.6403 8.68089
7 36 9.82549 5.81613
7 37 6.08062 2.98426
7 38 6.08794 3.13636
7 39 9.15879 5.13543
7 40 8.3105 5.76499
7 41 6.26803 2.8324
7 42 9.68707 5.81384
7 43 9.37303 5.57501
7 44 9.67848 2.03658
7 45 12.9985 7.96219
7 46 15.4945 10.3364
7 47 17.3084 12.0802
7 48 14.6081 8.32252
7 49 15.3722 10.0523
7 50 12.8685 5.84416
7 51 14.7414 10.7405
7 52 12.9245 8.24068
7 53 10.3859 6.53255
7 54 10.5805 7.12759
7 55 13.7491 11.2844
7 56 15.3158 12.3131
7 57 17.0658 14.4603
7 58 16.688 9.64524
7 59 18.8705 14.9438
7 60 21.6895 17.2286
7 61 20.0455 15.2439
7 62 21.2905 15.3502
7 63 19.4243 14.1929
7 64 19.9463 15.1481
7 65 18.6908 13.4023
7 66 15.3798 10.3339
7 67 15.0497 11.1984
7 68 16.0835 12.3314
7 69 13.7769 9.78619
7 70 10.6664 5.00919
7 71 12.3923 9.76137
7 72 13.2366 10.5193
7 73 10.2174 7.21441
7 74 10.0782 6.01274
7 75 8.1559 3.62377
7 76 5.88823 3.57805
7 77 4.93342 2.69929
7 78 6.29779 4.87673
7 79 7.61407 2.13838
7 80 10.9009 7.6345
7 81 12.0056 7.835
7 82 15.449 10.9243
7 83 17.0895 12.9971
7 84 20.0304 14.7832
8 9 3.57229 1.30763
8 10 5.31166 3.07634
8 11 8.75371 5.4051
8 12 9.48679 5.96705
8 13 9.40375 5.40366
8 14 7.46033 4.48745
8 15 10.184 7.60481
8 16 12.5018 8.77856
8 17 15.6857 13.4065
8 18 17.5215 14.1142
8 19 21.2174 18.8897
8 20 23.5437 21.9755
8 21 23.8328 22.8781
8 22 27.6125 25.3711
8 23 29.5959 27.9288
8 24 27.2736 26.0396
8 25 26.9033 24.3084
8 26 23.1685 21.1659
8 27 19.8639 16.2137
8 28 19.2014 17.1835
8 29 16.8177 11.6782
8 30 19.19 16.9874
8 31 17.2995 13.746
8 32 14.2922 10.6986
8 33 13.9962 10.2246
8 34 14.7946 11.9788
8 35 12.4366 8.41258
8 36 9.62372 6.53014
8 37 6.02925 3.29469
8 38 8.07147 6.07377
8 39 10.6514 8.49493
8 40 8.96398 5.62682
8 41 8.26689 6.40014
8 42 11.9977 9.37236
8 43 12.5643 8.6965
8 44 13.0203 7.95059
8 45 16.0986 13.6548
8 46 18.4248 16.1507
8 47 20.5659 18.3327
8 48 18.1036 14.2318
8 49 18.8209 15.9957
8 50 16.1757 11.7281
8 51 18.0498 15.9798
8 52 15.8391 12.5819
8 53 12.7633 9.93936
8 54 12.3729 9.35661
8 55 15.9314 13.9179
8 56 17.379 15.8495
8 57 19.6334 18.3445
8 58 19.3213 14.5642
8 59 21.8817 20.0315
8 60 24.4144 22.4277
8 61 22.3635 20.1834
8 62 23.3096 20.311
8 63 21.2516 18.8726
8 64 21.1861 18.9113
8 65 20.1281 17.457
8 66 17.1665 14.5926
8 67 16.1544 14.0782
8 68 16.6946 14.4574
8 69 14.7877 12.3488
8 70 11.6111 9.52862
8 71 12.1886 10.7289
8 72 12.8725 11.6811
8 73 10.3177 8.93755
8 74 8.80283 6.4256
8 75 5.76263 3.42949
8 76 4.90375 3.22209
8 77 6.21528 4.96879
8 78 8.85082 7.33737
8 79 10.9483 7.4043
8 80 14.4356 12.1488
8 81 15.7323 13.4235
8 82 19.2104 16.5614
8 83 20.773 18.8055
8 84 23.6325 20.959
9 10 2.43262 0.479331
9 11 5.5837 2.16494
9 12 6.25312 3.25685
9 13 6.09817 3.6427
9 14 5.30729 3.13681
9 15 8.48619 7.01442
9 16 11.1643 8.19943
9 17 14.0309 11.2367
9 18 16.1667 11.0862
9 19 19.8821 15.6994
9 20 22.389 18.2953
9 21 22.6093 18.5675
9 22 26.3126 20.9075
9 23 28.5558 23.2217
9 24 26.638 22.455
9 25 26.3477 21.6664
9 26 22.746 18.3113
9 27 19.2384 12.7941
9 28 18.8051 15.5126
9 29 16.3809 12.1598
9 30 18.3685 15.9214
9 31 16.3896 13.5234
9 32 13.7254 11.7266
9 33 12.9359 9.24296
9 34 14.3139 11.7879
9 35 12.1719 8.65056
9 36 8.83729 7.25937
9 37 6.1528 3.80858
9 38 8.64002 7.50527
9 39 11.4056 10.1246
9 40 10.4982 6.91468
9 41 10.6647 9.2453
9 42 14.0868 12.0343
9 43 14.7663 13.0118
9 44 14.363 10.0036
9 45 16.8826 15.738
9 46 18.5641 17.7846
9 47 20.8459 19.3502
9 48 18.7393 16.3904
9 49 19.1925 16.2107
9 50 16.4793 10.4488
9 51 18.6728 15.0152
9 52 16.401 11.5438
9 53 13.019 6.48796
9 54 13.0284 6.53022
9 55 16.7651 12.2507
9 56 17.4872 11.6209
9 57 19.8174 14.9419
9 58 19.0603 10.2159
9 59 21.8715 16.9761
9 60 23.9398 18.7826
9 61 21.4244 15.1944
9 62 21.8345 14.7051
9 63 19.4812 12.8138
9 64 18.9875 12.0596
9 65 18.3729 10.8169
9 66 15.7059 8.55201
9 67 13.979 7.19016
9 68 14.4272 6.98086
9 69 13.2511 5.56648
9 70 9.89505 2.48949
9 71 9.53744 3.38976
9 72 10.7591 4.52828
9 73 9.13984 3.94934
9 74 7.33316 2.84098
9 75 4.74173 0.842303
9 76 6.11043 4.9273
9 77 7.06408 3.26069
9 78 10.5329 8.36841
9 79 12.2853 7.98883
9 80 15.9975 13.1994
9 81 17.0507 15.4751
9 82 20.5372 18.1823
9 83 21.9353 20.9703
9 84 24.3777 22.3565
10 11 3.66556 1.32968
10 12 4.17546 0.97402
10 13 4.98509 2.68655
10 14 5.13933 4.13189
10 15 7.50165 5.81812
10 16 10.7496 8.62568
10 17 13.7562 11.8937
10 18 16.3682 14.1391
10 19 20.0977 18.4391
10 20 22.9053 21.8104
10 21 23.4175 23.3517
10 22 27.0604 25.6997
10 23 29.5415 28.508
10 24 27.8045 27.6431
10 25 27.2891 25.9516
10 26 23.7819 22.5844
10 27 20.1391 17.1967
10 28 19.414 17.9124
10 29 16.6708 13.6614
10 30 18.1933 16.8153
10 31 15.8135 12.3861
10 32 13.0294 10.6555
10 33 11.6136 6.88725
10 34 12.7842 9.62262
10 35 10.4798 7.0077
10 36 7.27223 5.99079
10 37 5.48312 3.34421
10 38 8.60753 7.25242
10 39 10.7799 9.39745
10 40 9.925 6.39103
10 41 10.9557 10.1785
10 42 14.1318 12.731
10 43 15.338 14.411
10 44 14.8413 11.1114
10 45 17.007 16.2936
10 46 18.5397 17.454
10 47 21.1587 19.7956
10 48 19.4303 17.4614
10 49 20.1812 19.1742
10 50 17.7648 13.9833
10 51 20.279 19.2203
10 52 18.28 16.1174
10 53 15.0492 12.4281
10 54 15.4503 11.2778
10 55 19.1373 17.2817
10 56 19.6565 18.2128
10 57 21.7614 21.2233
10 58 20.6821 16.2044
10 59 23.3681 22.4903
10 60 25.3446 24.4828
10 61 22.7488 21.3329
10 62 22.8235 20.4291
10 63 20.161 17.5423
10 64 19.6871 18.1637
10 65 19.5176 17.4732
10 66 16.8619 14.5967
10 67 14.7534 13.2563
10 68 15.4982 14.0866
10 69 14.814 12.8395
10 70 11.3086 9.45614
10 71 10.5871 9.5575
10 72 12.3866 11.5524
10 73 11.3139 9.87646
10 74 9.54563 6.48275
10 75 6.37155 1.63533
10 76 8.50503 6.69206
10 77 9.48915 6.82866
10 78 12.8148 11.2617
10 79 14.132 10.686
10 80 17.7506 16.5347
10 81 18.4041 17.325
10 82 21.7139 20.4009
10 83 22.746 22.4402
10 84 25.1216 23.9513
11 12 1.81973 0.424878
11 13 5.00508 1.76756
11 14 7.35405 4.59782
11 15 9.01357 6.3798
11 16 12.4488 9.09238
11 17 15.0155 11.2906
11 18 17.9131 13.8344
11 19 21.5025 18.0486
11 20 24.4521 21.2221
11 21 24.9339 22.6908
11 22 28.4135 24.864
11 23 31.0916 27.7405
11 24 29.7283 27.517
11 25 29.2783 25.257
11 26 25.9482 22.545
11 27 22.2433 17.1155
11 28 21.6472 17.8979
11 29 18.885 14.1747
11 30 19.9028 16.8856
11 31 17.3489 13.0142
11 32 14.8654 12.2207
11 33 12.7473 8.077
11 34 13.9085 11.4059
11 35 11.6152 8.88058
11 36 8.83583 8.12088
11 37 8.43645 5.09702
11 38 11.6385 9.19862
11 39 13.3483 11.412
11 40 12.6474 7.79076
11 41 14.2873 12.1204
11 42 17.2424 14.7025
11 43 18.7172 16.5273
11 44 17.9986 13.1431
11 45 19.7625 17.8327
11 46 20.8845 18.6549
11 47 23.6513 20.6403
11 48 22.2641 19.1002
11 49 22.9251 20.2374
11 50 20.5579 14.6554
11 51 23.1713 20.4153
11 52 21.1253 17.6262
11 53 17.783 13.496
11 54 18.2147 13.6504
11 55 21.9398 19.4088
11 56 22.0845 19.3217
11 57 24.2731 22.0759
11 58 22.9972 16.562
11 59 25.8214 23.0536
11 60 27.4244 24.5854
11 61 24.5134 21.1263
11 62 24.1205 19.6149
11 63 21.2547 16.3123
11 64 20.3148 16.795
11 65 20.6116 16.7875
11 66 18.4054 14.079
11 67 15.6993 12.0644
11 68 16.1922 13.2351
11 69 16.268 12.9347
11 70 12.9935 9.36388
11 71 11.2431 8.85964
11 72 13.232 11.2327
11 73 13.1399 11.5967
11 74 11.0451 8.48671
11 75 8.87927 3.90642
11 76 11.5958 9.77889
11 77 12.5918 8.95189
11 78 16.1343 13.8156
11 79 17.437 12.2113
11 80 21.0906 18.5416
11 81 21.6619 19.1339
11 82 24.9136 22.0545
11 83 25.7904 23.785
11 84 27.9221 25.1092
12 13 3.70315 1.26238
12 14 6.55209 4.25321
12 15 7.39314 5.32886
12 16 10.6025 7.32315
12 17 12.685 8.00432
12 18 15.9007 12.0632
12 19 19.286 15.7398
12 20 22.4792 18.9404
12 21 23.2804 20.8175
12 22 26.5689 22.9318
12 23 29.5405 25.989
12 24 28.5215 26.139
12 25 27.8091 23.0843
12 26 24.7357 20.924
12 27 20.9639 15.9726
12 28 20.1909 15.9948
12 29 17.3272 12.9292
12 30 17.7063 14.1766
12 31 15.054 9.24359
12 32 13.076 10.0065
12 33 10.6346 4.15794
12 34 12.3232 7.97604
12 35 10.748 6.25316
12 36 7.87846 5.57886
12 37 8.07852 3.67784
12 38 11.0112 7.45817
12 39 12.6106 9.3153
12 40 12.3902 6.54599
12 41 14.1825 10.8763
12 42 16.8639 13.2543
12 43 18.3465 15.0979
12 44 17.3321 11.8817
12 45 18.7965 16.339
12 46 19.3436 16.794
12 47 22.2301 18.9444
12 48 21.3649 17.9202
12 49 22.0961 19.5546
12 50 19.9236 13.8897
12 51 22.7384 19.7611
12 52 20.9293 16.857
12 53 17.7447 12.6704
12 54 18.5553 12.7734
12 55 22.1959 18.5254
12 56 22.1459 18.4546
12 57 24.096 21.3098
12 58 22.5512 15.8402
12 59 25.2406 22.3739
12 60 26.6577 23.7146
12 61 23.663 20.4255
12 62 22.7418 18.3376
12 63 19.5198 13.9129
12 64 18.7125 15.7072
12 65 19.6798 16.1503
12 66 17.5431 13.4532
12 67 14.4645 11.4974
12 68 15.5623 12.5397
12 69 16.0623 12.1164
12 70 12.6834 8.55451
12 71 11.0326 8.20651
12 72 13.4807 10.4579
12 73 13.5345 10.6774
12 74 11.8907 7.73564
12 75 10.17 5.65266
12 76 12.5162 9.92531
12 77 13.0153 8.07352
12 78 16.4528 13.2508
12 79 17.3649 11.5382
12 80 20.9291 17.8076
12 81 21.2083 18.4774
12 82 24.3228 21.4437
12 83 24.9968 22.5145
12 84 26.9042 24.021
13 14 3.68863 1.31653
13 15 5.33578 3.16002
13 16 7.99126 5.83495
13 17 10.0642 8.6582
13 18 12.8674 10.6267
13 19 16.4057 14.939
13 20 19.3771 18.2144
13 21 19.9851 19.783
13 22 23.4246 22.0864
13 23 26.225 25.0437
13 24 24.9921 24.5621
13 25 24.3929 22.3093
13 26 21.193 19.4387
13 27 17.4476 14.1081
13 28 16.8973 14.5961
13 29 14.2832 10.7738
13 30 15.2356 13.7828
13 31 13.0893 10.2482
13 32 11.2761 9.25012
13 33 9.89039 6.52299
13 34 12.2879 9.89597
13 35 11.2839 7.99906
13 36 7.75585 6.00222
13 37 7.63583 3.20683
13 38 9.34053 6.26421
13 39 11.6833 8.59876
13 40 12.4045 7.45926
13 41 13.498 10.4032
13 42 15.9426 12.6025
13 43 16.7449 14.0119
13 44 15.0822 10.0314
13 45 16.3433 14.6428
13 46 16.8546 15.3855
13 47 19.3844 17.2658
13 48 18.2085 15.8596
13 49 18.6219 16.9775
13 50 16.4478 11.3905
13 51 19.3531 17.4102
13 52 17.7384 15.0344
13 53 14.7661 11.4278
13 54 16.1742 12.6651
13 55 19.5985 17.5379
13 56 19.1676 17.7726
13 57 20.791 19.6604
13 58 18.9549 14.0888
13 59 21.5607 20.2817
13 60 22.9769 21.9421
13 61 20.0657 18.6355
13 62 19.4229 17.1061
13 63 16.3661 13.5703
13 64 15.7734 14.5826
13 65 16.371 14.6845
13 66 13.9684 11.8238
13 67 11.1729 9.98719
13 68 12.4636 11.7078
13 69 12.8549 11.4384
13 70 9.36402 7.93226
13 71 8.18731 7.55919
13 72 11.2466 10.2105
13 73 11.3544 10.5683
13 74 10.795 8.43421
13 75 10.0321 7.29033
13 76 11.8191 10.2003
13 77 11.1953 7.386
13 78 14.421 12.2227
13 79 14.7138 9.37145
13 80 18.1507 15.8831
13 81 18.2396 16.0229
13 82 21.2908 18.8709
13 83 22.0178 20.467
13 84 23.725 21.7335
14 15 3.78758 1.30083
14 16 5.95889 3.47783
14 17 8.77408 6.97577
14 18 11.2427 7.16542
14 19 14.9852 11.9929
14 20 17.8407 14.8161
14 21 18.5921 15.5875
14 22 22.2233 17.9362
14 23 24.8268 20.6078
14 24 23.155 19.6816
14 25 22.3877 18.2479
14 26 18.9719 14.8065
14 27 15.2468 9.29992
14 28 14.4091 11.3016
14 29 11.7016 7.48379
14 30 13.2718 11.17
14 31 11.3101 7.50708
14 32 9.12409 5.53715
14 33 8.7479 6.04898
14 34 11.1887 8.64803
14 35 10.4067 7.51928
14 36 6.61751 4.62857
14 37 5.31407 3.51769
14 38 6.03994 3.08363
14 39 9.03506 5.33796
14 40 10.0204 7.14814
14 41 10.3819 7.86585
14 42 12.7883 9.50329
14 43 13.2091 10.4698
14 44 11.5552 6.17523
14 45 13.1682 10.5615
14 46 14.1087 11.6236
14 47 16.5234 13.7831
14 48 14.9977 11.9074
14 49 15.5974 12.0651
14 50 13.4439 6.49891
14 51 16.3949 11.7863
14 52 14.9828 9.00839
14 53 12.2627 5.43832
14 54 13.8773 7.40695
14 55 17.1654 11.5765
14 56 17.1038 11.841
14 57 18.497 13.9641
14 58 16.7741 8.47003
14 59 19.1348 14.7346
14 60 21.0204 16.5528
14 61 18.5209 13.3831
14 62 18.4136 12.6086
14 63 15.5732 10.7484
14 64 15.6808 11.1938
14 65 15.7584 10.0937
14 66 12.7358 6.92866
14 67 10.7896 6.71942
14 68 12.5277 8.09308
14 69 12.001 6.15478
14 70 8.21998 2.63426
14 71 8.61373 5.19353
14 72 11.375 6.73538
14 73 10.38 5.05309
14 74 10.4574 4.51253
14 75 9.52426 5.18478
14 76 10.0865 6.20548
14 77 8.74644 2.40152
14 78 11.4778 7.15084
14 79 11.4284 3.63827
14 80 14.7683 10.0359
14 81 14.7548 11.0348
14 82 17.8357 13.8612
14 83 18.6493 16.3422
14 84 20.6232 17.7147
15 16 3.78858 1.32706
15 17 7.13907 4.69978
15 18 10.4267 7.87032
15 19 14.0247 11.466
15 20 17.3648 15.0763
15 21 18.8498 17.3233
15 22 22.2988 19.8523
15 23 25.2178 23.0655
15 24 23.7386 22.1694
15 25 22.3999 19.3754
15 26 19.2314 16.6182
15 27 15.4493 11.8122
15 28 13.8251 10.7147
15 29 10.5191 6.22772
15 30 11.1369 8.47536
15 31 8.41544 4.33099
15 32 6.01271 3.15464
15 33 5.02288 2.84754
15 34 7.86457 5.78132
15 35 8.00314 6.91327
15 36 4.62654 4.62654
15 37 5.57959 4.11559
15 38 5.57483 3.91879
15 39 7.23087 5.05346
15 40 9.26754 7.52739
15 41 10.473 8.96013
15 42 11.9084 9.86246
15 43 12.8541 10.6343
15 44 10.8229 6.99364
15 45 11.4889 9.22773
15 46 12.0343 9.23485
15 47 15.0082 11.5707
15 48 14.2925 11.1506
15 49 15.5671 13.8159
15 50 14.2765 8.80187
15 51 17.7034 15.4212
15 52 17.0468 14.2737
15 53 14.9137 11.5944
15 54 16.9985 13.8441
15 55 20.0057 17.6551
15 56 19.836 17.4777
15 57 20.6797 19.1257
15 58 18.4921 13.6406
15 59 20.3017 18.9369
15 60 22.1542 20.5214
15 61 19.8593 17.9489
15 62 19.3507 16.4406
15 63 16.1274 12.2973
15 64 16.7718 15.1297
15 65 17.4905 14.9417
15 66 14.3685 11.7123
15 67 12.3541 10.9371
15 68 14.8373 13.046
15 69 14.7758 12.2519
15 70 11.0932 7.85261
15 71 11.6055 10.0559
15 72 14.7723 12.189
15 73 13.9952 11.7017
15 74 14.2388 10.6258
15 75 13.139 10.4238
15 76 13.5348 12.182
15 77 12.0681 8.46629
15 78 14.2591 12.585
15 79 13.5083 8.40485
15 80 16.3456 14.7987
15 81 15.4605 12.9336
15 82 17.9696 15.4105
15 83 17.9971 14.9621
15 84 19.7895 16.8412
16 17 3.79092 1.32603
16 18 6.88215 3.03835
16 19 10.4192 7.5716
16 20 13.7901 10.8985
16 21 15.5831 12.2631
16 22 18.9606 14.8612
16 23 21.9147 17.8111
16 24 20.457 16.4986
16 25 18.8553 14.4498
16 26 15.8246 11.138
16 27 12.0815 6.02401
16 28 10.2019 6.35525
16 29 6.87941 2.46263
16 30 7.49694 6.14002
16 31 5.42374 3.12332
16 32 4.37622 3.38021
16 33 5.70503 4.6259
16 34 9.22712 7.80817
16 35 10.5813 8.90764
16 36 7.79133 6.74245
16 37 8.36074 6.39883
16 38 6.49921 3.77388
16 39 8.30479 6.72522
16 40 11.2699 9.29958
16 41 11.6215 8.20414
16 42 12.3006 10.3
16 43 12.3555 9.70347
16 44 9.39752 4.27871
16 45 9.27026 7.66159
16 46 8.9944 7.77349
16 47 11.6599 9.38321
16 48 11.2359 7.81425
16 49 12.3779 8.59945
16 50 11.5759 2.94977
16 51 15.2457 9.66578
16 52 15.239 8.53383
16 53 13.8088 6.04795
16 54 16.5847 10.2614
16 55 19.0652 12.7939
16 56 18.5242 11.7713
16 57 18.7151 13.1547
16 58 16.1017 7.79565
16 59 17.449 12.7645
16 60 19.2169 14.3893
16 61 17.1775 12.0573
16 62 16.5884 11.1079
16 63 13.3612 8.32639
16 64 14.7016 11.4994
16 65 15.5432 10.6319
16 66 12.2544 7.3975
16 67 10.7797 8.04919
16 68 13.9247 10.0256
16 69 13.8906 8.70171
16 70 10.5792 3.28988
16 71 11.9505 8.23355
16 72 15.2104 10.5709
16 73 14.4446 8.98219
16 74 15.6286 10.2524
16 75 15.231 10.6895
16 76 15.1037 10.4642
16 77 12.7546 5.59111
16 78 14.2281 9.06206
16 79 12.5165 3.67098
16 80 14.765 9.38633
16 81 13.2757 8.91846
16 82 15.3747 11.2656
16 83 15.162 12.9849
16 84 16.5113 13.6349
17 18 3.79892 1.33058
17 19 7.01901 4.48187
17 20 10.5877 8.09666
17 21 12.5823 10.6675
17 22 15.7088 13.1424
17 23 18.9069 16.4748
17 24 17.9015 15.8374
17 25 16.2088 12.4389
17 26 13.5908 10.1063
17 27 9.94255 6.41055
17 28 8.38532 3.98232
17 29 5.8429 3.05931
17 30 5.63441 2.97208
17 31 5.1873 2.93809
17 32 6.68758 5.13745
17 33 8.35955 6.0626
17 34 12.0923 9.09962
17 35 13.9815 11.8649
17 36 11.3807 10.0487
17 37 12.0745 10.0273
17 38 10.1061 7.27075
17 39 11.8642 9.4519
17 40 15.0113 12.1806
17 41 15.1311 12.1668
17 42 15.5287 13.5922
17 43 15.067 12.5583
17 44 11.6258 8.1502
17 45 10.7117 7.56987
17 46 9.12845 7.21152
17 47 11.0202 7.66979
17 48 11.1952 7.21431
17 49 11.6195 9.38463
17 50 11.1997 5.73771
17 51 14.8715 11.8437
17 52 15.2843 12.9023
17 53 14.3406 10.713
17 54 17.598 15.6428
17 55 19.6454 17.8363
17 56 18.412 15.5864
17 57 18.0942 15.918
17 58 14.9423 10.4798
17 59 16.0106 14.2015
17 60 17.1761 15.3202
17 61 15.0497 12.5341
17 62 13.8522 11.1366
17 63 10.3892 6.11758
17 64 12.0862 11.0379
17 65 13.5332 11.941
17 66 10.6075 8.85675
17 67 9.1651 8.33289
17 68 12.7844 11.0201
17 69 13.4102 12.5518
17 70 10.7924 6.70052
17 71 12.1802 10.0952
17 72 15.6116 13.6412
17 73 15.4595 14.1292
17 74 17.2391 15.0327
17 75 17.5802 15.7856
17 76 17.5965 16.1436
17 77 14.8624 11.1868
17 78 16.1309 14.586
17 79 13.9423 8.97433
17 80 15.7456 12.4508
17 81 13.9857 11.1516
17 82 15.6462 11.9717
17 83 15.2849 12.3024
17 84 15.7601 12.2954
18 19 3.76306 1.29909
18 20 6.94737 4.63553
18 21 8.93922 6.53802
18 22 12.1398 8.80459
18 23 15.2171 11.7738
18 24 14.1338 11.6773
18 25 12.4295 8.98488
18 26 9.87667 6.81597
18 27 6.33713 2.56388
18 28 5.33827 3.09645
18 29 4.5532 2.21838
18 30 5.29555 3.97134
18 31 7.19749 5.65081
18 32 9.36905 7.7265
18 33 11.818 9.58444
18 34 15.4037 12.9862
18 35 17.3367 15.3356
18 36 14.6692 13.0241
18 37 14.7343 12.0753
18 38 12.2538 8.91738
18 39 14.3621 11.8113
18 40 17.5108 14.5113
18 41 16.8965 12.9222
18 42 17.1416 15.0298
18 43 15.8509 12.3924
18 44 12.1732 7.74578
18 45 11.1469 8.09634
18 46 9.10245 8.6612
18 47 9.60939 8.3459
18 48 9.62966 5.86931
18 49 9.04054 7.03806
18 50 8.8668 2.60577
18 51 12.3254 8.67958
18 52 13.2567 9.35138
18 53 13.0944 6.71249
18 54 16.7301 11.9716
18 55 18.1202 13.9902
18 56 16.4809 11.0637
18 57 15.5318 11.1459
18 58 12.068 5.55303
18 59 12.6952 9.9653
18 60 13.63 9.87831
18 61 11.7782 6.95336
18 62 10.66 5.17817
18 63 7.5237 2.59305
18 64 10.1223 5.4694
18 65 11.2799 6.11697
18 66 8.43529 3.32507
18 67 8.19681 3.56611
18 68 11.9552 6.14811
18 69 12.3749 7.72052
18 70 10.6411 3.1534
18 71 12.7123 8.24567
18 72 15.7389 10.7424
18 73 15.5462 11.001
18 74 18.04 13.6735
18 75 18.979 15.481
18 76 18.5918 14.7188
18 77 15.3615 9.20711
18 78 15.9793 11.613
18 79 13.2414 7.07849
18 80 14.371 9.76027
18 81 12.4644 9.34959
18 82 13.7578 10.3765
18 83 13.6279 12.0305
18 84 13.4752 11.6574
19 20 3.81084 1.33896
19 21 6.80774 4.30206
19 22 9.2706 6.70801
19 23 12.578 10.0602
19 24 12.058 9.44201
19 25 9.90392 5.57377
19 26 8.34948 3.81227
19 27 5.89204 3.62157
19 28 5.401 2.88981
19 29 6.50603 4.3472
19 30 6.15747 2.8634
19 31 9.24003 5.91512
19 32 12.2175 9.29747
19 33 14.7923 11.8215
19 34 18.2928 14.9148
19 35 20.6037 17.8528
19 36 18.1853 16.7541
19 37 18.4282 16.3027
19 38 15.7891 12.8503
19 39 17.6226 15.3675
19 40 20.9477 18.1823
19 41 20.2437 16.7053
19 42 20.1107 18.0085
19 43 18.5663 15.3155
19 44 14.7865 11.4881
19 45 13.1605 8.99249
19 46 10.3767 7.37422
19 47 9.83325 7.04992
19 48 10.6598 6.87037
19 49 9.55649 7.67006
19 50 10.3051 6.86854
19 51 13.2631 10.3161
19 52 14.8604 12.1919
19 53 15.4231 11.2755
19 54 19.2047 16.3533
19 55 20.0213 17.5889
19 56 17.9812 13.9846
19 57 16.3542 13.007
19 58 12.6071 8.6136
19 59 12.3867 8.93483
19 60 12.588 10.0697
19 61 11.2258 7.40939
19 62 9.55618 7.54151
19 63 6.85771 4.09889
19 64 10.211 8.67244
19 65 11.7272 10.2781
19 66 9.73786 7.26847
19 67 10.1286 9.10885
19 68 13.7278 11.7627
19 69 14.4678 12.8888
19 70 13.5153 8.38998
19 71 15.5325 13.5646
19 72 18.3978 16.1745
19 73 18.4668 16.275
19 74 21.2488 18.8756
19 75 22.4871 20.3705
19 76 22.0409 19.6705
19 77 18.666 14.1671
19 78 18.9389 16.1104
19 79 15.9063 11.5313
19 80 16.3673 12.3208
19 81 14.1551 12.3384
19 82 14.6352 11.0547
19 83 14.1489 11.6302
19 84 12.9582 8.91929
20 21 3.78399 1.3267
20 22 5.76827 3.38283
20 23 8.86225 6.763
20 24 8.48174 7.40601
20 25 6.34131 3.21087
20 26 5.65424 3.34522
20 27 4.96591 3.34479
20 28 6.23308 5.03397
20 29 8.98727 7.54582
20 30 9.35703 7.30482
20 31 12.782 10.2422
20 32 15.6476 13.3718
20 33 18.4356 16.0619
20 34 21.8824 19.3528
20 35 24.0974 22.0434
20 36 21.5611 20.4698
20 37 21.4032 19.7679
20 38 18.6214 16.3071
20 39 20.6959 18.8889
20 40 23.8989 21.6949
20 41 22.7463 19.8447
20 42 22.6213 21.3566
20 43 20.5752 18.2908
20 44 16.8954 14.1434
20 45 15.4497 12.5535
20 46 12.7831 11.5131
20 47 11.1517 10.7547
20 48 11.6463 9.27591
20 49 9.50068 8.6898
20 50 10.4048 9.01331
20 51 12.438 11.4911
20 52 14.4161 13.4984
20 53 15.6952 12.7078
20 54 19.4851 17.7279
20 55 19.608 18.2088
20 56 17.2081 14.419
20 57 14.965 12.7589
20 58 11.1917 8.36922
20 59 10.2536 8.13413
20 60 9.71935 8.29485
20 61 9.01279 5.4869
20 62 7.4644 5.18733
20 63 6.2623 3.67318
20 64 10.0323 6.46571
20 65 10.9915 8.35568
20 66 9.76718 7.54154
20 67 11.2523 9.00217
20 68 14.3306 11.402
20 69 14.8662 12.9153
20 70 14.8248 10.4462
20 71 17.0935 14.8452
20 72 19.438 17.0601
20 73 19.5267 17.8367
20 74 22.7156 20.6045
20 75 24.3862 23.1708
20 76 23.7074 22.1257
20 77 20.137 16.6415
20 78 19.9436 17.9779
20 79 16.743 14.0841
20 80 16.585 14.2118
20 81 14.5454 14.5367
20 82 14.6009 12.6807
20 83 14.4806 14.1305
20 84 12.6162 11.0671
21 22 3.79033 1.31327
21 23 6.39426 3.56058
21 24 6.06342 4.58043
21 25 5.80628 3.26436
21 26 5.1393 2.88304
21 27 5.38572 2.99673
21 28 8.42431 6.05551
21 29 11.396 9.44814
21 30 12.5376 10.6589
21 31 15.6752 13.32
21 32 18.1146 15.9386
21 33 20.7539 18.8129
21 34 24.3074 22.2204
21 35 26.1191 24.661
21 36 23.218 22.5771
21 37 22.6009 21.4788
21 38 20.0631 18.1532
21 39 22.637 20.9668
21 40 25.511 23.7024
21 41 24.0879 21.2665
21 42 24.4354 23.0189
21 43 22.1643 19.506
21 44 18.6876 15.2303
21 45 17.8928 14.5476
21 46 15.7138 14.2624
21 47 13.9974 12.3549
21 48 13.6353 10.4632
21 49 10.6937 7.91091
21 50 10.5625 9.18691
21 51 11.6928 10.9507
21 52 13.1435 12.6698
21 53 14.474 12.0303
21 54 18.0694 16.8515
21 55 17.8496 16.8132
21 56 14.9626 12.7594
21 57 12.668 10.9476
21 58 8.9805 6.88569
21 59 8.44252 6.68299
21 60 6.85855 5.12326
21 61 5.68044 3.29193
21 62 3.96752 3.28092
21 63 4.58304 3.77805
21 64 7.99628 6.58468
21 65 8.23297 6.39376
21 66 7.99677 7.00502
21 67 10.1946 9.00871
21 68 12.5008 11.1123
21 69 12.9925 12.1317
21 70 13.8857 10.6547
21 71 16.0938 14.9376
21 72 17.8853 16.6617
21 73 18.2255 17.3309
21 74 21.6713 20.2696
21 75 23.8531 23.2847
21 76 23.2372 21.7241
21 77 19.6762 16.7188
21 78 19.4479 17.4152
21 79 16.5229 14.0009
21 80 16.3947 13.904
21 81 15.1241 14.6555
21 82 15.6031 13.2344
21 83 16.3247 14.9936
21 84 14.6597 11.9514
22 23 3.7552 1.33243
22 24 5.64757 3.21915
22 25 5.64154 2.95866
22 26 7.27535 5.05617
22 27 8.7871 5.41891
22 28 11.4176 8.15459
22 29 14.5409 12.1354
22 30 15.1123 12.9549
22 31 18.4663 15.7972
22 32 21.2578 18.5938
22 33 23.8812 21.3531
22 34 27.4353 24.7357
22 35 29.471 27.2468
22 36 26.6893 25.1753
22 37 26.2638 24.1181
22 38 23.6908 20.8341
22 39 26.0996 23.6598
22 40 29.103 26.3985
22 41 27.7282 23.9709
22 42 27.8839 25.7314
22 43 25.5712 22.1552
22 44 22.0512 17.912
22 45 20.929 17.1838
22 46 18.4242 16.746
22 47 16.385 14.6671
22 48 16.5102 13.0583
22 49 13.6095 9.62672
22 50 13.9834 11.3105
22 51 14.7035 12.8388
22 52 16.3953 14.7449
22 53 17.9906 14.3941
22 54 21.4759 19.157
22 55 20.9215 18.8351
22 56 17.8575 14.7296
22 57 15.2704 12.7202
22 58 11.8896 8.77391
22 59 10.7358 7.61831
22 60 8.20849 6.43734
22 61 7.96258 5.04473
22 62 5.95383 5.29461
22 63 7.41796 5.41751
22 64 10.175 8.04518
22 65 10.771 8.59488
22 66 11.4334 9.37569
22 67 13.4314 11.1752
22 68 15.415 12.9604
22 69 16.2394 14.367
22 70 17.4571 13.0069
22 71 19.4027 17.1824
22 72 21.1071 18.6254
22 73 21.7075 19.7038
22 74 25.1828 22.6046
22 75 27.5061 25.6597
22 76 26.9582 24.1316
22 77 23.4093 19.1384
22 78 23.0992 19.7418
22 79 20.1389 16.4289
22 80 19.7135 16.1603
22 81 18.3314 17.0408
22 82 18.3098 15.4731
22 83 18.7602 17.0587
22 84 16.4863 12.7696
23 24 3.8008 1.32948
23 25 5.57401 3.19182
23 26 8.04738 5.65721
23 27 10.6889 8.0495
23 28 13.6287 9.65473
23 29 17.1082 15.0989
23 30 18.1133 16.2863
23 31 21.5753 19.1174
23 32 24.1959 21.7663
23 33 27.0042 24.6756
23 34 30.4879 28.0804
23 35 32.3953 30.5205
23 36 29.5392 28.2866
23 37 28.7689 27.066
23 38 26.1002 23.8399
23 39 28.6542 26.7201
23 40 31.5042 29.4159
23 41 29.7719 26.5827
23 42 29.9537 28.18
23 43 27.3081 24.1287
23 44 23.9967 20.2655
23 45 23.1037 19.853
23 46 20.855 19.4835
23 47 18.3674 16.3122
23 48 18.13 15.3243
23 49 14.8618 9.42856
23 50 15.1774 12.3076
23 51 14.9581 12.8415
23 52 16.733 15.2398
23 53 18.8242 16.1152
23 54 22.0373 20.2854
23 55 20.8495 18.4386
23 56 17.7295 15.023
23 57 14.7552 12.1601
23 58 11.9947 9.2332
23 59 10.3001 6.87615
23 60 7.10195 5.46645
23 61 8.16629 6.26805
23 62 7.50275 6.50964
23 63 10.2013 7.67637
23 64 12.5162 10.1036
23 65 12.1788 8.68424
23 66 13.2284 11.5018
23 67 15.8241 13.4752
23 68 17.2483 14.173
23 69 17.6014 15.8979
23 70 19.3446 15.6041
23 71 21.4947 19.3925
23 72 22.653 19.8989
23 73 23.0757 21.5976
23 74 26.7296 24.5151
23 75 29.2583 27.7489
23 76 28.4511 26.0473
23 77 24.8642 21.4381
23 78 24.1374 21.0421
23 79 21.2086 18.1012
23 80 20.3077 17.0233
23 81 19.2351 18.0722
23 82 18.9601 15.8444
23 83 19.7728 17.5528
23 84 17.3464 12.1888
24 25 3.8032 1.32906
24 26 5.29347 3.14478
24 27 8.52645 6.62633
24 28 11.6036 7.06235
24 29 15.2601 13.0429
24 30 16.9391 15.3797
24 31 20.3622 18.0634
24 32 22.6061 19.7001
24 33 25.6548 23.6479
24 34 28.9751 27.046
24 35 30.7027 29.2341
24 36 27.8452 26.9382
24 37 26.7271 25.342
24 38 23.8904 22.0607
24 39 26.5149 24.8232
24 40 29.1977 27.3612
24 41 27.141 23.8275
24 42 27.3092 25.1415
24 43 24.4197 20.8726
24 44 21.3234 17.4293
24 45 20.7515 17.0688
24 46 18.9445 16.8691
24 47 16.259 13.2564
24 48 15.448 12.4725
24 49 11.9289 5.65275
24 50 12.1636 9.46317
24 51 11.4698 9.18113
24 52 13.5256 12.3954
24 53 16.0518 14.1729
24 54 19.2237 18.2023
24 55 17.7748 16.2485
24 56 14.9708 13.1509
24 57 11.6718 9.69342
24 58 9.08291 7.14855
24 59 6.74081 4.01471
24 60 3.97683 3.4405
24 61 6.40583 5.47985
24 62 7.44042 6.61734
24 63 10.1388 8.40109
24 64 12.8007 11.0078
24 65 11.6119 8.48098
24 66 11.8584 11.1156
24 67 15.0251 13.5057
24 68 16.5107 14.64
24 69 16.0686 14.8481
24 70 17.6791 14.6963
24 71 20.34 19.0746
24 72 21.2689 19.5922
24 73 21.1103 20.2313
24 74 24.8361 23.4215
24 75 27.2074 26.5436
24 76 25.9987 24.1637
24 77 22.332 19.781
24 78 21.1877 18.5782
24 79 18.1494 15.3466
24 80 16.8885 13.7819
24 81 15.9124 14.5994
24 82 15.6066 12.0258
24 83 16.8124 14.1293
24 84 14.6797 8.4344
25 26 3.80052 1.33107
25 27 7.17842 4.65666
25 28 9.26543 3.3154
25 29 12.9932 9.84523
25 30 14.2361 11.2671
25 31 17.8822 14.3282
25 32 20.4137 16.5204
25 33 23.6346 20.3564
25 34 26.8271 23.6261
25 35 28.8968 26.2696
25 36 26.3558 24.4127
25 37 25.5841 22.9083
25 38 22.4814 19.4343
25 39 24.6893 22.0108
25 40 27.6592 24.6102
25 41 25.7724 21.3407
25 42 25.4809 22.3377
25 43 22.7001 18.2392
25 44 19.423 14.9341
25 45 18.2909 13.7258
25 46 16.1214 13.2157
25 47 13.2313 9.77387
25 48 13.0829 9.33827
25 49 10.0212 4.89367
25 50 11.3378 8.44085
25 51 11.4952 8.13668
25 52 14.2333 12.0408
25 53 16.78 13.3723
25 54 20.2687 17.8593
25 55 19.1761 17.0339
25 56 16.7924 13.7579
25 57 13.5307 10.7455
25 58 10.5181 7.24013
25 59 7.77844 4.6585
25 60 6.63788 5.35462
25 61 8.55501 6.05291
25 62 8.90773 7.81791
25 63 10.3255 7.42844
25 64 13.712 9.9599
25 65 13.2147 10.1993
25 66 12.6073 10.5891
25 67 15.4101 12.64
25 68 17.6555 15.0461
25 69 17.3091 15.2458
25 70 18.1565 13.3542
25 71 20.9572 18.5113
25 72 22.4234 20.529
25 73 22.053 19.8571
25 74 25.6331 23.1657
25 75 27.5851 25.6063
25 76 26.2857 23.4024
25 77 22.5359 18.6075
25 78 21.3801 17.9008
25 79 17.9858 13.8799
25 80 16.6091 12.5371
25 81 14.8134 12.6736
25 82 13.9456 9.98157
25 83 14.371 11.1929
25 84 11.7842 7.12416
26 27 3.80912 1.33337
26 28 6.43884 3.61833
26 29 10.1522 7.60697
26 30 12.175 9.73037
26 31 15.5306 12.3888
26 32 17.6005 14.4104
26 33 20.8364 17.9546
26 34 23.9968 21.352
26 35 25.7825 23.6401
26 36 23.1078 21.4562
26 37 22.0724 19.9612
26 38 19.0015 16.5973
26 39 21.4209 19.3765
26 40 24.2118 22.004
26 41 22.2124 18.92
26 42 22.1605 20.4514
26 43 19.3569 16.5569
26 44 16.1393 12.5949
26 45 15.4591 12.2177
26 46 13.7466 12.2376
26 47 11.1724 9.50717
26 48 10.2361 7.66153
26 49 6.82181 3.54973
26 50 7.58689 5.96134
26 51 8.06739 6.78099
26 52 10.7324 9.78876
26 53 13.1625 10.3577
26 54 16.7392 15.1251
26 55 15.9256 15.022
26 56 13.7711 11.5786
26 57 10.7629 9.08901
26 58 7.49481 5.15025
26 59 5.13921 3.37903
26 60 5.53909 5.42885
26 61 6.7674 5.13252
26 62 7.87393 6.95756
26 63 8.71409 6.85041
26 64 12.1283 9.45121
26 65 11.1881 9.84611
26 66 9.73577 7.50058
26 67 12.7202 10.3166
26 68 15.0667 12.9341
26 69 14.2669 12.3946
26 70 14.8083 9.93247
26 71 17.8735 15.4588
26 72 19.3018 17.4405
26 73 18.6112 16.7009
26 74 22.1424 19.9768
26 75 23.9518 22.284
26 76 22.5418 20.2972
26 77 18.781 15.3184
26 78 17.6196 15.1196
26 79 14.2183 11.2114
26 80 13.0504 10.5486
26 81 11.3817 11.1619
26 82 11.1321 9.64611
26 83 12.0648 11.5997
26 84 10.3185 7.44384
27 28 3.80064 1.32865
27 29 6.97436 4.33918
27 30 9.33909 7.19091
27 31 12.3158 9.52126
27 32 14.1747 10.4554
27 33 17.2507 13.7439
27 34 20.511 17.2139
27 35 22.1875 18.9905
27 36 19.4137 16.5077
27 37 18.4815 15.0313
27 38 15.5412 11.7963
27 39 18.0621 14.7343
27 40 20.8738 17.3532
27 41 19.1469 14.6214
27 42 19.32 16.5027
27 43 16.8622 12.6564
27 44 13.4573 8.6315
27 45 12.9298 8.68003
27 46 11.3075 9.32079
27 47 9.61829 6.97719
27 48 8.4898 4.11555
27 49 5.55002 3.23304
27 50 5.51683 2.77944
27 51 7.62871 5.52613
27 52 9.60876 7.81461
27 53 11.1396 6.16556
27 54 14.9363 11.2614
27 55 14.9778 12.1874
27 56 13.0113 8.46875
27 57 10.8521 7.422
27 58 7.24041 3.26194
27 59 6.64129 4.66391
27 60 7.78119 5.27991
27 61 7.1897 2.78969
27 62 7.68022 2.94037
27 63 6.92991 3.33287
27 64 10.3309 5.5702
27 65 9.76668 5.78753
27 66 7.32662 3.09891
27 67 9.77285 5.71737
27 68 12.6185 8.37609
27 69 11.9281 7.86284
27 70 11.7384 4.37792
27 71 14.7788 10.1041
27 72 16.6321 12.2734
27 73 15.9409 11.6148
27 74 19.2554 14.7408
27 75 20.8293 17.0171
27 76 19.6405 15.4558
27 77 15.9322 10.1555
27 78 15.2766 11.3022
27 79 11.9574 7.68199
27 80 11.6584 7.54214
27 81 9.9318 7.76334
27 82 10.6067 6.91107
27 83 11.4571 9.0767
27 84 10.5971 7.56068
28 29 3.7813 1.32687
28 30 6.15808 3.46748
28 31 9.28428 6.07751
28 32 11.2903 8.06924
28 33 14.6897 11.5769
28 34 17.7052 14.9326
28 35 19.7309 17.319
28 36 17.3946 15.7084
28 37 16.8534 14.6619
28 38 13.5605 11.0284
28 39 15.4816 13.4992
28 40 18.6165 16.2334
28 41 17.101 13.9136
28 42 16.6932 15.1817
28 43 14.4364 12.0678
28 44 10.8003 8.13529
28 45 9.55387 6.5226
28 46 7.57017 6.68844
28 47 5.989 4.09945
28 48 5.56906 3.28912
28 49 4.24349 3.74369
28 50 5.91761 4.44531
28 51 9.03272 7.04925
28 52 11.3594 9.90121
28 53 12.6676 9.63016
28 54 16.4074 14.533
28 55 16.842 15.8151
28 56 15.5579 12.4095
28 57 13.6487 11.6911
28 58 10.3913 7.58844
28 59 9.57159 6.99652
28 60 11.3028 9.15914
28 61 10.9822 8.03303
28 62 11.1755 8.73222
28 63 9.58561 6.92799
28 64 12.9876 10.5553
28 65 12.9693 10.8893
28 66 10.0362 7.36141
28 67 11.6134 9.80758
28 68 14.9237 12.5578
28 69 14.2374 12.3938
28 70 13.0765 7.75032
28 71 16.0945 13.7261
28 72 18.3694 16.2801
28 73 17.344 15.4831
28 74 20.2535 18.1712
28 75 21.174 19.2252
28 76 19.8487 18.132
28 77 16.2428 12.8507
28 78 15.58 13.9671
28 79 12.0706 8.88707
28 80 11.7463 9.4741
28 81 9.04953 8.77592
28 82 9.23664 5.78716
28 83 9.00652 6.63199
28 84 8.37415 3.91579
29 30 3.79399 1.32878
29 31 5.86253 3.13295
29 32 7.50362 2.63398
29 33 10.9583 6.98273
29 34 13.916 10.1616
29 35 16.0021 12.0308
29 36 13.8336 10.3139
29 37 13.6525 8.91647
29 38 10.3516 5.31742
29 39 11.9488 7.73189
29 40 15.2738 10.3328
29 41 14.2224 7.88982
29 42 13.7374 9.5532
29 43 12.0978 6.56959
29 44 8.29426 2.57515
29 45 6.79947 3.36129
29 46 4.92425 3.39014
29 47 5.49044 2.88668
29 48 5.41692 2.73693
29 49 6.32185 4.59979
29 50 7.31847 1.61784
29 51 11.0325 7.51767
29 52 12.6664 8.39435
29 53 13.0706 7.11593
29 54 16.5897 11.5349
29 55 17.7739 13.5531
29 56 16.9544 11.8837
29 57 15.7667 12.6738
29 58 12.7588 7.7742
29 59 12.6868 11.2127
29 60 14.6517 12.7469
29 61 13.7668 11.3699
29 62 13.6829 10.9545
29 63 11.2815 8.67459
29 64 14.1589 12.1463
29 65 14.515 11.6458
29 66 11.1651 8.07747
29 67 11.6985 9.5566
29 68 15.2074 11.949
29 69 14.624 11.1433
29 70 12.5174 5.38484
29 71 15.2424 11.3737
29 72 17.9042 13.7091
29 73 16.7561 11.834
29 74 19.1175 14.0901
29 75 19.4477 14.3213
29 76 18.297 13.2768
29 77 14.9917 8.51465
29 78 14.8317 9.58869
29 79 11.6554 4.14009
29 80 12.1345 7.33845
29 81 9.40174 5.28615
29 82 10.168 6.91457
29 83 9.45956 7.7688
29 84 9.91196 7.75507
30 31 3.81783 1.3292
30 32 7.12329 4.64142
30 33 10.1969 7.81596
30 34 13.1751 10.5874
30 35 15.953 13.5465
30 36 14.3135 13.3098
30 37 15.1208 13.3971
30 38 12.136 9.7574
30 39 12.8762 11.5442
30 40 16.5498 14.2465
30 41 16.2658 13.3473
30 42 15.3699 14.3057
30 43 14.4241 12.2032
30 44 10.6886 8.86979
30 45 8.16425 5.95228
30 46 5.00951 2.80999
30 47 6.38119 5.08627
30 48 8.21165 5.94878
30 49 9.51317 8.15675
30 50 11.0045 7.01869
30 51 14.6312 12.0125
30 52 16.3649 13.9693
30 53 16.6445 12.6541
30 54 20.1731 17.2651
30 55 21.4832 19.2103
30 56 20.4499 16.8287
30 57 19.1931 16.8796
30 58 15.9197 12.065
30 59 15.6464 14.123
30 60 17.0637 15.6512
30 61 16.0843 13.4595
30 62 15.2035 13.0132
30 63 12.3645 7.24986
30 64 15.2613 12.8541
30 65 16.4671 14.537
30 66 13.5218 11.0423
30 67 13.3903 11.7633
30 68 17.1376 14.43
30 69 17.2722 15.4907
30 70 15.0854 9.57166
30 71 17.2239 15.0309
30 72 20.3217 17.7676
30 73 19.6341 16.9765
30 74 21.7603 18.8138
30 75 21.9509 19.4172
30 76 21.212 19.015
30 77 18.1403 13.8584
30 78 18.3636 15.9274
30 79 15.3586 10.3243
30 80 15.9208 12.6851
30 81 13.0344 10.8712
30 82 13.3033 10.5188
30 83 11.7572 9.95616
30 84 11.5569 9.85691
31 32 3.796 1.33132
31 33 6.47896 3.4387
31 34 9.43389 5.28243
31 35 12.343 8.69688
31 36 11.021 8.52321
31 37 12.4653 9.686
31 38 9.90497 6.44304
31 39 10.011 7.95854
31 40 13.7367 10.7104
31 41 14.1894 10.929
31 42 13.3587 11.8564
31 43 13.3318 11.1312
31 44 9.96109 7.55134
31 45 7.70455 6.4065
31 46 5.66708 4.48
31 47 8.71473 6.29077
31 48 10.0927 8.0977
31 49 12.0572 10.3272
31 50 12.9247 7.85991
31 51 16.7166 14.1774
31 52 17.8773 14.7699
31 53 17.4629 12.9074
31 54 20.6422 17.2359
31 55 22.5198 19.6115
31 56 21.8526 18.1761
31 57 21.1815 18.9281
31 58 18.161 13.6472
31 59 18.4338 16.7807
31 60 20.0802 18.2394
31 61 18.72 15.8962
31 62 17.8295 15.1426
31 63 14.6399 9.96216
31 64 16.9233 15.2916
31 65 18.2393 15.8818
31 66 15.1016 12.7285
31 67 14.2156 12.7057
31 68 17.8323 15.0104
31 69 18.0121 15.2613
31 70 15.1867 9.2321
31 71 16.8647 14.0613
31 72 20.1584 16.6921
31 73 19.4134 15.9228
31 74 20.9231 16.5754
31 75 20.543 16.7095
31 76 20.0711 17.1027
31 77 17.4778 12.4823
31 78 18.2036 15.436
31 79 15.7274 9.75467
31 80 16.9239 14.0964
31 81 14.3253 11.9699
31 82 15.126 12.472
31 83 13.626 10.791
31 84 14.261 11.8353
32 33 3.78639 1.32627
32 34 6.42056 3.50036
32 35 8.87266 5.71075
32 36 7.58905 5.57812
32 37 9.03798 5.78303
32 38 6.62112 3.18812
32 39 6.27518 3.29884
32 40 9.97294 5.80222
32 41 10.7642 6.29598
32 42 10.1583 6.56309
32 43 10.8146 5.96777
32 44 8.04925 2.95634
32 45 6.84534 2.89574
32 46 6.80496 3.50455
32 47 10.3645 6.35041
32 48 10.7587 5.21567
32 49 13.1119 8.96588
32 50 13.3393 7.09365
32 51 17.0659 12.3651
32 52 17.7025 13.1127
32 53 16.7875 12.0898
32 54 19.4868 15.9879
32 55 21.7556 18.046
32 56 21.6425 17.3593
32 57 21.4994 18.3673
32 58 18.9504 13.5571
32 59 19.6467 16.9891
32 60 21.7372 18.7371
32 61 20.2629 17.5954
32 62 19.8123 16.7045
32 63 16.6861 12.5828
32 64 18.5471 17.2823
32 65 19.4276 16.9084
32 66 16.0147 13.6484
32 67 14.958 14.0651
32 68 18.2154 16.1989
32 69 17.9524 15.4691
32 70 14.6554 9.71022
32 71 16.2169 14.5979
32 72 19.341 17.0084
32 73 18.1751 15.3231
32 74 19.1522 15.28
32 75 18.1722 14.3712
32 76 17.6149 15.0877
32 77 15.4576 11.4287
32 78 16.3752 13.3169
32 79 14.4297 8.14326
32 80 16.0751 11.4551
32 81 13.8891 8.42478
32 82 15.2482 10.2691
32 83 14.1196 8.64098
32 84 15.6808 10.9953
33 34 3.79434 1.32246
33 35 6.18133 3.21462
33 36 5.32521 3.06885
33 37 8.19765 5.2396
33 38 7.44834 5.68203
33 39 6.44879 3.21832
33 40 9.44211 5.82883
33 41 11.463 8.24184
33 42 11.3934 8.96076
33 43 13.0372 10.4618
33 44 10.997 8.60454
33 45 10.3244 9.05108
33 46 10.4881 8.69347
33 47 14.106 11.3261
33 48 14.4985 11.7626
33 49 16.6988 14.7097
33 50 16.5167 11.0033
33 51 20.2049 17.3709
33 52 20.353 17.1637
33 53 18.8561 15.1782
33 54 21.2042 18.5124
33 55 23.9071 21.5348
33 56 23.8219 20.9216
33 57 24.1303 22.1163
33 58 21.6574 16.833
33 59 22.7678 21.2152
33 60 24.6829 22.6938
33 61 22.8082 20.4903
33 62 22.0636 19.008
33 63 18.6748 14.0561
33 64 19.9501 18.1962
33 65 21.1174 18.7542
33 66 17.9323 15.6893
33 67 16.154 14.5523
33 68 19.1264 16.5255
33 69 19.2393 16.7262
33 70 15.6966 11.6332
33 71 16.4292 12.8309
33 72 19.7133 16.379
33 73 18.879 16.6143
33 74 19.1878 14.8894
33 75 17.8057 12.9111
33 76 17.8952 16.3378
33 77 16.4104 13.2532
33 78 18.0189 16.6943
33 79 16.739 11.5696
33 80 18.9129 16.7385
33 81 17.1594 14.3412
33 82 18.8303 16.5036
33 83 17.8367 14.5764
33 84 19.4648 17.0826
34 35 3.78844 1.33048
34 36 5.53962 3.18049
34 37 8.77813 6.79846
34 38 8.62989 7.76743
34 39 5.97893 3.5576
34 40 8.21616 6.1481
34 41 11.0672 9.39004
34 42 10.5105 10.2018
34 43 13.0934 11.8631
34 44 12.0016 10.1467
34 45 11.4913 11.021
34 46 12.357 10.8054
34 47 16.1341 13.8784
34 48 16.5634 14.1153
34 49 19.2406 17.6855
34 50 19.2158 14.346
34 51 22.7867 20.5304
34 52 22.9469 20.1597
34 53 21.4396 18.257
34 54 23.4433 20.99
34 55 26.2148 24.3242
34 56 26.5605 24.0983
34 57 26.9813 25.4346
34 58 24.7582 20.1488
34 59 25.7735 24.5991
34 60 27.9521 26.1375
34 61 26.2573 23.9832
34 62 25.7134 22.4645
34 63 22.3989 17.3235
34 64 23.6978 22.1148
34 65 24.7177 22.2262
34 66 21.4321 19.0026
34 67 19.7489 18.5368
34 68 22.5649 20.5667
34 69 22.4298 20.2266
34 70 18.7707 14.8982
34 71 19.4551 17.9612
34 72 22.5261 20.5196
34 73 21.3869 19.6531
34 74 21.2597 17.9471
34 75 19.2868 14.9889
34 76 19.2295 18.4634
34 77 18.2414 16.098
34 78 19.7205 19.0049
34 79 18.7382 14.3575
34 80 20.814 19.6307
34 81 19.0679 17.0134
34 82 20.5828 19.2289
34 83 19.3682 16.4966
34 84 21.3537 19.5973
35 36 3.79467 1.33194
35 37 6.80876 4.23184
35 38 8.16437 6.36498
35 39 5.77149 2.80532
35 40 6.1067 2.67347
35 41 9.66125 7.61462
35 42 10.1141 9.21328
35 43 13.1507 11.2992
35 44 12.8731 10.6095
35 45 13.4276 12.3521
35 46 14.9796 12.8386
35 47 18.6216 16.0816
35 48 18.3727 15.0903
35 49 20.8466 19.3004
35 50 20.2239 15.4476
35 51 23.556 21.322
35 52 23.1593 19.8422
35 53 21.1889 17.825
35 54 22.6245 18.8211
35 55 25.6937 23.0223
35 56 26.3768 23.8629
35 57 27.2989 25.7327
35 58 25.4801 20.4962
35 59 26.9076 25.6059
35 60 29.234 27.4874
35 61 27.362 25.1815
35 62 27.0708 23.9149
35 63 23.8613 19.7755
35 64 24.7394 22.9038
35 65 25.4254 22.6071
35 66 22.1574 19.3278
35 67 20.3463 18.6779
35 68 22.675 20.6396
35 69 22.2889 19.363
35 70 18.513 14.8189
35 71 18.8769 17.3512
35 72 21.6049 19.0159
35 73 20.2907 17.7574
35 74 19.5527 15.161
35 75 17.0755 11.2777
35 76 17.1886 15.216
35 77 16.9023 13.8395
35 78 18.7015 16.8022
35 79 18.4499 13.5812
35 80 20.9284 19.3176
35 81 19.8029 17.6646
35 82 21.8097 20.203
35 83 21.1307 18.1306
35 84 23.524 21.269
36 37 3.82327 1.33948
36 38 5.63462 3.33006
36 39 5.21311 3.0593
36 40 5.97296 2.75693
36 41 8.64085 4.91431
36 42 10.08 6.78351
36 43 12.2984 8.91892
36 44 11.4921 7.60901
36 45 12.515 11.0276
36 46 13.9461 12.3813
36 47 17.3259 15.4218
36 48 16.6212 13.1006
36 49 18.5653 17.0556
36 50 17.4523 12.7834
36 51 20.7304 18.4601
36 52 20.0171 16.7646
36 53 17.8025 14.6816
36 54 19.2754 15.9076
36 55 22.4476 19.9332
36 56 22.933 20.7493
36 57 24.0136 22.7043
36 58 22.2194 17.52
36 59 23.9448 22.7565
36 60 26.1554 24.7283
36 61 24.0756 22.4005
36 62 23.8311 21.3745
36 63 20.6957 17.6829
36 64 21.3453 20.4023
36 65 21.8726 19.8276
36 66 18.6635 16.543
36 67 16.7874 16.0698
36 68 18.9608 17.9038
36 69 18.5477 16.4399
36 70 14.7651 11.8129
36 71 15.0998 14.7167
36 72 17.8307 16.4225
36 73 16.5976 14.8938
36 74 16.0082 12.8415
36 75 13.8368 10.0335
36 76 14.1009 12.9306
36 77 13.5848 11.0135
36 78 15.6954 13.883
36 79 15.5267 10.5063
36 80 18.3338 16.172
36 81 17.5383 14.7479
36 82 19.9614 17.6014
36 83 19.7812 17.3817
36 84 22.0974 19.8779
37 38 3.81913 1.32713
37 39 5.37217 3.25839
37 40 4.90328 3.21655
37 41 6.18888 2.97656
37 42 8.84039 5.27463
37 43 10.4633 7.06133
37 44 10.1646 5.44535
37 45 12.273 10.0289
37 46 14.3137 12.058
37 47 17.2167 14.788
37 48 15.6899 11.5325
37 49 17.2954 15.0648
37 50 15.6325 10.7683
37 51 18.5079 16.1369
37 52 17.3761 14.1339
37 53 14.9616 11.7017
37 54 15.9915 12.5517
37 55 19.2352 16.8871
37 56 20.1034 18.0818
37 57 21.4792 20.2888
37 58 20.1727 15.2829
37 59 22.1219 20.5913
37 60 24.5873 22.7426
37 61 22.6066 20.419
37 62 22.9044 19.7259
37 63 20.172 16.8426
37 64 20.7278 18.4616
37 65 20.5931 17.5213
37 66 17.2811 14.3361
37 67 15.8553 13.8113
37 68 17.6113 15.1848
37 69 16.521 13.4296
37 70 12.7943 9.39953
37 71 13.5242 11.9388
37 72 15.6663 13.3784
37 73 13.8228 11.5541
37 74 13.1769 9.30734
37 75 10.8155 6.78756
37 76 10.517 9.37354
37 77 10.1178 7.59972
37 78 12.1771 10.693
37 79 12.4961 7.841
37 80 15.5276 13.2859
37 81 15.3493 12.4234
37 82 18.2006 15.4376
37 83 18.6744 16.3476
37 84 21.327 18.5603
38 39 3.81876 1.32701
38 40 5.49924 3.34501
38 41 5.18523 2.75839
38 42 6.81737 3.4486
38 43 7.53953 4.46993
38 44 6.46721 3.29983
38 45 8.57589 6.81969
38 46 10.7689 8.71259
38 47 13.5111 11.2114
38 48 11.9276 8.61807
38 49 13.7803 12.0395
38 50 12.5364 7.70564
38 51 15.5998 13.4812
38 52 15.0893 12.356
38 53 13.3599 10.7142
38 54 15.0316 13.1548
38 55 17.7903 16.3476
38 56 18.5747 16.5615
38 57 19.355 18.2528
38 58 17.8313 13.1246
38 59 19.2999 17.9236
38 60 21.9523 19.9165
38 61 20.371 18.0837
38 62 20.8457 17.4285
38 63 18.2504 14.581
38 64 19.4445 17.4168
38 65 19.2214 16.4544
38 66 15.6234 13.1659
38 67 14.8273 13.6468
38 68 17.1077 15.5063
38 69 15.7845 13.828
38 70 12.2154 8.3418
38 71 13.9032 12.7643
38 72 16.156 14.7445
38 73 14.0627 12.5948
38 74 14.4121 11.4016
38 75 12.7473 9.90947
38 76 11.6251 11.0385
38 77 10.0272 8.66863
38 78 11.1053 10.8838
38 79 10.3331 6.32564
38 80 12.8299 11.8756
38 81 12.0258 10.0965
38 82 14.6061 12.9024
38 83 14.8843 13.1418
38 84 17.5333 15.3599
39 40 3.80956 1.32803
39 41 5.28321 3.07333
39 42 5.19935 2.91592
39 43 7.54849 5.26031
39 44 7.17225 5.18302
39 45 8.37276 7.97369
39 46 10.7665 9.51959
39 47 14.0421 12.5935
39 48 13.2001 10.1062
39 49 15.8144 14.4209
39 50 15.3213 10.5405
39 51 18.4898 16.1497
39 52 18.4338 15.0632
39 53 17.0164 13.6555
39 54 18.6671 15.5386
39 55 21.294 18.8369
39 56 22.2118 19.448
39 57 22.7693 21.2189
39 58 21.1337 16.1796
39 59 22.2136 20.8504
39 60 24.9191 22.8773
39 61 23.545 21.194
39 62 23.8421 20.508
39 63 21.0684 17.2495
39 64 22.5005 20.4211
39 65 22.6027 19.5468
39 66 18.9929 16.2471
39 67 18.0871 16.5278
39 68 20.6049 18.4675
39 69 19.505 16.6635
39 70 15.9097 11.3601
39 71 17.3896 15.4873
39 72 19.8147 17.3969
39 73 17.8151 15.2139
39 74 17.8931 14.2109
39 75 15.8283 12.4192
39 76 14.7942 13.3528
39 77 13.6178 11.0662
39 78 14.4707 13.2012
39 79 13.6146 8.92131
39 80 15.6126 14.1769
39 81 14.2744 12.0982
39 82 16.1955 14.8164
39 83 15.6966 14.1294
39 84 18.4097 16.8756
40 41 3.81577 1.32678
40 42 5.34569 3.23143
40 43 8.37447 5.90243
40 44 9.46541 7.05383
40 45 11.5447 9.97
40 46 14.3417 11.8415
40 47 17.3905 15.0457
40 48 16.0693 12.0333
40 49 18.4848 16.5785
40 50 17.5094 12.8962
40 51 20.2761 18.2064
40 52 19.6858 16.5336
40 53 17.8741 15.5017
40 54 18.7712 15.9046
40 55 21.6342 19.4103
40 56 23.04 21.1083
40 57 24.0943 23.2034
40 58 22.9662 18.3044
40 59 24.3648 23.0685
40 60 27.2246 25.224
40 61 25.7761 23.5657
40 62 26.3413 23.0341
40 63 23.7165 19.967
40 64 24.7852 22.7348
40 65 24.5615 21.7391
40 66 21.017 18.4558
40 67 20.0571 18.1794
40 68 22.0618 19.5317
40 69 20.6617 17.8014
40 70 17.0475 13.3572
40 71 18.2333 16.1793
40 72 20.1835 17.6152
40 73 17.8987 15.6799
40 74 17.2918 12.8952
40 75 14.5821 8.63038
40 76 13.4808 11.8299
40 77 13.2345 11.0543
40 78 14.2486 13.2868
40 79 14.333 10.5503
40 80 16.6087 15.0592
40 81 15.9964 13.7033
40 82 18.2582 16.5032
40 83 18.2297 16.2142
40 84 21.2899 18.9683
41 42 3.79772 1.32996
41 43 5.41879 3.14878
41 44 7.27001 3.62996
41 45 10.3044 7.24039
41 46 13.5667 10.2921
41 47 15.9862 12.9185
41 48 13.9875 8.27723
41 49 16.1945 12.3882
41 50 15.0524 9.50578
41 51 17.4005 13.8776
41 52 16.8177 12.3894
41 53 15.3176 12.0524
41 54 16.0629 12.5029
41 55 18.6073 15.2621
41 56 20.3461 17.1068
41 57 21.3073 19.105
41 58 20.5478 14.8363
41 59 21.8209 19.0906
41 60 24.9446 21.4529
41 61 23.8299 20.4285
41 62 24.8953 20.6589
41 63 22.7032 18.959
41 64 23.9646 21.0937
41 65 23.2253 19.4486
41 66 19.5849 16.361
41 67 19.2779 17.3312
41 68 21.1519 18.6758
41 69 19.1873 16.073
41 70 15.8669 11.1789
41 71 17.7015 15.9662
41 72 19.2023 17.1358
41 73 16.4068 13.9282
41 74 16.2643 13.1482
41 75 13.8763 10.7498
41 76 11.8556 9.63904
41 77 11.143 7.68685
41 78 11.3009 9.34382
41 79 11.2865 6.93783
41 80 13.2541 10.5213
41 81 12.9143 9.22192
41 82 15.3043 12.0692
41 83 15.7676 13.0906
41 84 19.1 15.3752
42 43 3.79832 1.32921
42 44 6.07108 3.74285
42 45 8.28756 6.74588
42 46 11.7978 9.75737
42 47 14.2758 12.6281
42 48 12.8234 8.14405
42 49 15.7186 13.539
42 50 15.4785 11.7708
42 51 17.9783 15.6975
42 52 18.1883 15.2291
42 53 17.3761 14.9723
42 54 18.5924 15.9717
42 55 20.6885 18.7386
42 56 22.3229 20.0704
42 57 22.7003 21.7979
42 58 21.6727 17.6595
42 59 22.3287 20.7222
42 60 25.5374 23.4468
42 61 24.8183 23.0297
42 62 25.817 23.1994
42 63 23.5953 20.9183
42 64 25.3613 23.66
42 65 24.8412 22.196
42 66 21.0858 19.0466
42 67 21.0072 19.8737
42 68 23.339 21.3767
42 69 21.5013 18.9211
42 70 18.2526 13.8948
42 71 20.373 18.5905
42 72 22.1606 20.1564
42 73 19.4498 16.9775
42 74 19.7024 16.1927
42 75 17.5385 13.7808
42 76 15.459 12.8978
42 77 14.2903 11.1332
42 78 13.9068 12.9407
42 79 13.0309 9.86213
42 80 14.1438 12.8125
42 81 12.8804 10.3291
42 82 14.3938 12.5103
42 83 14.0427 11.3581
42 84 17.399 14.4822
43 44 3.81289 1.32607
43 45 6.87975 4.4429
43 46 10.5874 7.99261
43 47 12.1889 9.55904
43 48 10.0505 4.25892
43 49 12.7233 9.15049
43 50 12.5412 8.33219
43 51 14.681 11.4146
43 52 15.1894 11.6658
43 53 14.9568 12.3429
43 54 16.3406 13.5243
43 55 17.9241 15.034
43 56 19.6143 16.4368
43 57 19.658 17.7029
43 58 18.8091 14.2194
43 59 19.1815 16.2518
43 60 22.5685 19.2354
43 61 22.2249 19.3513
43 62 23.6108 20.064
43 63 21.8157 18.8936
43 64 23.8295 21.7151
43 65 22.9377 19.861
43 66 19.1693 16.846
43 67 19.7338 18.4209
43 68 22.0344 20.2197
43 69 19.847 17.7245
43 70 17.005 12.4562
43 71 19.6931 18.0631
43 72 21.2005 19.6779
43 73 18.2703 16.0947
43 74 19.1504 16.3918
43 75 17.5634 13.758
43 76 14.9759 11.1199
43 77 13.1184 9.38941
43 78 11.8701 8.82976
43 79 10.3601 7.36751
43 80 10.7757 8.57873
43 81 9.3608 5.87952
43 82 10.7974 7.88283
43 83 10.8783 8.20404
43 84 14.4434 10.761
44 45 3.76783 1.32672
44 46 7.14964 4.62737
44 47 8.86147 7.24114
44 48 6.86492 3.24671
44 49 9.67215 6.17512
44 50 9.80356 3.6616
44 51 12.6002 8.05664
44 52 13.5163 7.61594
44 53 13.4735 7.82092
44 54 15.6647 10.4144
44 55 17.2034 12.1288
44 56 18.1819 12.3726
44 57 17.8508 13.9427
44 58 16.3681 9.80473
44 59 16.6162 13.2353
44 60 19.7604 15.4155
44 61 19.2946 14.8679
44 62 20.3563 15.2943
44 63 18.3968 14.0237
44 64 20.6337 16.4826
44 65 20.0419 14.9746
44 66 16.2656 11.9037
44 67 16.8241 13.1112
44 68 19.5033 14.7959
44 69 17.6771 12.5109
44 70 14.877 7.25982
44 71 17.7011 12.632
44 72 19.6197 14.3963
44 73 17.1098 11.1522
44 74 18.4973 12.1028
44 75 17.4703 11.1935
44 76 15.2831 10.2663
44 77 12.7511 6.53998
44 78 11.819 7.3295
44 79 9.43985 3.05937
44 80 9.92249 5.77192
44 81 7.66651 3.45582
44 82 9.08103 6.20742
44 83 8.8117 7.49236
44 84 11.9167 9.84204
45 46 3.72647 1.24579
45 47 6.07304 3.27256
45 48 5.76205 2.8336
45 49 9.30135 5.9737
45 50 10.6626 6.81231
45 51 13.8053 10.665
45 52 15.4476 12.6738
45 53 15.8235 12.5256
45 54 18.5196 15.9621
45 55 19.8317 17.6561
45 56 20.2948 16.6559
45 57 19.4307 17.0637
45 58 17.3661 13.1102
45 59 17.0576 14.9209
45 60 19.8827 16.7644
45 61 19.5854 16.3032
45 62 20.1728 16.5171
45 63 18.0006 13.8697
45 64 20.6579 17.9255
45 65 20.6003 17.5272
45 66 16.9491 13.8957
45 67 17.4184 15.6104
45 68 20.575 17.9745
45 69 19.2796 17.1768
45 70 16.5738 11.4521
45 71 19.3055 17.293
45 72 21.67 19.6291
45 73 19.6125 17.05
45 74 21.2188 18.2281
45 75 20.4026 17.3261
45 76 18.576 16.6237
45 77 15.8776 12.7183
45 78 15.1361 13.0336
45 79 12.3476 8.14286
45 80 12.4124 10.1325
45 81 9.33856 6.81321
45 82 9.55048 7.0586
45 83 7.84582 3.29773
45 84 10.2078 7.29048
46 47 3.80115 1.32862
46 48 5.61474 3.38425
46 49 8.71257 6.82803
46 50 10.7724 8.5642
46 51 14.1639 12.2711
46 52 16.2072 14.7039
46 53 16.8178 14.2587
46 54 19.9962 18.1666
46 55 21.1486 19.9397
46 56 20.9518 18.5571
46 57 19.6828 18.4281
46 58 17.0287 14.8309
46 59 16.4035 15.6505
46 60 18.702 17.4571
46 61 18.3813 16.711
46 62 18.4274 17.108
46 63 16.0999 12.9667
46 64 19.0627 18.1503
46 65 19.5033 18.4445
46 66 16.1177 14.8006
46 67 16.5252 16.3352
46 68 20.0199 18.7806
46 69 19.2791 18.5375
46 70 16.8357 12.6804
46 71 19.46 18.3251
46 72 22.1483 20.7601
46 73 20.6221 18.7785
46 74 22.5518 20.0846
46 75 22.1775 19.6009
46 76 20.7323 19.145
46 77 17.7704 14.9073
46 78 17.2937 15.7001
46 79 14.1959 10.3659
46 80 14.1838 12.3678
46 81 10.8405 9.2007
46 82 10.5592 7.80766
46 83 8.32305 3.47298
46 84 9.24839 6.62009
47 48 3.80038 1.33476
47 49 6.39136 3.5648
47 50 9.50162 6.95323
47 51 12.3424 8.36059
47 52 15.1035 12.31
47 53 16.5462 13.5281
47 54 19.8933 17.3257
47 55 20.3659 18.4754
47 56 19.9806 16.2615
47 57 18.0924 15.1141
47 58 15.4431 12.6802
47 59 14.0601 12.2171
47 60 16.3454 14.1599
47 61 16.7071 14.4043
47 62 17.0887 15.6616
47 63 15.4203 13.0709
47 64 18.7905 17.4129
47 65 18.8916 17.3893
47 66 15.7394 13.7364
47 67 16.9416 15.9613
47 68 20.3435 18.5496
47 69 19.3971 17.7625
47 70 17.5841 12.5383
47 71 20.6016 18.6658
47 72 22.9726 21.1345
47 73 21.3967 19.0907
47 74 23.8151 21.3901
47 75 23.8926 21.3893
47 76 22.1536 20.2803
47 77 18.846 15.5068
47 78 17.7794 15.4776
47 79 14.2522 9.99515
47 80 13.351 10.0854
47 81 9.69313 7.70938
47 82 8.37431 4.08671
47 83 5.78861 3.92784
47 84 5.6267 2.93738
48 49 3.79358 1.33272
48 50 6.39008 3.91029
48 51 9.09366 6.74187
48 52 11.711 9.47719
48 53 13.2634 10.163
48 54 16.4299 14.1519
48 55 16.7958 15.4326
48 56 16.7486 13.2304
48 57 15.0465 12.8313
48 58 12.8561 9.69526
48 59 11.7836 10.3774
48 60 14.6676 12.1413
48 61 15.0407 11.9092
48 62 16.136 12.6482
48 63 14.8218 11.3329
48 64 17.928 14.5882
48 65 17.3321 14.0863
48 66 13.9573 10.4475
48 67 15.5703 12.7805
48 68 18.5934 15.3459
48 69 17.0371 14.314
48 70 15.3228 9.24719
48 71 18.6685 15.6477
48 72 20.5844 17.9048
48 73 18.6061 15.8769
48 74 21.1072 18.2569
48 75 21.2554 17.5846
48 76 19.1724 16.2848
48 77 15.7756 12.102
48 78 14.3044 11.747
48 79 10.6914 6.54125
48 80 9.56033 7.25498
48 81 5.89691 4.23295
48 82 5.17471 3.54032
48 83 4.13229 3.2714
48 84 5.69897 4.56145
49 50 3.79805 1.32867
49 51 6.03181 3.01058
49 52 9.10545 6.08014
49 53 11.2767 8.04748
49 54 14.6959 11.4794
49 55 14.5396 12.2301
49 56 13.9306 9.50483
49 57 11.7663 6.82095
49 58 9.38015 4.50859
49 59 8.01205 3.39868
49 60 10.9028 5.21629
49 61 11.5107 6.65798
49 62 12.9985 9.37333
49 63 12.3412 10.4966
49 64 15.4975 12.8103
49 65 14.4703 10.2828
49 66 11.4039 9.04761
49 67 13.7301 12.1534
49 68 16.4701 14.4815
49 69 14.8117 12.4452
49 70 13.8669 8.76542
49 71 17.3946 14.9825
49 72 18.978 16.8856
49 73 17.2123 14.414
49 74 20.2036 17.7049
49 75 21.0135 18.1024
49 76 18.9942 15.9184
49 77 15.3199 11.1269
49 78 13.7053 10.1217
49 79 9.92984 5.4313
49 80 8.47968 3.95326
49 81 5.47439 3.1988
49 82 5.20465 2.73925
49 83 6.10064 4.71697
49 84 6.31301 2.57882
50 51 3.8066 1.32921
50 52 5.69003 3.30835
50 53 7.49062 2.74645
50 54 11.0003 7.20806
50 55 11.1198 8.48893
50 56 10.4669 5.8182
50 57 8.90259 6.31733
50 58 6.72862 2.52677
50 59 6.8808 4.36829
50 60 9.998 6.49491
50 61 9.79394 7.02104
50 62 11.7188 8.78206
50 63 11.1483 8.40952
50 64 13.6379 10.4862
50 65 12.0274 8.34053
50 66 8.73854 5.56109
50 67 11.2463 7.45007
50 68 13.4995 9.61558
50 69 11.3704 7.15391
50 70 10.5623 3.15316
50 71 14.2537 9.26023
50 72 15.4549 11.2377
50 73 13.547 8.92268
50 74 16.6541 12.305
50 75 17.722 13.442
50 76 15.727 11.6202
50 77 11.974 6.55972
50 78 10.4549 6.27309
50 79 6.80919 2.20599
50 80 6.13482 3.64068
50 81 4.72263 3.84469
50 82 6.79721 5.27212
50 83 8.99931 7.55063
50 84 9.9828 7.36008
51 52 3.82621 1.33109
51 53 7.26244 4.71539
51 54 10.1699 7.80329
51 55 9.00649 6.73762
51 56 8.4699 4.1947
51 57 6.1689 3.27869
51 58 5.31832 2.8822
51 59 4.96512 3.17364
51 60 8.66108 6.34975
51 61 9.39289 7.50812
51 62 12.3335 10.4872
51 63 12.887 12.3796
51 64 15.1048 13.368
51 65 12.6891 8.31894
51 66 10.089 8.94366
51 67 13.278 11.6525
51 68 14.7377 12.9035
51 69 12.0685 9.36462
51 70 12.2295 8.17232
51 71 15.9767 13.6779
51 72 16.3488 14.6169
51 73 14.2286 11.8724
51 74 17.5695 15.3248
51 75 18.9973 17.1515
51 76 16.6726 13.9709
51 77 13.0072 10.0457
51 78 10.7287 7.73047
51 79 7.43593 4.7507
51 80 5.4434 2.42379
51 81 5.57864 4.40499
51 82 7.19176 2.82308
51 83 10.3571 6.56217
51 84 11.1443 3.53467
52 53 3.81006 1.33168
52 54 6.45399 4.20468
52 55 5.56258 4.20989
52 56 5.16084 3.12849
52 57 4.52669 4.28822
52 58 5.02163 3.91562
52 59 7.00858 5.55867
52 60 10.0332 8.30238
52 61 9.66684 8.54665
52 62 12.6803 11.2652
52 63 13.1673 12.3593
52 64 14.4708 12.9171
52 65 11.5798 8.89054
52 66 9.07408 8.67271
52 67 12.0307 10.5891
52 68 12.6752 10.9092
52 69 9.41804 7.43289
52 70 9.85625 5.87383
52 71 13.5063 11.0101
52 72 13.2313 11.3482
52 73 10.873 8.36978
52 74 14.2432 11.7672
52 75 15.9495 13.1088
52 76 13.6894 9.96917
52 77 10.1617 6.1286
52 78 8.04723 3.79669
52 79 5.69449 3.21186
52 80 5.26197 2.72253
52 81 7.37203 5.65819
52 82 10.1526 7.60452
52 83 13.4476 10.9605
52 84 14.7059 9.62821
53 54 3.82643 1.33002
53 55 5.37228 3.14997
53 56 5.22004 2.88569
53 57 6.88491 5.23326
53 58 7.13839 2.01854
53 59 10.1172 7.58898
53 60 12.5435 9.88738
53 61 11.064 7.85454
53 62 13.4272 9.1696
53 63 13.2409 9.0396
53 64 13.7465 9.4503
53 65 10.9821 6.76055
53 66 8.33549 4.65109
53 67 10.3474 6.75486
53 68 10.5055 6.5172
53 69 6.93269 3.28648
53 70 6.84521 2.4396
53 71 10.3038 5.736
53 72 9.80623 6.24492
53 73 7.12886 3.29917
53 74 10.4393 6.69694
53 75 12.2471 9.16601
53 76 10.2924 6.60646
53 77 6.81872 2.45524
53 78 5.74629 3.54595
53 79 4.80033 2.55308
53 80 6.80865 5.23446
53 81 9.22228 7.9225
53 82 12.6539 10.363
53 83 15.6488 13.5514
53 84 17.2662 13.1094
54 55 3.80629 1.33004
54 56 5.56704 3.16055
54 57 8.57333 6.53107
54 58 10.1455 6.75095
54 59 13.121 10.8813
54 60 15.4806 13.3535
54 61 14.1144 11.7432
54 62 16.6417 13.7448
54 63 16.6744 14.1135
54 64 16.6596 13.8117
54 65 13.6494 10.6462
54 66 11.5685 9.49834
54 67 13.1892 10.8486
54 68 12.481 8.8524
54 69 8.70914 5.76797
54 70 8.88173 6.4268
54 71 11.5386 7.92535
54 72 9.91454 4.9666
54 73 6.62438 2.09346
54 74 9.22902 4.24614
54 75 11.0107 5.97315
54 76 8.70036 3.23645
54 77 6.22659 3.62187
54 78 4.92147 2.76322
54 79 6.36246 4.98686
54 80 8.4108 5.98695
54 81 11.6748 9.4915
54 82 15.176 12.7043
54 83 18.4206 16.1261
54 84 20.3861 16.1919
55 56 3.81195 1.32973
55 57 6.26752 3.46037
55 58 9.05406 6.65748
55 59 11.497 8.72057
55 60 13.9003 11.1502
55 61 13.333 10.9653
55 62 16.4827 14.0275
55 63 17.3041 15.414
55 64 17.62 14.9368
55 65 14.2251 9.63684
55 66 12.544 11.4765
55 67 15.0081 13.5692
55 68 14.3095 12.2083
55 69 10.5467 8.81822
55 70 11.5946 9.09891
55 71 14.5107 12.3836
55 72 12.7889 10.6122
55 73 10.0037 8.15047
55 74 12.8422 10.7678
55 75 14.7803 12.6108
55 76 12.3364 8.69722
55 77 9.85028 7.68877
55 78 7.60377 4.55634
55 79 7.88446 6.67287
55 80 8.19553 5.45597
55 81 11.6339 9.97891
55 82 14.5842 13.1426
55 83 18.1642 16.6035
55 84 19.8179 15.0665
56 57 3.80233 1.32734
56 58 6.34347 3.37652
56 59 9.39681 6.04381
56 60 11.0209 8.29217
56 61 10.0091 6.4877
56 62 13.1247 9.36389
56 63 14.3293 11.0624
56 64 14.4249 9.91094
56 65 10.8335 4.64835
56 66 9.76879 7.61503
56 67 12.5637 9.45927
56 68 11.6363 7.37514
56 69 8.151 4.72412
56 70 10.1994 7.76044
56 71 13.0265 10.0786
56 72 11.4574 8.02085
56 73 9.65128 7.7007
56 74 13.1118 9.91527
56 75 15.7232 12.9124
56 76 14.0063 10.1969
56 77 11.1818 8.83171
56 78 9.83253 6.56315
56 79 9.33764 7.87063
56 80 9.78657 7.07767
56 81 12.4767 9.81747
56 82 15.213 11.9887
56 83 18.5662 15.3181
56 84 19.579 13.0322
57 58 3.8293 1.33308
57 59 5.92089 2.44678
57 60 7.74515 4.21182
57 61 7.79976 4.90888
57 62 11.4205 7.87874
57 63 13.1579 10.6418
57 64 14.0789 10.6896
57 65 10.6095 3.93592
57 66 9.56158 7.84374
57 67 13.0465 10.1564
57 68 12.9071 10.3765
57 69 9.94749 7.2145
57 70 11.8925 9.95181
57 71 15.0716 12.7199
57 72 14.2369 12.1125
57 73 12.6745 11.0636
57 74 16.3076 14.0745
57 75 18.7345 16.9528
57 76 16.8648 13.7023
57 77 13.6166 11.14
57 78 11.8265 8.91854
57 79 10.1223 9.52291
57 80 9.38124 8.25005
57 81 11.2692 10.376
57 82 13.2438 10.2976
57 83 16.5087 14.0496
57 84 16.9684 9.61155
58 59 3.79729 1.32655
58 60 5.41383 3.08248
58 61 4.7266 2.85664
58 62 8.10705 4.98944
58 63 9.55791 6.71371
58 64 11.0396 6.92981
58 65 8.03737 2.96999
58 66 6.59841 3.3262
58 67 10.3237 5.67662
58 68 11.0281 6.54822
58 69 8.79728 3.36582
58 70 10.4047 4.61957
58 71 13.6532 7.79634
58 72 13.7648 8.98527
58 73 12.7163 7.61416
58 74 16.4681 10.9325
58 75 18.8209 13.9081
58 76 17.3258 11.7147
58 77 13.7691 7.45279
58 78 12.5556 7.37654
58 79 10.1391 5.53762
58 80 9.74074 6.64833
58 81 10.4688 8.77915
58 82 12.2493 10.3469
58 83 14.9283 13.3542
58 84 14.9388 9.38187
59 60 3.77703 1.32611
59 61 5.73061 3.46942
59 62 8.96763 6.91019
59 63 10.7359 9.01244
59 64 13.1119 11.4649
59 65 10.6912 6.51715
59 66 9.36182 8.02747
59 67 13.0442 10.885
59 68 14.3338 12.5943
59 69 12.4532 9.70162
59 70 13.6882 10.2586
59 71 17.0386 14.5308
59 72 17.4657 15.3589
59 73 16.2942 13.9998
59 74 19.9836 17.3826
59 75 22.0602 20.1631
59 76 20.2793 17.195
59 77 16.6055 13.3274
59 78 14.8908 11.5499
59 79 11.8975 9.50634
59 80 10.3749 7.60429
59 81 10.1548 9.13537
59 82 10.7198 7.26816
59 83 13.1215 11.2639
59 84 12.4438 6.09965
60 61 3.81138 1.32738
60 62 6.76774 3.87198
60 63 9.61425 7.10305
60 64 11.74 9.22112
60 65 9.50587 4.76439
60 66 9.51073 7.9343
60 67 13.1131 10.5084
60 68 14.1008 11.5597
60 69 12.9929 10.74
60 70 14.8813 11.8131
60 71 17.7297 15.427
60 72 18.1768 15.4951
60 73 17.7528 16.0117
60 74 21.531 19.2948
60 75 24.0107 22.3525
60 76 22.6822 19.5977
60 77 19.0887 15.6605
60 78 17.8464 14.1952
60 79 15.1006 12.0332
60 80 14.0058 10.7452
60 81 13.7837 12.4875
60 82 14.2329 11.5528
60 83 16.2282 14.6256
60 84 14.9436 9.18482
61 62 3.80773 1.33098
61 63 6.61623 4.10416
61 64 8.11857 6.29027
61 65 5.69768 3.14878
61 66 6.1744 4.4713
61 67 9.63104 7.10455
61 68 10.4198 8.56326
61 69 9.79372 7.14866
61 70 11.8973 8.77089
61 71 14.3611 11.7509
61 72 14.9667 12.038
61 73 15.0762 12.8438
61 74 18.8054 15.8632
61 75 21.4792 19.1591
61 76 20.6492 17.2373
61 77 17.189 13.1192
61 78 16.6656 13.0172
61 79 14.2882 11.379
61 80 14.1782 11.3752
61 81 14.2264 13.4139
61 82 15.4761 13.701
61 83 17.4344 16.0396
61 84 16.5565 11.3111
62 63 3.80665 1.32779
62 64 5.40412 3.27205
62 65 4.85746 2.87942
62 66 6.23002 2.92672
62 67 8.52499 4.94191
62 68 9.77093 5.97021
62 69 10.5445 7.68042
62 70 12.3255 7.58692
62 71 14.0929 10.7596
62 72 15.3891 11.8498
62 73 16.2338 13.3947
62 74 19.7311 16.0829
62 75 22.384 19.3333
62 76 22.0929 18.2227
62 77 18.7491 13.6355
62 78 18.8536 14.8346
62 79 16.5086 12.4411
62 80 16.8687 13.4047
62 81 16.4605 15.064
62 82 17.6404 15.618
62 83 18.9915 17.8063
62 84 17.8123 14.2583
63 64 3.81134 1.32941
63 65 5.30694 3.16834
63 66 5.21002 3.23605
63 67 6.09958 2.91089
63 68 8.54646 4.91188
63 69 9.95192 6.84049
63 70 10.6627 5.94667
63 71 12.1633 8.66136
63 72 14.3115 10.831
63 73 15.2766 12.3775
63 74 18.445 14.8517
63 75 20.7245 17.911
63 76 20.7251 17.4836
63 77 17.4734 12.599
63 78 18.0923 15.0315
63 79 15.762 12.2057
63 80 16.6829 14.321
63 81 15.9095 15.6794
63 82 17.3199 15.5101
63 83 18.2286 17.3382
63 84 17.3244 15.0044
64 65 3.80765 1.32933
64 66 5.54814 3.35896
64 67 5.04971 3.34139
64 68 6.07109 2.52409
64 69 8.61871 4.98502
64 70 9.93911 6.8712
64 71 10.3742 7.06791
64 72 12.2804 8.18591
64 73 14.103 10.8452
64 74 17.0417 13.4207
64 75 19.7001 16.7486
64 76 20.2769 16.8238
64 77 17.4348 12.7401
64 78 18.6253 15.2525
64 79 16.9822 13.1421
64 80 18.466 15.8144
64 81 18.3243 17.6277
64 82 20.2346 18.1474
64 83 21.4621 20.2908
64 84 20.8738 17.802
65 66 3.7871 1.32614
65 67 5.36659 3.22329
65 68 5.05687 3.25507
65 69 6.13056 2.92582
65 70 8.57251 4.97723
65 71 9.75339 6.81809
65 72 10.6214 7.03568
65 73 11.9783 8.93394
65 74 15.3341 11.6057
65 75 18.3019 15.0701
65 76 18.4611 14.3898
65 77 15.5182 10.5148
65 78 16.2944 12.2787
65 79 14.8276 10.6947
65 80 16.13 12.6768
65 81 16.583 14.9301
65 82 18.7066 16.0286
65 83 20.5433 18.8282
65 84 20.2153 14.8373
66 67 3.7857 1.32775
66 68 5.41018 3.22437
66 69 5.11899 3.22993
66 70 6.14627 2.78951
66 71 8.49319 4.89264
66 72 9.95015 6.79494
66 73 10.3291 7.5817
66 74 13.7495 10.1599
66 75 16.2033 13.2438
66 76 15.954 12.5186
66 77 12.7028 7.95278
66 78 13.3404 10.5348
66 79 11.5195 8.20785
66 80 12.9917 10.7145
66 81 13.22 12.3579
66 82 15.5634 13.3325
66 83 17.3446 15.7244
66 84 17.4344 14.016
67 68 3.79515 1.32707
67 69 5.53885 3.35166
67 70 5.24505 3.28815
67 71 6.0924 2.96648
67 72 8.69609 5.08311
67 73 9.96615 6.98802
67 74 12.7022 9.25559
67 75 14.9694 12.2311
67 76 15.5281 12.7713
67 77 12.7669 8.65388
67 78 14.3903 12.4451
67 79 13.1045 9.7862
67 80 15.3094 13.0726
67 81 15.4232 14.5852
67 82 17.9733 15.9239
67 83 19.3592 18.3325
67 84 19.6399 17.0957
68 69 3.80955 1.33008
68 70 5.44023 3.16067
68 71 5.01336 3.17793
68 72 6.22638 2.82104
68 73 8.5032 5.02087
68 74 11.2116 7.54131
68 75 14.1903 10.9964
68 76 15.1238 11.6384
68 77 12.8361 8.73944
68 78 14.6941 11.9736
68 79 14.1936 10.8002
68 80 16.5852 14.297
68 81 17.4773 16.4803
68 82 20.3121 18.1055
68 83 22.1758 20.7097
68 84 22.5994 19.4494
69 70 3.78726 1.32436
69 71 5.44458 3.31432
69 72 5.21157 3.40638
69 73 5.85368 3.04205
69 74 9.32558 5.62097
69 75 12.3901 9.06436
69 76 12.5444 8.54815
69 77 9.95719 5.49559
69 78 11.3283 8.5326
69 79 11.0254 8.03744
69 80 13.4032 11.1495
69 81 14.8624 13.4497
69 82 17.957 15.4472
69 83 20.2891 18.5158
69 84 21.1099 17.0777
70 71 3.79781 1.32919
70 72 5.40132 3.17804
70 73 5.09307 3.42097
70 74 7.93491 4.83998
70 75 10.121 7.40546
70 76 10.3494 8.04187
70 77 7.6832 3.0482
70 78 9.75508 6.56448
70 79 9.48446 3.3716
70 80 12.4986 7.84686
70 81 13.5768 9.22652
70 82 16.8741 11.473
70 83 18.8468 14.2731
70 84 20.0789 14.8083
71 72 3.79844 1.32839
71 73 5.73592 3.33723
71 74 7.14299 4.33223
71 75 9.52127 6.8779
71 76 11.1062 8.8969
71 77 9.59077 6.41726
71 78 12.4889 10.5127
71 79 12.9077 8.72349
71 80 16.1453 13.5362
71 81 17.258 15.558
71 82 20.5653 17.7815
71 83 22.3536 20.5493
71 84 23.5261 20.7247
72 73 3.80531 1.32762
72 74 5.39114 2.96878
72 75 8.86654 6.42572
72 76 10.3427 7.59058
72 77 9.30817 5.78904
72 78 11.9821 9.4113
72 79 13.1392 10.3308
72 80 16.2899 13.9308
72 81 18.1549 16.8308
72 82 21.6308 19.442
72 83 23.9324 22.413
72 84 25.2549 22.3435
73 74 3.79774 1.3286
73 75 6.9119 4.18547
73 76 7.15892 3.52909
73 77 5.76837 2.94671
73 78 8.28525 5.9084
73 79 9.92879 6.70335
73 80 13.2165 10.4201
73 81 15.4535 13.3267
73 82 19.1047 16.1937
73 83 21.6336 19.345
73 84 23.3759 19.9204
74 75 3.79561 1.32742
74 76 5.6568 3.40002
74 77 6.45412 3.08626
74 78 9.74637 7.58108
74 79 12.211 9.1515
74 80 15.763 13.5205
74 81 18.0231 16.2717
74 82 21.7705 19.1919
74 83 24.1436 22.0782
74 84 26.1983 23.3969
75 76 3.78538 1.32248
75 77 6.28989 3.54561
75 78 9.79344 7.20428
75 79 12.585 9.36159
75 80 16.2694 13.5836
75 81 18.3241 16.0409
75 82 22.0667 19.0668
75 83 24.1761 21.7402
75 84 26.6237 23.8377
76 77 3.77973 1.32736
76 78 6.52651 3.90477
76 79 9.76155 7.08566
76 80 13.2512 10.5395
76 81 15.5858 13.3836
76 82 19.324 16.7767
76 83 21.6567 19.6817
76 84 24.3521 21.8067
77 78 3.79504 1.32748
77 79 6.31078 2.36473
77 80 9.98062 6.96098
77 81 12.1858 9.49038
77 82 15.9613 12.4301
77 83 18.372 15.4107
77 84 20.8592 17.3163
78 79 3.79212 1.32943
78 80 6.83497 3.88499
78 81 9.67639 7.34031
78 82 13.3859 10.8078
78 83 16.2202 14.0166
78 84 18.8744 15.4116
79 80 3.78117 1.3285
79 81 6.0713 3.23928
79 82 9.84039 6.05947
79 83 12.6721 9.11633
79 84 15.1442 11.4157
80 81 3.78676 1.32305
80 82 7.0383 4.53953
80 83 10.4544 7.95002
80 84 12.8808 8.79755
81 82 3.78478 1.33107
81 83 6.79526 4.4619
81 84 9.33538 7.28833
82 83 3.79167 1.32539
82 84 6.2152 3.28346
83 84 3.79829 1.32871
