1, 2, 42.52104
1, 3, 2.90284
1, 4, 1.16264
1, 5, 1.18295
1, 6, 2.42553
1, 7, -0.25158
1, 8, -0.00497
1, 9, 0.35913
1, 10, -0.86643
1, 11, -0.04179
1, 12, -0.70950
1, 13, 1.71639
1, 14, -1.66335
1, 15, -0.40905
1, 16, -0.73072
1, 17, -1.04665
1, 18, -0.83860
1, 19, -0.02421
1, 20, -1.35039
1, 21, -0.42397
1, 22, -0.75498
1, 23, 0.42647
1, 24, -1.12188
1, 25, -1.49800
1, 26, 0.05890
1, 27, -1.70836
1, 28, 0.21592
1, 29, -0.51160
1, 30, -1.65449
1, 31, -1.09739
1, 32, -0.00640
1, 33, -0.99423
1, 34, -0.62518
1, 35, -0.79408
1, 36, -0.91301
1, 37, -0.47286
1, 38, -0.47594
1, 39, -0.96746
1, 40, -1.09839
1, 41, -1.09671
1, 42, 0.25234
1, 43, -1.21475
1, 44, -0.97045
1, 45, -1.02289
1, 46, -1.48130
1, 47, 0.90160
1, 48, -1.12176
1, 49, -0.72654
1, 50, -0.79087
1, 51, -0.82322
1, 52, -0.17490
1, 53, -0.90310
1, 54, 0.87325
1, 55, -1.01344
1, 56, -0.69432
1, 57, -0.38676
1, 58, -1.16405
1, 59, 0.10580
1, 60, -0.73840
1, 61, -1.32504
1, 62, -0.74295
1, 63, -1.06799
1, 64, -0.06632
1, 65, -0.18625
1, 66, -0.43954
1, 67, -2.21814
1, 68, 0.36191
1, 69, -1.06933
1, 70, -1.78544
1, 71, 0.34802
1, 72, 0.90520
1, 73, -1.01138
1, 74, -0.60889
1, 75, -1.54493
1, 76, -0.44732
1, 77, -1.26000
1, 78, -0.30689
1, 79, -0.05818
1, 80, -0.91348
1, 81, -1.16534
1, 82, -1.48904
1, 83, -0.48248
1, 84, -1.04965
2, 3, 7.55460
2, 4, 4.66226
2, 5, 3.40694
2, 6, 1.00554
2, 7, 1.30265
2, 8, 0.21884
2, 9, 1.85353
2, 10, -1.24760
2, 11, -1.16976
2, 12, -0.40179
2, 13, -1.07281
2, 14, -1.34827
2, 15, -1.47427
2, 16, -1.08801
2, 17, -1.40881
2, 18, -0.61728
2, 19, -0.93044
2, 20, -1.93118
2, 21, -1.25419
2, 22, -1.16813
2, 23, -1.50824
2, 24, -1.27838
2, 25, -0.95663
2, 26, -1.08497
2, 27, -1.28993
2, 28, -1.03378
2, 29, -0.73556
2, 30, -1.49463
2, 31, -1.12793
2, 32, -0.55855
2, 33, -0.14030
2, 34, 0.68969
2, 35, -0.28109
2, 36, -1.13219
2, 37, -1.30035
2, 38, 0.13718
2, 39, -0.47328
2, 40, 0.08531
2, 41, -0.68485
2, 42, -1.37149
2, 43, -1.00548
2, 44, -1.40331
2, 45, 0.00043
2, 46, -1.39617
2, 47, -0.83629
2, 48, -0.84818
2, 49, -1.52782
2, 50, -0.36746
2, 51, 1.09635
2, 52, -0.75193
2, 53, -1.37442
2, 54, -1.29208
2, 55, -0.86226
2, 56, -0.63525
2, 57, -1.19050
2, 58, -0.48776
2, 59, -0.24897
2, 60, 1.03378
2, 61, -1.63530
2, 62, -0.04016
2, 63, -1.97666
2, 64, -0.94459
2, 65, -1.24172
2, 66, -0.93936
2, 67, -1.49487
2, 68, -0.48356
2, 69, -0.84960
2, 70, -1.04011
2, 71, -1.10404
2, 72, -0.42984
2, 73, -0.28008
2, 74, -1.02041
2, 75, -0.61597
2, 76, -0.71543
2, 77, -0.51671
2, 78, -0.72592
2, 79, -0.88388
2, 80, -0.87746
2, 81, -0.58031
2, 82, -0.76981
2, 83, -0.18438
2, 84, -0.50278
3, 4, 0.22218
3, 5, 2.04205
3, 6, -0.75147
3, 7, -0.05648
3, 8, -0.00966
3, 9, -0.56480
3, 10, 0.39876
3, 11, -1.24532
3, 12, 0.83238
3, 13, -1.76284
3, 14, -0.90540
3, 15, -2.13661
3, 16, -1.61421
3, 17, -1.57124
3, 18, -0.91676
3, 19, 0.22929
3, 20, -2.58518
3, 21, -1.65626
3, 22, -0.94979
3, 23, 2.49340
3, 24, -0.77611
3, 25, -0.26054
3, 26, -0.41927
3, 27, -1.89127
3, 28, -0.18184
3, 29, -0.56074
3, 30, -1.05213
3, 31, -0.44398
3, 32, -0.71035
3, 33, 0.89370
3, 34, -0.98563
3, 35, -1.32774
3, 36, -0.82148
3, 37, -1.18322
3, 38, -1.49631
3, 39, -0.64313
3, 40, -1.60163
3, 41, 4.27195
3, 42, -0.01606
3, 43, 4.78772
3, 44, -0.70561
3, 45, 0.68696
3, 46, -1.53454
3, 47, -0.22698
3, 48, 0.83841
3, 49, -0.83361
3, 50, 0.05344
3, 51, 0.39037
3, 52, -0.69874
3, 53, -1.86978
3, 54, -0.05159
3, 55, 0.42384
3, 56, -0.84659
3, 57, -1.13449
3, 58, -0.38942
3, 59, -0.16071
3, 60, -1.56000
3, 61, 2.16857
3, 62, -1.53286
3, 63, -1.53525
3, 64, 2.01309
3, 65, -0.48878
3, 66, -1.80275
3, 67, -1.36907
3, 68, 0.89578
3, 69, -0.68687
3, 70, -1.80986
3, 71, 1.08513
3, 72, -0.94942
3, 73, -1.23769
3, 74, -1.25634
3, 75, -1.12236
3, 76, -0.97117
3, 77, -1.99096
3, 78, -0.87137
3, 79, -1.40719
3, 80, -0.45989
3, 81, 4.54234
3, 82, 0.25732
3, 83, 19.63858
3, 84, 1.53658
4, 5, 1.79919
4, 6, 0.17189
4, 7, -0.01313
4, 8, 0.06998
4, 9, -0.70555
4, 10, 1.21064
4, 11, -0.00294
4, 12, 1.30224
4, 13, 0.32719
4, 14, -0.99782
4, 15, -0.65204
4, 16, -0.94173
4, 17, 0.10414
4, 18, -0.42881
4, 19, -0.45879
4, 20, -0.42122
4, 21, -1.41619
4, 22, 1.20598
4, 23, -0.01391
4, 24, 3.01350
4, 25, -0.27373
4, 26, -0.31856
4, 27, 0.92139
4, 28, -1.33311
4, 29, -1.01375
4, 30, 0.75223
4, 31, -0.37337
4, 32, 0.65729
4, 33, -0.63642
4, 34, -0.65407
4, 35, -0.77776
4, 36, -1.22573
4, 37, -0.77340
4, 38, -0.67841
4, 39, -0.77027
4, 40, -0.69057
4, 41, -0.53020
4, 42, -0.70741
4, 43, -0.61124
4, 44, -0.70541
4, 45, 1.10088
4, 46, 0.73608
4, 47, 1.11620
4, 48, 0.85548
4, 49, 1.29832
4, 50, -0.78401
4, 51, -0.57288
4, 52, -0.04440
4, 53, 0.25151
4, 54, 0.24524
4, 55, 0.05118
4, 56, 0.43524
4, 57, 0.43236
4, 58, -0.89607
4, 59, -0.22665
4, 60, -1.18523
4, 61, -0.15700
4, 62, -1.05637
4, 63, -1.64014
4, 64, -0.62227
4, 65, 0.20266
4, 66, -0.73878
4, 67, -1.46324
4, 68, -0.42784
4, 69, -0.46229
4, 70, -0.04509
4, 71, -1.12539
4, 72, 0.39466
4, 73, -0.56785
4, 74, -1.04552
4, 75, 1.00083
4, 76, -0.09061
4, 77, -0.13942
4, 78, 3.74045
4, 79, -0.47709
4, 80, 1.88279
4, 81, 1.54237
4, 82, -0.80948
4, 83, -1.09446
4, 84, 0.77618
5, 6, 2.56599
5, 7, 2.12413
5, 8, 1.47983
5, 9, 3.02412
5, 10, -1.38754
5, 11, 0.88417
5, 12, -0.80879
5, 13, -1.75567
5, 14, 1.40652
5, 15, 2.92322
5, 16, -0.60536
5, 17, -0.93434
5, 18, -0.00715
5, 19, -0.52219
5, 20, -1.13596
5, 21, -1.06077
5, 22, -0.63117
5, 23, -0.58314
5, 24, -0.47987
5, 25, -0.47132
5, 26, -0.99746
5, 27, -1.43518
5, 28, -1.05238
5, 29, 1.50517
5, 30, -0.35145
5, 31, -0.08210
5, 32, 0.24507
5, 33, -1.24401
5, 34, -0.55919
5, 35, -0.92912
5, 36, -1.06470
5, 37, -0.94006
5, 38, 1.72504
5, 39, 0.39840
5, 40, -0.75963
5, 41, 1.18333
5, 42, -0.61443
5, 43, 1.24128
5, 44, -0.23454
5, 45, -0.69987
5, 46, -1.13525
5, 47, 1.18662
5, 48, 1.77727
5, 49, -0.89399
5, 50, 2.30677
5, 51, 0.05243
5, 52, -0.10983
5, 53, -0.47359
5, 54, 0.44488
5, 55, 1.12769
5, 56, 0.73532
5, 57, -0.10321
5, 58, -0.69193
5, 59, -0.19687
5, 60, -1.16174
5, 61, -0.73108
5, 62, -0.84504
5, 63, -2.25330
5, 64, -0.46702
5, 65, -0.25465
5, 66, 0.41239
5, 67, -1.57225
5, 68, -0.31343
5, 69, 0.39727
5, 70, 1.10317
5, 71, -0.34724
5, 72, 0.61803
5, 73, -0.82857
5, 74, -1.29843
5, 75, 0.07434
5, 76, -0.60697
5, 77, -1.56232
5, 78, 1.32647
5, 79, -0.32502
5, 80, -1.12661
5, 81, -0.31320
5, 82, 0.04463
5, 83, -1.61839
5, 84, -0.39293
6, 7, -0.19920
6, 8, 1.28768
6, 9, 0.59412
6, 10, 1.89471
6, 11, 0.78399
6, 12, 0.58230
6, 13, -0.74748
6, 14, 0.82598
6, 15, -0.97768
6, 16, -1.17150
6, 17, 1.69913
6, 18, -1.00332
6, 19, -0.57076
6, 20, -0.61616
6, 21, -1.48956
6, 22, -0.58407
6, 23, -0.71474
6, 24, 0.90056
6, 25, -0.30735
6, 26, -1.37830
6, 27, -0.84267
6, 28, -0.85649
6, 29, -0.32235
6, 30, -0.23280
6, 31, -0.21218
6, 32, 0.68867
6, 33, -0.77996
6, 34, -0.46386
6, 35, -0.69001
6, 36, -0.85355
6, 37, 0.11344
6, 38, -1.57775
6, 39, -0.04757
6, 40, 0.61623
6, 41, -0.21443
6, 42, -0.61136
6, 43, 2.28364
6, 44, -0.30290
6, 45, -0.06234
6, 46, 0.15960
6, 47, 1.51539
6, 48, -0.10543
6, 49, 0.02049
6, 50, 0.22490
6, 51, -0.41303
6, 52, 0.33580
6, 53, -1.37566
6, 54, 0.64204
6, 55, 0.49444
6, 56, 0.22700
6, 57, -0.74505
6, 58, -0.87087
6, 59, 0.02827
6, 60, 0.51565
6, 61, -1.20549
6, 62, -0.07583
6, 63, -0.95229
6, 64, 0.08700
6, 65, -0.51467
6, 66, -1.38588
6, 67, -1.15317
6, 68, 1.21789
6, 69, 0.34815
6, 70, -1.03466
6, 71, 0.21750
6, 72, 0.03794
6, 73, 0.32811
6, 74, -1.17994
6, 75, 0.25731
6, 76, 2.04824
6, 77, 0.36094
6, 78, 5.32544
6, 79, -0.85091
6, 80, 0.12080
6, 81, -0.69008
6, 82, -0.81107
6, 83, -0.27248
6, 84, -0.83967
7, 8, 0.85994
7, 9, 2.12751
7, 10, -0.26372
7, 11, 0.48834
7, 12, -1.08442
7, 13, 1.80128
7, 14, 1.07758
7, 15, 1.52050
7, 16, 4.68517
7, 17, -1.57804
7, 18, -0.73880
7, 19, -1.19190
7, 20, -1.80804
7, 21, -0.37524
7, 22, -1.40444
7, 23, -0.01847
7, 24, -0.52140
7, 25, 1.06203
7, 26, -0.62986
7, 27, -0.93891
7, 28, -1.51672
7, 29, 0.77439
7, 30, -1.47969
7, 31, -0.56756
7, 32, -0.80111
7, 33, 1.05211
7, 34, -0.41509
7, 35, 0.74265
7, 36, 0.93968
7, 37, -0.44576
7, 38, 5.93101
7, 39, -0.64619
7, 40, -0.76713
7, 41, 3.96031
7, 42, 1.67203
7, 43, 0.26376
7, 44, -0.63299
7, 45, -0.18997
7, 46, -0.59536
7, 47, -1.02572
7, 48, 0.55856
7, 49, 1.94345
7, 50, -0.33950
7, 51, -0.93829
7, 52, -1.04818
7, 53, 0.81529
7, 54, -1.28855
7, 55, 0.64438
7, 56, -0.65323
7, 57, -0.13916
7, 58, -0.39966
7, 59, 0.54944
7, 60, -1.31150
7, 61, -1.32217
7, 62, -0.63553
7, 63, -1.68037
7, 64, -0.51433
7, 65, -0.71039
7, 66, -1.44482
7, 67, -1.25373
7, 68, 1.09701
7, 69, 0.75158
7, 70, -0.58610
7, 71, -1.37398
7, 72, -0.33946
7, 73, 2.30683
7, 74, -1.14807
7, 75, -1.06108
7, 76, -0.87374
7, 77, 0.76206
7, 78, -1.23202
7, 79, 1.28993
7, 80, -0.84415
7, 81, -0.64163
7, 82, -0.80194
7, 83, -1.57592
7, 84, 0.95039
8, 9, 1.07155
8, 10, 1.39749
8, 11, 1.26546
8, 12, 0.31109
8, 13, -0.84861
8, 14, -0.86609
8, 15, -0.26231
8, 16, -0.08836
8, 17, -0.85815
8, 18, -0.34202
8, 19, -0.76678
8, 20, -1.64992
8, 21, -0.86658
8, 22, 0.36746
8, 23, 0.14378
8, 24, 0.79350
8, 25, -0.04582
8, 26, -0.95854
8, 27, -1.01343
8, 28, -0.63343
8, 29, 1.07948
8, 30, 0.45991
8, 31, -0.16869
8, 32, 0.07401
8, 33, -0.89339
8, 34, -0.48192
8, 35, -0.65243
8, 36, -0.74657
8, 37, -0.76544
8, 38, -0.96377
8, 39, -0.44225
8, 40, 2.47697
8, 41, 2.19771
8, 42, -0.83519
8, 43, -0.95825
8, 44, -0.28952
8, 45, -0.07633
8, 46, 0.56427
8, 47, -0.63635
8, 48, -1.26247
8, 49, 0.15607
8, 50, -0.52358
8, 51, -0.08224
8, 52, -0.65283
8, 53, -0.51346
8, 54, -0.57012
8, 55, -0.44829
8, 56, -0.00771
8, 57, -0.43203
8, 58, 0.18684
8, 59, 1.45763
8, 60, 0.85260
8, 61, 1.07335
8, 62, -0.68490
8, 63, -1.37692
8, 64, 0.45802
8, 65, -0.82821
8, 66, -0.64134
8, 67, 0.16679
8, 68, -0.01129
8, 69, 0.58002
8, 70, -0.82374
8, 71, 1.29225
8, 72, -0.05882
8, 73, -0.01795
8, 74, -0.06640
8, 75, 2.08438
8, 76, 2.94720
8, 77, -0.97754
8, 78, -0.32695
8, 79, -0.52084
8, 80, 1.33815
8, 81, -0.14534
8, 82, -0.33449
8, 83, -0.07746
8, 84, -0.57370
9, 10, 1.60825
9, 11, -0.19220
9, 12, 0.53996
9, 13, -1.43002
9, 14, 1.13220
9, 15, 3.07346
9, 16, 0.68384
9, 17, 0.24917
9, 18, 0.71848
9, 19, -0.58991
9, 20, 1.17393
9, 21, -0.73745
9, 22, -0.70079
9, 23, -1.18698
9, 24, -0.33303
9, 25, -0.77789
9, 26, -1.01426
9, 27, -1.85428
9, 28, 1.44075
9, 29, 0.63664
9, 30, -0.48321
9, 31, 0.14360
9, 32, 1.42706
9, 33, -0.14419
9, 34, -0.64507
9, 35, -0.12448
9, 36, 0.90398
9, 37, -1.08050
9, 38, 1.26232
9, 39, -1.20476
9, 40, -0.81341
9, 41, -1.83553
9, 42, 1.51740
9, 43, -1.22846
9, 44, -0.44440
9, 45, -0.43924
9, 46, 0.42588
9, 47, 0.36849
9, 48, 1.87235
9, 49, -0.52219
9, 50, -0.06288
9, 51, -0.02359
9, 52, -0.73461
9, 53, 1.11107
9, 54, -1.51131
9, 55, -0.41235
9, 56, -0.26842
9, 57, -0.88422
9, 58, -0.21704
9, 59, -1.00969
9, 60, 0.05145
9, 61, -1.34731
9, 62, 0.57834
9, 63, -0.08063
9, 64, -0.46224
9, 65, -0.80935
9, 66, -0.37034
9, 67, -0.60785
9, 68, -0.68847
9, 69, -0.53666
9, 70, -0.17837
9, 71, 1.70317
9, 72, -0.24380
9, 73, -0.04023
9, 74, 0.38229
9, 75, -0.66734
9, 76, 0.02036
9, 77, 1.84185
9, 78, -0.87346
9, 79, -0.80828
9, 80, -0.38665
9, 81, -0.41762
9, 82, 1.16862
9, 83, -1.74571
9, 84, -0.72148
10, 11, 7.28510
10, 12, 1.76961
10, 13, 9.72675
10, 14, -1.43341
10, 15, 0.13731
10, 16, 3.69856
10, 17, -0.59921
10, 18, 0.59919
10, 19, -1.30787
10, 20, -1.37649
10, 21, -1.92910
10, 22, -1.05634
10, 23, 0.39181
10, 24, -0.36647
10, 25, 1.06950
10, 26, 0.03770
10, 27, -1.01817
10, 28, -1.21499
10, 29, -0.74077
10, 30, 0.37496
10, 31, -1.26655
10, 32, -0.36539
10, 33, 2.12606
10, 34, 0.00829
10, 35, -0.58976
10, 36, -0.69295
10, 37, 0.05315
10, 38, -1.33187
10, 39, 3.15565
10, 40, 0.19244
10, 41, -1.24911
10, 42, -1.38420
10, 43, 1.04754
10, 44, 1.66183
10, 45, -0.49958
10, 46, -1.30194
10, 47, -1.82008
10, 48, 0.51063
10, 49, 0.12103
10, 50, -0.69816
10, 51, -1.36909
10, 52, -1.22176
10, 53, -0.67896
10, 54, 0.03869
10, 55, -1.12730
10, 56, -0.24750
10, 57, -0.73333
10, 58, -0.28146
10, 59, 0.68937
10, 60, -1.18421
10, 61, 0.84670
10, 62, -0.60844
10, 63, -0.84131
10, 64, 0.00219
10, 65, -1.03045
10, 66, -1.25313
10, 67, -0.83448
10, 68, -0.53838
10, 69, -0.64343
10, 70, -1.39286
10, 71, 0.55288
10, 72, 1.22220
10, 73, -0.73373
10, 74, -0.11271
10, 75, 2.85714
10, 76, -0.41175
10, 77, -0.80115
10, 78, 1.41166
10, 79, -0.38294
10, 80, -0.61311
10, 81, -1.12599
10, 82, -0.87925
10, 83, -1.79039
10, 84, -1.04991
11, 12, 0.63674
11, 13, 4.06329
11, 14, 2.51123
11, 15, 1.19914
11, 16, -1.45315
11, 17, -0.04291
11, 18, -0.95217
11, 19, 0.35251
11, 20, 2.03565
11, 21, -1.24176
11, 22, -1.03632
11, 23, -1.00141
11, 24, 1.54563
11, 25, -0.65101
11, 26, 3.18536
11, 27, -1.14742
11, 28, 0.20272
11, 29, -0.74598
11, 30, 0.06126
11, 31, -0.50974
11, 32, -0.63908
11, 33, -0.33344
11, 34, 0.27520
11, 35, -0.67215
11, 36, -1.01118
11, 37, 2.92316
11, 38, -1.12032
11, 39, -0.26898
11, 40, -0.47037
11, 41, -0.97507
11, 42, 0.09680
11, 43, -0.86542
11, 44, -0.76715
11, 45, -0.89795
11, 46, -0.82710
11, 47, 0.29497
11, 48, -0.96420
11, 49, -0.49075
11, 50, 0.24243
11, 51, -0.55799
11, 52, -0.63432
11, 53, -1.07729
11, 54, -1.70051
11, 55, -0.88528
11, 56, 0.01233
11, 57, -1.01510
11, 58, -0.36356
11, 59, 0.83323
11, 60, -0.86685
11, 61, 0.71656
11, 62, 0.83171
11, 63, -1.66451
11, 64, -0.53949
11, 65, 2.30811
11, 66, -1.39176
11, 67, -0.60240
11, 68, 0.14814
11, 69, -0.72758
11, 70, 0.42211
11, 71, 0.01428
11, 72, -0.30055
11, 73, -0.15147
11, 74, 0.83894
11, 75, 1.51886
11, 76, 0.29116
11, 77, -0.28920
11, 78, -0.19614
11, 79, -0.61207
11, 80, 1.42623
11, 81, -1.04768
11, 82, -0.97051
11, 83, -1.73747
11, 84, -0.68171
12, 13, 6.08158
12, 14, 0.35741
12, 15, -1.10553
12, 16, -1.14947
12, 17, -0.01903
12, 18, 0.14269
12, 19, -0.71671
12, 20, 3.02808
12, 21, -1.91139
12, 22, 0.06382
12, 23, 0.25106
12, 24, -0.06432
12, 25, -1.04395
12, 26, -0.12108
12, 27, -0.41465
12, 28, -1.25480
12, 29, -0.67949
12, 30, -1.15273
12, 31, -0.78191
12, 32, -0.92679
12, 33, -0.10423
12, 34, -0.94167
12, 35, 0.28269
12, 36, -0.74550
12, 37, 0.67266
12, 38, 1.26017
12, 39, -0.70748
12, 40, 11.38539
12, 41, -1.57752
12, 42, 0.14009
12, 43, -0.77411
12, 44, -0.59084
12, 45, -0.78619
12, 46, -0.77590
12, 47, -1.53820
12, 48, 0.33312
12, 49, -0.95586
12, 50, -0.36283
12, 51, -0.90410
12, 52, 3.01380
12, 53, -0.00974
12, 54, 0.76226
12, 55, -1.28331
12, 56, 3.28136
12, 57, -0.22569
12, 58, -0.90623
12, 59, 0.11033
12, 60, -1.37316
12, 61, 0.07847
12, 62, -0.97645
12, 63, -2.08465
12, 64, -0.89276
12, 65, -0.16807
12, 66, 0.00808
12, 67, -0.40388
12, 68, -0.61671
12, 69, 0.07189
12, 70, -0.28932
12, 71, -0.94001
12, 72, 0.19085
12, 73, 0.82397
12, 74, -0.56568
12, 75, 0.22661
12, 76, -0.55566
12, 77, -1.29486
12, 78, 1.01218
12, 79, -0.31695
12, 80, -0.67849
12, 81, 0.11846
12, 82, 0.11582
12, 83, -0.34913
12, 84, -0.56777
13, 14, 0.22730
13, 15, 3.71214
13, 16, 4.75104
13, 17, 2.44556
13, 18, -0.37001
13, 19, -0.68328
13, 20, 1.03834
13, 21, -0.37989
13, 22, 0.90316
13, 23, 0.12544
13, 24, -0.90349
13, 25, 1.95418
13, 26, -1.20718
13, 27, -0.35039
13, 28, -2.12205
13, 29, -1.81320
13, 30, -1.50150
13, 31, -0.66258
13, 32, -1.31414
13, 33, -1.19527
13, 34, -0.80186
13, 35, 0.06556
13, 36, 3.10857
13, 37, 3.79160
13, 38, 1.78102
13, 39, -0.04179
13, 40, -1.41028
13, 41, -0.88538
13, 42, 1.10063
13, 43, -1.34147
13, 44, -1.75071
13, 45, -0.82861
13, 46, -1.09560
13, 47, -1.82302
13, 48, 1.29727
13, 49, 0.13231
13, 50, -1.08561
13, 51, 0.57314
13, 52, -1.14532
13, 53, -0.44923
13, 54, -2.45976
13, 55, -1.42519
13, 56, -1.12977
13, 57, -1.48086
13, 58, 0.54124
13, 59, -1.14262
13, 60, 0.71424
13, 61, -1.61307
13, 62, -1.31836
13, 63, 0.80470
13, 64, 0.96703
13, 65, -1.29181
13, 66, -1.44580
13, 67, 1.96594
13, 68, -0.67631
13, 69, -1.38648
13, 70, -1.31519
13, 71, 2.58999
13, 72, -0.11845
13, 73, -1.34097
13, 74, 0.76688
13, 75, -1.20042
13, 76, -1.40287
13, 77, 5.13942
13, 78, -1.39407
13, 79, -0.47394
13, 80, -1.55078
13, 81, -1.65255
13, 82, -1.40510
13, 83, -2.08167
13, 84, -1.27139
14, 15, 1.44936
14, 16, 1.08072
14, 17, 4.89426
14, 18, 2.14697
14, 19, 1.54395
14, 20, -0.97864
14, 21, -1.42098
14, 22, -1.36069
14, 23, -1.67962
14, 24, 2.19036
14, 25, -0.40530
14, 26, 0.29700
14, 27, -0.00963
14, 28, -0.93317
14, 29, 1.48718
14, 30, -0.93214
14, 31, -1.35213
14, 32, -0.89144
14, 33, -0.86843
14, 34, 0.48054
14, 35, -1.42817
14, 36, -0.45767
14, 37, 3.79189
14, 38, -1.49343
14, 39, -1.18806
14, 40, -1.31477
14, 41, -1.05239
14, 42, -1.55190
14, 43, -0.39859
14, 44, 0.10596
14, 45, 1.78024
14, 46, -0.39245
14, 47, 0.68597
14, 48, -1.07256
14, 49, -0.83039
14, 50, 0.40652
14, 51, 0.17946
14, 52, 2.22549
14, 53, 1.98293
14, 54, 0.25594
14, 55, -0.77117
14, 56, 0.47675
14, 57, -1.49227
14, 58, 3.04986
14, 59, -1.00996
14, 60, -1.00427
14, 61, -0.98663
14, 62, -1.16534
14, 63, -1.32097
14, 64, -1.59883
14, 65, -1.36437
14, 66, 1.68270
14, 67, -1.21890
14, 68, -1.05825
14, 69, -0.76949
14, 70, 5.15878
14, 71, -1.77018
14, 72, -0.50402
14, 73, 1.12531
14, 74, 0.11496
14, 75, -1.13352
14, 76, -0.63323
14, 77, 4.38990
14, 78, 0.73954
14, 79, -0.36872
14, 80, -1.28404
14, 81, 0.02442
14, 82, -1.10576
14, 83, -1.01547
14, 84, -0.28709
15, 16, 0.12480
15, 17, 0.22810
15, 18, 1.75079
15, 19, -1.14471
15, 20, -0.57321
15, 21, -0.67808
15, 22, -0.35444
15, 23, 1.20850
15, 24, -1.69736
15, 25, -1.26901
15, 26, -0.29591
15, 27, -2.07229
15, 28, -1.94274
15, 29, 0.74803
15, 30, -1.80260
15, 31, -1.48172
15, 32, -0.21184
15, 33, -1.99717
15, 34, 1.08920
15, 35, 0.85530
15, 36, 2.14304
15, 37, 0.79695
15, 38, 1.81568
15, 39, -1.58236
15, 40, -1.35894
15, 41, -1.65696
15, 42, 0.16938
15, 43, -1.04774
15, 44, 0.34289
15, 45, -0.96695
15, 46, 1.30135
15, 47, 1.96272
15, 48, 3.07179
15, 49, -1.23428
15, 50, 0.53830
15, 51, -0.77145
15, 52, -1.71614
15, 53, 0.26881
15, 54, 1.97770
15, 55, 0.62393
15, 56, -0.91475
15, 57, -0.64268
15, 58, -0.90072
15, 59, -1.33845
15, 60, 2.29207
15, 61, -2.00876
15, 62, 0.64541
15, 63, -1.72168
15, 64, 0.65717
15, 65, 1.86358
15, 66, -0.48217
15, 67, -0.83474
15, 68, 0.45360
15, 69, 0.18869
15, 70, -1.26260
15, 71, -0.12514
15, 72, -1.18932
15, 73, 0.19568
15, 74, -0.71553
15, 75, -0.58586
15, 76, 0.32352
15, 77, 1.83724
15, 78, 0.48129
15, 79, 1.84768
15, 80, -0.23525
15, 81, 0.37748
15, 82, -0.79488
15, 83, 1.28824
15, 84, -1.07337
16, 17, 4.37879
16, 18, 0.77486
16, 19, -0.01493
16, 20, -1.16830
16, 21, 0.65035
16, 22, -0.56372
16, 23, 0.76691
16, 24, -0.80691
16, 25, -0.23234
16, 26, -1.70163
16, 27, 0.64076
16, 28, -1.27706
16, 29, 0.00983
16, 30, -0.64061
16, 31, 0.08590
16, 32, 1.60653
16, 33, -1.50675
16, 34, 0.15751
16, 35, 0.08767
16, 36, 1.38400
16, 37, -1.30458
16, 38, 2.91385
16, 39, 0.50639
16, 40, 2.09445
16, 41, -1.10932
16, 42, 0.14537
16, 43, -1.34224
16, 44, 1.27439
16, 45, 0.74435
16, 46, -0.06942
16, 47, -1.38132
16, 48, 1.05104
16, 49, -1.65859
16, 50, -0.65580
16, 51, -0.53767
16, 52, -0.28091
16, 53, -0.04634
16, 54, -1.58139
16, 55, 0.87167
16, 56, -0.90919
16, 57, -0.57559
16, 58, 0.34837
16, 59, 1.15073
16, 60, 0.87537
16, 61, -1.50571
16, 62, -0.77953
16, 63, 3.98119
16, 64, -1.33771
16, 65, 0.40353
16, 66, -0.77267
16, 67, 1.19037
16, 68, -0.29761
16, 69, -0.93320
16, 70, -0.73253
16, 71, -0.94892
16, 72, 0.12195
16, 73, -0.92858
16, 74, -1.36190
16, 75, -0.92250
16, 76, -0.64702
16, 77, -1.04793
16, 78, -1.04578
16, 79, 1.47862
16, 80, -1.10808
16, 81, -0.86013
16, 82, -1.19642
16, 83, 0.70913
16, 84, -0.75033
17, 18, 1.15671
17, 19, 1.37174
17, 20, 1.91464
17, 21, -1.40540
17, 22, -0.14706
17, 23, -1.34431
17, 24, 0.24039
17, 25, -1.05395
17, 26, 0.41044
17, 27, 4.52769
17, 28, 3.07187
17, 29, 0.80559
17, 30, 0.89633
17, 31, -0.04050
17, 32, -0.40306
17, 33, 0.67489
17, 34, 0.72969
17, 35, -0.61303
17, 36, 0.77440
17, 37, -0.50309
17, 38, -1.47721
17, 39, 1.70173
17, 40, -1.03150
17, 41, -1.57777
17, 42, -1.47845
17, 43, -1.97228
17, 44, -1.03729
17, 45, -0.50909
17, 46, -0.49720
17, 47, -1.77702
17, 48, -0.45926
17, 49, -1.05966
17, 50, -0.46763
17, 51, -1.38181
17, 52, 2.19665
17, 53, -0.88873
17, 54, 0.31777
17, 55, -0.86565
17, 56, 0.02657
17, 57, -1.24870
17, 58, 0.29498
17, 59, 0.28851
17, 60, 1.22984
17, 61, 0.08302
17, 62, -0.43567
17, 63, -0.19251
17, 64, 2.41026
17, 65, 0.30438
17, 66, -0.71493
17, 67, 0.97290
17, 68, -0.84796
17, 69, -0.53625
17, 70, 0.69784
17, 71, 0.42232
17, 72, 0.73223
17, 73, -0.11932
17, 74, -1.20019
17, 75, -0.58049
17, 76, -0.25634
17, 77, -1.19866
17, 78, -0.85732
17, 79, -1.17613
17, 80, -0.86983
17, 81, -1.38875
17, 82, -0.93818
17, 83, 1.28071
17, 84, -0.35138
18, 19, 2.01495
18, 20, 0.88878
18, 21, 3.25856
18, 22, -0.52621
18, 23, -1.11484
18, 24, -1.16370
18, 25, -1.07224
18, 26, -1.00912
18, 27, 4.84078
18, 28, 0.20668
18, 29, -0.75641
18, 30, 1.90896
18, 31, -0.56976
18, 32, -0.64090
18, 33, 0.93685
18, 34, -0.16355
18, 35, -0.33725
18, 36, -0.58182
18, 37, -1.06690
18, 38, 0.73902
18, 39, -0.48241
18, 40, -0.52371
18, 41, -1.41412
18, 42, -0.40260
18, 43, -0.49582
18, 44, 1.49940
18, 45, -0.85967
18, 46, -0.16560
18, 47, 1.58664
18, 48, -0.18381
18, 49, -0.99365
18, 50, 0.49935
18, 51, -1.00540
18, 52, -1.07425
18, 53, 0.84013
18, 54, -1.01405
18, 55, 0.13837
18, 56, -0.39019
18, 57, 0.97214
18, 58, -0.63682
18, 59, -0.65305
18, 60, 0.56891
18, 61, -0.03901
18, 62, -1.21577
18, 63, 2.12987
18, 64, -0.28006
18, 65, -0.46165
18, 66, -0.72866
18, 67, 3.20382
18, 68, -0.64888
18, 69, -0.43202
18, 70, -0.18016
18, 71, 0.00076
18, 72, -0.65455
18, 73, -0.35674
18, 74, 0.37035
18, 75, -1.21130
18, 76, 0.98397
18, 77, 0.85849
18, 78, 0.03980
18, 79, -0.61721
18, 80, -0.52497
18, 81, -0.68689
18, 82, -0.78453
18, 83, -1.31612
18, 84, -0.52616
19, 20, 1.63433
19, 21, 1.11972
19, 22, 1.05280
19, 23, 1.12773
19, 24, 0.49010
19, 25, 1.55205
19, 26, 2.37282
19, 27, -0.97104
19, 28, 0.21903
19, 29, -1.34685
19, 30, 0.72681
19, 31, 1.16292
19, 32, 0.90898
19, 33, 2.35562
19, 34, -0.06494
19, 35, -1.31645
19, 36, -0.56145
19, 37, -1.30537
19, 38, -0.30875
19, 39, -0.04772
19, 40, -0.35729
19, 41, 0.87532
19, 42, 0.50789
19, 43, 0.66970
19, 44, -1.33415
19, 45, 0.36795
19, 46, 3.59122
19, 47, 0.23116
19, 48, -1.05086
19, 49, -0.64348
19, 50, 1.00741
19, 51, 1.43416
19, 52, -0.19802
19, 53, -1.36777
19, 54, -0.66698
19, 55, -1.45033
19, 56, 0.15739
19, 57, -0.69936
19, 58, 2.03068
19, 59, -0.80447
19, 60, -1.25013
19, 61, 0.42937
19, 62, 0.32291
19, 63, -0.25888
19, 64, -0.52806
19, 65, -0.35288
19, 66, -1.45944
19, 67, 0.96353
19, 68, -0.13731
19, 69, -0.31617
19, 70, 3.65747
19, 71, -1.35260
19, 72, -0.82424
19, 73, -0.07539
19, 74, -0.63306
19, 75, -0.58159
19, 76, -0.81521
19, 77, 1.38735
19, 78, -0.32435
19, 79, -0.58790
19, 80, -0.72404
19, 81, -1.50487
19, 82, -0.07834
19, 83, -0.96281
19, 84, -1.15044
20, 21, 23.36057
20, 22, 2.33286
20, 23, 2.86823
20, 24, 1.81421
20, 25, -0.96212
20, 26, 0.16310
20, 27, -0.68809
20, 28, -0.01996
20, 29, -1.15947
20, 30, 1.41245
20, 31, -1.18162
20, 32, 1.37076
20, 33, -1.80837
20, 34, 1.56340
20, 35, -1.18226
20, 36, 0.58279
20, 37, -1.91162
20, 38, -0.87260
20, 39, -0.83155
20, 40, -1.89413
20, 41, -2.80426
20, 42, -1.15549
20, 43, -1.11351
20, 44, -1.87720
20, 45, -0.94535
20, 46, -1.86283
20, 47, -2.65787
20, 48, -2.73448
20, 49, 0.12007
20, 50, -0.92678
20, 51, -1.48469
20, 52, -0.81718
20, 53, -1.31001
20, 54, -1.94547
20, 55, -0.71452
20, 56, -0.98504
20, 57, -1.52648
20, 58, -0.19114
20, 59, -0.95431
20, 60, -1.46233
20, 61, 1.73868
20, 62, 3.17826
20, 63, 15.40313
20, 64, -1.65207
20, 65, 0.02344
20, 66, 1.83464
20, 67, -0.21131
20, 68, -1.29729
20, 69, 0.51119
20, 70, 0.40486
20, 71, -1.74764
20, 72, 1.36470
20, 73, -0.31609
20, 74, -1.00213
20, 75, -1.12668
20, 76, -1.42601
20, 77, -1.21016
20, 78, -1.06767
20, 79, -1.66050
20, 80, -1.52227
20, 81, -1.18624
20, 82, -0.62686
20, 83, 0.64991
20, 84, 0.35338
21, 22, -0.19402
21, 23, 4.56313
21, 24, 3.23283
21, 25, 3.54731
21, 26, -1.87627
21, 27, 5.30444
21, 28, -0.97937
21, 29, 0.45252
21, 30, 1.69916
21, 31, 3.27142
21, 32, -0.69664
21, 33, -0.44249
21, 34, 0.94481
21, 35, -1.69184
21, 36, -2.09315
21, 37, 0.28139
21, 38, -2.13303
21, 39, -1.69601
21, 40, -0.51907
21, 41, -2.42548
21, 42, -0.64345
21, 43, -2.40322
21, 44, 0.44460
21, 45, -0.74089
21, 46, -1.57668
21, 47, 3.55118
21, 48, -2.28595
21, 49, -0.73579
21, 50, -0.75608
21, 51, 1.53536
21, 52, -1.28490
21, 53, -1.00988
21, 54, -0.72874
21, 55, -1.68040
21, 56, -0.72435
21, 57, 0.02216
21, 58, -1.69995
21, 59, -1.15103
21, 60, -0.47822
21, 61, -1.37838
21, 62, 2.23956
21, 63, 5.98024
21, 64, -1.57679
21, 65, -0.52939
21, 66, 2.02167
21, 67, 1.13651
21, 68, -1.39468
21, 69, -1.42428
21, 70, -1.91665
21, 71, -0.46527
21, 72, 0.21431
21, 73, 0.25190
21, 74, -1.17916
21, 75, -1.68340
21, 76, -0.81845
21, 77, -1.51731
21, 78, -0.71893
21, 79, -1.65826
21, 80, -1.47150
21, 81, -0.87850
21, 82, 4.59610
21, 83, -1.94244
21, 84, -1.10505
22, 23, 0.26317
22, 24, 1.59528
22, 25, 1.92619
22, 26, 0.74401
22, 27, -0.25260
22, 28, 1.04486
22, 29, -0.96055
22, 30, -0.55933
22, 31, -0.04481
22, 32, -0.44788
22, 33, -0.90993
22, 34, 0.07080
22, 35, 1.58168
22, 36, 0.93468
22, 37, -0.78611
22, 38, 1.20912
22, 39, 0.13765
22, 40, -1.08931
22, 41, -1.19576
22, 42, -0.72052
22, 43, -0.15360
22, 44, -0.77027
22, 45, 0.74104
22, 46, -0.19496
22, 47, 0.03565
22, 48, -0.27323
22, 49, 0.78489
22, 50, -0.35838
22, 51, 2.04028
22, 52, -1.05267
22, 53, -0.93478
22, 54, -0.16592
22, 55, 0.39840
22, 56, -0.12423
22, 57, -0.71360
22, 58, 0.18338
22, 59, 0.77350
22, 60, 1.17721
22, 61, -0.39825
22, 62, 2.22854
22, 63, 0.59578
22, 64, -0.75703
22, 65, 0.60907
22, 66, -0.62415
22, 67, 0.05286
22, 68, -0.03364
22, 69, 0.45264
22, 70, 2.29703
22, 71, 3.01798
22, 72, -0.72048
22, 73, -0.57162
22, 74, -0.09907
22, 75, 0.93325
22, 76, -0.61997
22, 77, -0.69423
22, 78, -0.21516
22, 79, -0.89088
22, 80, 1.11564
22, 81, -0.84541
22, 82, -0.97023
22, 83, -1.79812
22, 84, -0.43394
23, 24, 1.12052
23, 25, 4.18654
23, 26, 0.09156
23, 27, 0.18901
23, 28, 0.66519
23, 29, -0.02781
23, 30, 0.49803
23, 31, -0.50380
23, 32, -0.07335
23, 33, 0.31632
23, 34, -0.46382
23, 35, -1.19894
23, 36, 0.96061
23, 37, -1.84696
23, 38, -1.94484
23, 39, 3.07509
23, 40, -0.56752
23, 41, -2.00796
23, 42, -1.17784
23, 43, -1.47683
23, 44, 1.10697
23, 45, -1.08124
23, 46, -0.49476
23, 47, -1.28311
23, 48, -1.23490
23, 49, -1.23134
23, 50, -0.78903
23, 51, -0.65942
23, 52, -0.14748
23, 53, -1.19333
23, 54, 2.83465
23, 55, -1.05646
23, 56, -0.78181
23, 57, 0.31251
23, 58, -1.46440
23, 59, -0.82712
23, 60, 3.73657
23, 61, 3.02193
23, 62, 1.13168
23, 63, 2.98747
23, 64, 1.53429
23, 65, -0.83807
23, 66, -1.32273
23, 67, 0.08430
23, 68, 0.01793
23, 69, 2.43094
23, 70, -1.65475
23, 71, 0.66342
23, 72, -0.86514
23, 73, -0.32388
23, 74, 2.14680
23, 75, -0.69731
23, 76, -0.79255
23, 77, -1.45258
23, 78, 0.22851
23, 79, -1.00069
23, 80, -1.10021
23, 81, -1.18420
23, 82, -1.14715
23, 83, -1.64409
23, 84, -0.62891
24, 25, 6.09479
24, 26, 0.84997
24, 27, -1.42196
24, 28, -1.07239
24, 29, -0.91445
24, 30, 0.43497
24, 31, 3.04361
24, 32, -0.62274
24, 33, -0.27474
24, 34, -0.77873
24, 35, 0.47220
24, 36, 1.93931
24, 37, -0.82967
24, 38, -1.57658
24, 39, 0.59363
24, 40, -0.55697
24, 41, -0.68141
24, 42, -0.43504
24, 43, -0.51126
24, 44, -1.11886
24, 45, -0.57001
24, 46, 0.20721
24, 47, -0.23938
24, 48, -0.98387
24, 49, 0.68632
24, 50, 0.09729
24, 51, -1.17057
24, 52, 0.49909
24, 53, -0.55907
24, 54, -0.95544
24, 55, 0.63296
24, 56, -0.26948
24, 57, -1.05111
24, 58, -0.80145
24, 59, -0.28064
24, 60, -0.75516
24, 61, -0.75568
24, 62, -0.96247
24, 63, -0.98691
24, 64, 0.37960
24, 65, 0.02315
24, 66, 0.08425
24, 67, 0.02144
24, 68, -0.55192
24, 69, -0.13145
24, 70, -0.61962
24, 71, 3.19568
24, 72, -0.18193
24, 73, 0.44276
24, 74, -0.63748
24, 75, -0.77097
24, 76, 0.01702
24, 77, 0.07824
24, 78, -0.43486
24, 79, -0.93439
24, 80, -0.63930
24, 81, -0.60003
24, 82, -0.52638
24, 83, 0.20881
24, 84, -0.20731
25, 26, -0.63766
25, 27, -1.34380
25, 28, -1.10290
25, 29, 0.65772
25, 30, 0.45860
25, 31, 3.15871
25, 32, -0.55182
25, 33, -0.56293
25, 34, 1.60025
25, 35, -0.42258
25, 36, -0.59307
25, 37, 0.68057
25, 38, -1.75520
25, 39, 1.97079
25, 40, 0.10428
25, 41, -1.22773
25, 42, -1.19574
25, 43, -0.65082
25, 44, 0.79556
25, 45, -0.42666
25, 46, -0.64527
25, 47, 1.63186
25, 48, -1.55325
25, 49, -0.93783
25, 50, 0.36105
25, 51, -0.25991
25, 52, -0.30098
25, 53, -1.04201
25, 54, 1.83645
25, 55, -0.72158
25, 56, -0.22115
25, 57, 0.50993
25, 58, -0.75733
25, 59, 1.66983
25, 60, -0.74805
25, 61, -0.35437
25, 62, 0.54148
25, 63, -1.20479
25, 64, 0.49988
25, 65, 0.18696
25, 66, -1.22000
25, 67, -0.01653
25, 68, 0.33731
25, 69, -0.26825
25, 70, -1.04520
25, 71, -0.00594
25, 72, -0.65214
25, 73, -0.39514
25, 74, 0.30431
25, 75, 0.39910
25, 76, 0.39520
25, 77, -0.87321
25, 78, -0.79472
25, 79, -0.45712
25, 80, 0.65693
25, 81, -1.18283
25, 82, 0.25184
25, 83, -1.81397
25, 84, -1.03671
26, 27, 1.93755
26, 28, 19.59435
26, 29, -0.25675
26, 30, -0.40173
26, 31, -0.01937
26, 32, -1.05022
26, 33, 0.68362
26, 34, -1.31349
26, 35, 1.90470
26, 36, -1.25720
26, 37, -0.91542
26, 38, -0.49968
26, 39, 0.18804
26, 40, -1.03286
26, 41, -2.30345
26, 42, -0.48204
26, 43, -0.97658
26, 44, 0.31127
26, 45, -0.07564
26, 46, -0.16110
26, 47, 1.79176
26, 48, -0.30871
26, 49, 5.98173
26, 50, 0.48289
26, 51, -0.37178
26, 52, 0.10731
26, 53, -1.53942
26, 54, -1.97828
26, 55, -1.67188
26, 56, -0.66497
26, 57, -0.88968
26, 58, 0.55253
26, 59, -1.45930
26, 60, 0.87416
26, 61, -1.41585
26, 62, -0.83207
26, 63, -0.69501
26, 64, 4.26903
26, 65, -0.80497
26, 66, 2.84383
26, 67, -1.38781
26, 68, -1.27197
26, 69, -0.31097
26, 70, -1.62054
26, 71, -1.14377
26, 72, 0.88810
26, 73, -1.50700
26, 74, -1.08068
26, 75, 0.80000
26, 76, 0.58085
26, 77, -1.94598
26, 78, -0.95325
26, 79, -1.36934
26, 80, -0.31472
26, 81, -0.91875
26, 82, 3.10488
26, 83, -1.61307
26, 84, -1.67777
27, 28, 9.16083
27, 29, -0.46142
27, 30, 1.48144
27, 31, -0.75231
27, 32, 0.73455
27, 33, -1.42395
27, 34, -0.65082
27, 35, -0.67484
27, 36, -0.57981
27, 37, -1.02510
27, 38, 0.49870
27, 39, 1.03002
27, 40, 0.65798
27, 41, 0.58140
27, 42, -1.42422
27, 43, -1.69629
27, 44, -1.81170
27, 45, -0.03635
27, 46, -1.27570
27, 47, -1.68422
27, 48, 0.63883
27, 49, 0.54484
27, 50, 0.45938
27, 51, 1.06231
27, 52, -1.27515
27, 53, -0.88009
27, 54, -2.05927
27, 55, -1.26108
27, 56, -0.75607
27, 57, -0.01994
27, 58, -0.20497
27, 59, -0.84624
27, 60, -0.00056
27, 61, -0.42005
27, 62, 0.13807
27, 63, 2.54654
27, 64, 0.00624
27, 65, -0.87043
27, 66, 11.90215
27, 67, 3.13913
27, 68, -1.13026
27, 69, -1.13952
27, 70, 2.02256
27, 71, 0.15135
27, 72, 0.90863
27, 73, 0.14923
27, 74, -1.22680
27, 75, -0.52173
27, 76, -0.84413
27, 77, -1.44676
27, 78, -0.67152
27, 79, -1.44823
27, 80, -0.95265
27, 81, -1.36623
27, 82, -0.65347
27, 83, -1.60120
27, 84, 0.15279
28, 29, 1.02440
28, 30, 1.95322
28, 31, 0.08781
28, 32, 0.42065
28, 33, 1.61975
28, 34, -0.38219
28, 35, 0.74314
28, 36, 0.94809
28, 37, -1.59062
28, 38, -1.80417
28, 39, -1.07714
28, 40, -0.53796
28, 41, -1.51419
28, 42, -1.28118
28, 43, -1.25107
28, 44, -1.27479
28, 45, 0.05484
28, 46, -0.03485
28, 47, 0.40115
28, 48, -1.28858
28, 49, 4.55532
28, 50, -0.57206
28, 51, -0.24129
28, 52, 1.47211
28, 53, 0.14898
28, 54, 1.83238
28, 55, -1.06090
28, 56, 0.17548
28, 57, -0.67557
28, 58, -1.45168
28, 59, -1.21807
28, 60, -0.19823
28, 61, -1.40679
28, 62, -0.50621
28, 63, -1.59969
28, 64, -0.99457
28, 65, -0.67961
28, 66, -0.54455
28, 67, -0.69982
28, 68, -0.38712
28, 69, -0.96210
28, 70, -1.78884
28, 71, 0.44512
28, 72, 1.62717
28, 73, 0.10730
28, 74, -1.66924
28, 75, -0.92850
28, 76, -0.02288
28, 77, -0.87999
28, 78, 0.42077
28, 79, -1.46152
28, 80, -0.46213
28, 81, -0.62494
28, 82, -0.42947
28, 83, -0.44472
28, 84, -1.05080
29, 30, 0.81613
29, 31, 0.73126
29, 32, -0.10786
29, 33, -0.81845
29, 34, 0.65573
29, 35, 0.22887
29, 36, -0.66979
29, 37, -0.20287
29, 38, 1.50759
29, 39, -0.00762
29, 40, -0.11257
29, 41, -0.39718
29, 42, 0.21025
29, 43, -0.14547
29, 44, 5.67669
29, 45, -0.75295
29, 46, -0.37693
29, 47, 1.83053
29, 48, -0.27721
29, 49, 0.36921
29, 50, 0.32362
29, 51, -0.99961
29, 52, -0.16660
29, 53, 1.91843
29, 54, -0.73064
29, 55, -0.91227
29, 56, -0.42457
29, 57, -1.09189
29, 58, -0.74402
29, 59, 0.10099
29, 60, 0.81076
29, 61, -0.70355
29, 62, 0.40159
29, 63, -1.49103
29, 64, 0.46345
29, 65, 1.83077
29, 66, 0.62819
29, 67, -1.25905
29, 68, -0.70913
29, 69, 0.38996
29, 70, 0.81149
29, 71, -0.70145
29, 72, -0.74128
29, 73, -0.82743
29, 74, -0.99025
29, 75, -0.60649
29, 76, -0.34573
29, 77, -0.35054
29, 78, 1.00875
29, 79, 1.43112
29, 80, -0.98612
29, 81, 0.53548
29, 82, -0.73903
29, 83, 0.61183
29, 84, -0.56306
30, 31, 3.04941
30, 32, -0.30498
30, 33, -0.33682
30, 34, 1.09842
30, 35, 1.15116
30, 36, -1.58171
30, 37, -0.47769
30, 38, 0.80606
30, 39, -1.36346
30, 40, 0.06277
30, 41, -0.32108
30, 42, -1.54377
30, 43, -0.05493
30, 44, -1.44106
30, 45, -0.37435
30, 46, 5.12873
30, 47, 2.57822
30, 48, -1.89336
30, 49, -0.83095
30, 50, -0.99915
30, 51, 0.74142
30, 52, 1.22011
30, 53, 0.45598
30, 54, 1.04290
30, 55, -1.54568
30, 56, 0.26563
30, 57, -0.55565
30, 58, -0.06491
30, 59, 0.58571
30, 60, 0.98352
30, 61, 4.40716
30, 62, -0.87469
30, 63, -1.62779
30, 64, -0.17844
30, 65, 0.09460
30, 66, 0.52023
30, 67, -0.23959
30, 68, -0.66647
30, 69, -0.83848
30, 70, 1.42574
30, 71, -0.72098
30, 72, -0.45303
30, 73, 1.14516
30, 74, -1.16879
30, 75, 0.81019
30, 76, -0.73409
30, 77, 1.03128
30, 78, -0.25530
30, 79, -0.90384
30, 80, -0.56792
30, 81, -1.60743
30, 82, -1.33764
30, 83, -1.33667
30, 84, -0.84350
31, 32, 0.03515
31, 33, 1.69947
31, 34, 1.36914
31, 35, 2.01304
31, 36, -0.23830
31, 37, -0.55937
31, 38, -0.28100
31, 39, 0.21709
31, 40, -0.56771
31, 41, -0.08374
31, 42, -0.54465
31, 43, -0.21223
31, 44, -0.99250
31, 45, 0.11191
31, 46, 0.34428
31, 47, -0.34254
31, 48, -1.60276
31, 49, -0.27055
31, 50, -0.16600
31, 51, -0.58399
31, 52, 0.00902
31, 53, -1.32912
31, 54, 1.80984
31, 55, 1.17303
31, 56, 0.18995
31, 57, 0.20270
31, 58, -0.43484
31, 59, -0.29684
31, 60, 0.38223
31, 61, -0.95216
31, 62, -0.31792
31, 63, -1.48517
31, 64, 0.16367
31, 65, -0.70782
31, 66, -0.91594
31, 67, 0.20126
31, 68, 0.60654
31, 69, -1.13828
31, 70, -0.57851
31, 71, 0.06627
31, 72, 0.04118
31, 73, -0.80786
31, 74, 0.51075
31, 75, -0.27391
31, 76, -0.52596
31, 77, 1.41184
31, 78, 0.77393
31, 79, -0.78752
31, 80, 0.05107
31, 81, -1.21238
31, 82, 1.06408
31, 83, 0.81565
31, 84, 1.69936
32, 33, -0.57620
32, 34, -0.47784
32, 35, -0.50802
32, 36, 0.53474
32, 37, -0.19615
32, 38, 0.11601
32, 39, 0.43662
32, 40, 0.12546
32, 41, 0.56227
32, 42, 2.08924
32, 43, 0.85458
32, 44, -0.05658
32, 45, 0.65873
32, 46, 2.91719
32, 47, 3.10061
32, 48, -0.18703
32, 49, -0.54763
32, 50, -0.24831
32, 51, -0.26905
32, 52, 0.57104
32, 53, 0.40011
32, 54, 1.06941
32, 55, 2.17223
32, 56, -0.46911
32, 57, -0.45390
32, 58, 1.02758
32, 59, -0.16285
32, 60, 0.35811
32, 61, -0.23460
32, 62, -0.40687
32, 63, -1.17341
32, 64, -1.01440
32, 65, -0.05130
32, 66, -0.22281
32, 67, -1.09846
32, 68, 0.13294
32, 69, -0.61129
32, 70, 0.02741
32, 71, -0.59032
32, 72, -0.81035
32, 73, -0.27081
32, 74, -1.02010
32, 75, -0.89687
32, 76, -0.28680
32, 77, -0.52995
32, 78, 0.19818
32, 79, -0.34437
32, 80, 0.58540
32, 81, 0.18611
32, 82, -0.51383
32, 83, -1.20380
32, 84, -0.14162
33, 34, 3.17111
33, 35, 2.39930
33, 36, 0.56523
33, 37, 0.71441
33, 38, 0.35001
33, 39, -0.57440
33, 40, 0.25839
33, 41, 0.30431
33, 42, 0.47686
33, 43, 0.96127
33, 44, -0.16443
33, 45, -0.31712
33, 46, 5.69728
33, 47, -1.07758
33, 48, 0.01591
33, 49, -0.61765
33, 50, 0.07326
33, 51, -1.09693
33, 52, 1.06163
33, 53, -0.11995
33, 54, -0.01566
33, 55, 0.03823
33, 56, -0.33633
33, 57, -0.13843
33, 58, -0.71781
33, 59, -0.45950
33, 60, -0.68241
33, 61, 0.55994
33, 62, -1.10197
33, 63, -1.75310
33, 64, -0.10187
33, 65, -0.87351
33, 66, -0.55190
33, 67, 1.15255
33, 68, 0.30754
33, 69, -0.54498
33, 70, -0.46880
33, 71, 0.15760
33, 72, -0.54456
33, 73, -0.98693
33, 74, -0.84321
33, 75, 0.50311
33, 76, -0.46996
33, 77, -0.55772
33, 78, -0.68253
33, 79, -0.47418
33, 80, 2.12253
33, 81, -0.29432
33, 82, 0.75252
33, 83, -1.33054
33, 84, 2.11762
34, 35, 0.28622
34, 36, 0.29510
34, 37, -0.43517
34, 38, -0.35725
34, 39, 2.99898
34, 40, -0.22749
34, 41, -0.57720
34, 42, -0.84700
34, 43, -0.72321
34, 44, -0.72648
34, 45, -0.10180
34, 46, 0.08271
34, 47, -0.57301
34, 48, -1.25862
34, 49, 0.96937
34, 50, -0.51574
34, 51, 0.65784
34, 52, -0.94182
34, 53, -0.88872
34, 54, -0.81852
34, 55, -0.39281
34, 56, 0.07704
34, 57, -0.71675
34, 58, -0.67369
34, 59, -0.10939
34, 60, -0.72500
34, 61, -0.97861
34, 62, -0.45925
34, 63, -0.29302
34, 64, 0.69912
34, 65, 0.43059
34, 66, 0.54095
34, 67, 0.10152
34, 68, -0.04323
34, 69, 0.21065
34, 70, -0.47337
34, 71, -0.70307
34, 72, -0.08889
34, 73, 1.66800
34, 74, -0.55673
34, 75, -0.28668
34, 76, 0.37508
34, 77, -0.53428
34, 78, 1.49935
34, 79, 0.14415
34, 80, -0.31195
34, 81, -0.17509
34, 82, 1.52136
34, 83, 0.34724
34, 84, 0.23001
35, 36, 2.38501
35, 37, 1.44963
35, 38, 1.16988
35, 39, 5.41023
35, 40, -0.08327
35, 41, -0.45001
35, 42, -0.32818
35, 43, 0.44800
35, 44, 1.41969
35, 45, -0.32031
35, 46, 0.51030
35, 47, -1.32552
35, 48, -0.82105
35, 49, 0.11718
35, 50, -0.12554
35, 51, -0.88813
35, 52, -0.56654
35, 53, 0.26390
35, 54, 1.49624
35, 55, -0.45125
35, 56, -0.41757
35, 57, -0.18326
35, 58, -0.05739
35, 59, -0.77471
35, 60, -0.56788
35, 61, 0.21512
35, 62, -0.90089
35, 63, 1.48754
35, 64, -0.67088
35, 65, -0.35956
35, 66, -0.78226
35, 67, -0.10585
35, 68, -0.03840
35, 69, -0.92700
35, 70, -0.50893
35, 71, 0.38930
35, 72, -0.04439
35, 73, 0.74616
35, 74, -0.46660
35, 75, -0.89369
35, 76, -0.11921
35, 77, -0.81605
35, 78, 0.04633
35, 79, 0.82906
35, 80, 0.29197
35, 81, -0.56363
35, 82, 0.63744
35, 83, -1.68935
35, 84, 0.13043
36, 37, 3.08819
36, 38, 0.67387
36, 39, 1.27318
36, 40, 1.14896
36, 41, 1.68338
36, 42, 4.88861
36, 43, -1.42241
36, 44, -0.79247
36, 45, -0.71751
36, 46, -1.03592
36, 47, 0.83078
36, 48, -1.06259
36, 49, 2.39953
36, 50, -0.22748
36, 51, -0.39684
36, 52, 0.49532
36, 53, -1.23885
36, 54, 0.32002
36, 55, 0.04870
36, 56, 0.33827
36, 57, 0.76697
36, 58, 1.46959
36, 59, -0.24134
36, 60, -0.10088
36, 61, 0.50929
36, 62, -1.53265
36, 63, -0.25576
36, 64, -1.45423
36, 65, -0.48086
36, 66, 0.43837
36, 67, -1.38474
36, 68, -0.91088
36, 69, -0.77355
36, 70, -0.60205
36, 71, -0.91059
36, 72, -0.86590
36, 73, -1.39179
36, 74, -0.61814
36, 75, -0.20731
36, 76, -0.29250
36, 77, -1.52964
36, 78, 0.26549
36, 79, -0.97030
36, 80, 0.38367
36, 81, 0.64195
36, 82, -0.56330
36, 83, -0.37604
36, 84, 0.09850
37, 38, 5.15586
37, 39, -0.53133
37, 40, 1.05592
37, 41, 2.42616
37, 42, -1.28108
37, 43, -0.63960
37, 44, -1.54328
37, 45, 0.65233
37, 46, -0.95779
37, 47, -1.10261
37, 48, 1.39492
37, 49, 2.02477
37, 50, -0.49894
37, 51, -0.87888
37, 52, -0.83053
37, 53, 2.56219
37, 54, 0.79872
37, 55, -0.45644
37, 56, -0.05596
37, 57, -0.72097
37, 58, -0.98008
37, 59, 0.42534
37, 60, 3.08843
37, 61, -1.32959
37, 62, 0.66430
37, 63, -1.21590
37, 64, -0.85280
37, 65, 0.42048
37, 66, -0.35269
37, 67, 1.47828
37, 68, -0.53143
37, 69, -0.37674
37, 70, -0.15432
37, 71, -1.00117
37, 72, 0.00604
37, 73, -1.17432
37, 74, 2.43377
37, 75, -0.11332
37, 76, 0.19260
37, 77, 0.85357
37, 78, -0.52136
37, 79, -0.17377
37, 80, 0.31618
37, 81, -0.73244
37, 82, -0.58076
37, 83, -1.56588
37, 84, -1.01708
38, 39, 1.96852
38, 40, -0.90765
38, 41, -0.95313
38, 42, 3.70545
38, 43, -1.34031
38, 44, 5.51892
38, 45, 1.81726
38, 46, 0.17706
38, 47, -1.84710
38, 48, 0.52886
38, 49, 1.75981
38, 50, -0.01547
38, 51, -0.04442
38, 52, -1.36440
38, 53, 0.36903
38, 54, -0.91940
38, 55, 0.96145
38, 56, -0.29273
38, 57, -1.25668
38, 58, -1.10052
38, 59, -0.12321
38, 60, -0.23207
38, 61, -1.11926
38, 62, -1.29164
38, 63, 0.63548
38, 64, -0.86596
38, 65, -1.29960
38, 66, -1.06230
38, 67, 1.06454
38, 68, -1.05479
38, 69, -1.12512
38, 70, -0.18576
38, 71, -0.32467
38, 72, -0.10722
38, 73, 0.04053
38, 74, -1.02412
38, 75, -0.12285
38, 76, -1.18151
38, 77, 1.05155
38, 78, -1.20363
38, 79, 0.24367
38, 80, -1.32425
38, 81, 0.45006
38, 82, -1.54332
38, 83, -0.68011
38, 84, -1.33508
39, 40, 2.09781
39, 41, 0.89119
39, 42, 1.72622
39, 43, 0.60282
39, 44, -0.23784
39, 45, 1.67572
39, 46, -0.47031
39, 47, -1.33520
39, 48, -1.34591
39, 49, -1.16124
39, 50, 1.61007
39, 51, -1.00335
39, 52, -1.13746
39, 53, 0.04014
39, 54, -0.94602
39, 55, -0.76457
39, 56, 0.26764
39, 57, -0.46046
39, 58, -0.70765
39, 59, -0.30350
39, 60, 0.44000
39, 61, -1.15889
39, 62, -0.22345
39, 63, -0.76851
39, 64, 0.40651
39, 65, -0.68065
39, 66, -1.44611
39, 67, -0.78413
39, 68, -0.78181
39, 69, -0.67662
39, 70, -0.64906
39, 71, 1.35210
39, 72, -0.48357
39, 73, 0.41613
39, 74, -0.29107
39, 75, -1.26803
39, 76, 0.60491
39, 77, -1.04459
39, 78, -0.65468
39, 79, -0.89521
39, 80, -0.30594
39, 81, 1.13320
39, 82, 0.15569
39, 83, -0.39329
39, 84, -0.65287
40, 41, -0.79931
40, 42, 0.32184
40, 43, -0.40111
40, 44, -0.26825
40, 45, 0.98571
40, 46, 0.24742
40, 47, -0.91814
40, 48, -0.97394
40, 49, 3.15176
40, 50, 0.22982
40, 51, 2.38986
40, 52, -1.23541
40, 53, -0.60123
40, 54, 0.86456
40, 55, -0.82025
40, 56, 0.65376
40, 57, -0.79767
40, 58, -0.81948
40, 59, -1.00936
40, 60, -0.75114
40, 61, -1.45901
40, 62, 0.00521
40, 63, -0.34197
40, 64, -0.73229
40, 65, 1.67859
40, 66, -0.13855
40, 67, -0.65089
40, 68, -0.13905
40, 69, -0.25140
40, 70, 1.26833
40, 71, -0.08109
40, 72, -0.62992
40, 73, 0.99795
40, 74, -0.68789
40, 75, -0.23013
40, 76, 0.14055
40, 77, -0.91701
40, 78, -0.47984
40, 79, -0.25917
40, 80, -0.19236
40, 81, 1.48377
40, 82, 0.28322
40, 83, -1.22287
40, 84, 0.89733
41, 42, 8.93995
41, 43, 38.26105
41, 44, 1.30799
41, 45, -0.42463
41, 46, -0.78665
41, 47, -2.33217
41, 48, -2.49658
41, 49, -0.98462
41, 50, -0.68720
41, 51, -1.05207
41, 52, -1.67405
41, 53, -0.12326
41, 54, -1.62563
41, 55, 0.27764
41, 56, -1.29894
41, 57, -1.31197
41, 58, -1.68071
41, 59, -1.04990
41, 60, -0.14020
41, 61, -2.03535
41, 62, 0.17905
41, 63, -2.81963
41, 64, -1.71901
41, 65, 1.12554
41, 66, 0.96783
41, 67, -2.19216
41, 68, -0.09613
41, 69, -1.03677
41, 70, -1.34217
41, 71, -1.28051
41, 72, -1.28362
41, 73, -1.43194
41, 74, -1.87049
41, 75, 0.52026
41, 76, -0.84950
41, 77, 0.86450
41, 78, -1.37985
41, 79, -1.51109
41, 80, 0.46531
41, 81, 1.15201
41, 82, -1.27419
41, 83, 2.63802
41, 84, -1.48053
42, 43, 1.59370
42, 44, 0.20367
42, 45, 2.30875
42, 46, 0.39011
42, 47, -1.02274
42, 48, 4.06005
42, 49, -1.28253
42, 50, -0.00734
42, 51, 0.18950
42, 52, -0.91560
42, 53, 0.84974
42, 54, 0.23930
42, 55, -0.04053
42, 56, -0.07607
42, 57, -1.08392
42, 58, -0.84093
42, 59, -1.00298
42, 60, -1.25486
42, 61, -1.41688
42, 62, -1.05726
42, 63, -1.88174
42, 64, -0.74630
42, 65, -0.59130
42, 66, 0.68284
42, 67, -1.41763
42, 68, -0.84517
42, 69, -1.14958
42, 70, 0.24502
42, 71, 0.03290
42, 72, 0.65672
42, 73, -1.39122
42, 74, 0.41372
42, 75, -0.87163
42, 76, 0.32192
42, 77, 0.05161
42, 78, 2.67469
42, 79, -0.11116
42, 80, -0.91261
42, 81, 0.16402
42, 82, 0.24175
42, 83, -1.39702
42, 84, -0.04194
43, 44, -1.16475
43, 45, 1.28438
43, 46, -0.66621
43, 47, -1.69335
43, 48, -1.36419
43, 49, -0.43850
43, 50, -0.76663
43, 51, 0.21720
43, 52, -0.90211
43, 53, -0.80872
43, 54, -0.51281
43, 55, -1.26800
43, 56, 1.11555
43, 57, 2.04087
43, 58, -0.70541
43, 59, -0.36482
43, 60, -1.07540
43, 61, 0.18067
43, 62, -0.69600
43, 63, -1.81352
43, 64, -1.02293
43, 65, -0.50518
43, 66, -0.97056
43, 67, -1.15214
43, 68, -0.68373
43, 69, -0.92127
43, 70, -1.98415
43, 71, -0.99395
43, 72, -0.43624
43, 73, -0.92924
43, 74, -1.05590
43, 75, 1.22631
43, 76, -0.80299
43, 77, -1.32183
43, 78, -0.97109
43, 79, 1.83166
43, 80, -0.60557
43, 81, -0.55713
43, 82, 0.32562
43, 83, -2.04361
43, 84, -1.39261
44, 45, -0.22620
44, 46, -0.30559
44, 47, 1.13912
44, 48, 1.08715
44, 49, -1.15563
44, 50, 1.42104
44, 51, 0.16279
44, 52, -1.38820
44, 53, -0.09792
44, 54, 1.88869
44, 55, -0.81754
44, 56, -0.25877
44, 57, -0.68551
44, 58, 0.03671
44, 59, 0.77294
44, 60, -1.32396
44, 61, 0.08859
44, 62, -1.06435
44, 63, -1.81423
44, 64, 0.23390
44, 65, -1.05743
44, 66, -1.43793
44, 67, -1.66853
44, 68, -0.91821
44, 69, 0.40958
44, 70, -1.17349
44, 71, -1.56247
44, 72, 0.34620
44, 73, -0.79924
44, 74, -1.43769
44, 75, 1.69401
44, 76, 2.18663
44, 77, -0.82751
44, 78, 0.53917
44, 79, 1.50550
44, 80, -0.23464
44, 81, 12.08141
44, 82, -0.86045
44, 83, -0.14792
44, 84, -0.90898
45, 46, 2.36142
45, 47, -1.05312
45, 48, 1.02206
45, 49, 2.46840
45, 50, -0.33052
45, 51, -0.28065
45, 52, -0.45334
45, 53, -1.08784
45, 54, -1.32988
45, 55, -0.76353
45, 56, 0.77068
45, 57, -0.27804
45, 58, -0.33944
45, 59, 0.12483
45, 60, -0.66676
45, 61, 0.00407
45, 62, -1.12407
45, 63, 0.54694
45, 64, 0.94253
45, 65, -0.50138
45, 66, -1.10031
45, 67, -0.12369
45, 68, 0.16276
45, 69, -0.07789
45, 70, -0.74820
45, 71, 0.20736
45, 72, 0.56206
45, 73, -0.35400
45, 74, -0.18555
45, 75, -0.67246
45, 76, 0.47111
45, 77, -0.21229
45, 78, -0.29540
45, 79, -0.66991
45, 80, -0.03144
45, 81, -0.56099
45, 82, 0.75543
45, 83, 3.18210
45, 84, -0.68466
46, 47, -0.78595
46, 48, 0.24819
46, 49, 0.71606
46, 50, -0.45948
46, 51, 0.54895
46, 52, 0.90800
46, 53, -0.80560
46, 54, -0.77322
46, 55, -0.71908
46, 56, -0.20188
46, 57, 0.36955
46, 58, 0.17616
46, 59, -0.14941
46, 60, -0.63379
46, 61, -0.43630
46, 62, 1.92468
46, 63, -0.03477
46, 64, 2.34113
46, 65, -0.46185
46, 66, -0.75444
46, 67, -1.52220
46, 68, 1.10284
46, 69, -0.72923
46, 70, -0.68752
46, 71, 0.45005
46, 72, 0.08630
46, 73, -0.56448
46, 74, -0.48118
46, 75, 0.03064
46, 76, -0.40270
46, 77, -0.80425
46, 78, -0.85546
46, 79, 0.39224
46, 80, 0.30537
46, 81, -0.94316
46, 82, 2.28089
46, 83, -0.30540
46, 84, -0.93058
47, 48, 1.62839
47, 49, -1.34477
47, 50, -0.05447
47, 51, 2.82755
47, 52, -1.40642
47, 53, -1.67747
47, 54, -1.27424
47, 55, 0.12836
47, 56, 0.10089
47, 57, -0.64152
47, 58, -0.51125
47, 59, -1.26768
47, 60, 0.41195
47, 61, 1.66632
47, 62, -0.99579
47, 63, 0.15286
47, 64, 0.23435
47, 65, 0.09886
47, 66, -0.32946
47, 67, -2.32008
47, 68, -0.52727
47, 69, 3.35420
47, 70, 3.54871
47, 71, -0.84247
47, 72, -1.20572
47, 73, -1.29343
47, 74, -0.09745
47, 75, -1.59469
47, 76, -1.29701
47, 77, 1.90079
47, 78, 0.85893
47, 79, 1.92864
47, 80, -0.91648
47, 81, 0.74026
47, 82, -0.76337
47, 83, 5.13658
47, 84, 1.58872
48, 49, -1.20186
48, 50, 2.18793
48, 51, 2.40994
48, 52, -1.71349
48, 53, 1.84741
48, 54, 3.69145
48, 55, 2.95317
48, 56, -1.18924
48, 57, 1.08518
48, 58, -1.31403
48, 59, -0.88548
48, 60, 0.09614
48, 61, -2.12396
48, 62, -1.68331
48, 63, -2.24580
48, 64, -0.24856
48, 65, 0.66452
48, 66, 0.15705
48, 67, -1.91953
48, 68, 1.58986
48, 69, 0.45624
48, 70, 1.03811
48, 71, 2.00581
48, 72, -0.99790
48, 73, -1.68516
48, 74, 0.30822
48, 75, -0.27157
48, 76, -0.35410
48, 77, 1.08806
48, 78, -0.32262
48, 79, 0.72596
48, 80, -1.02515
48, 81, -0.47466
48, 82, -1.20410
48, 83, 8.22334
48, 84, -1.42888
49, 50, -0.49647
49, 51, -0.92332
49, 52, -0.53171
49, 53, 0.89346
49, 54, -1.58624
49, 55, -1.17063
49, 56, -0.37934
49, 57, -0.22588
49, 58, -0.96265
49, 59, 2.39418
49, 60, 0.72034
49, 61, 1.26225
49, 62, 1.76014
49, 63, -1.01818
49, 64, -0.99383
49, 65, -0.84909
49, 66, -1.48109
49, 67, 2.68963
49, 68, -0.56702
49, 69, -0.57092
49, 70, -0.73259
49, 71, -1.68851
49, 72, -0.94710
49, 73, -0.78426
49, 74, -0.48372
49, 75, 1.75754
49, 76, -0.53620
49, 77, -1.06216
49, 78, -0.54601
49, 79, -0.56173
49, 80, 0.79528
49, 81, -0.62753
49, 82, 1.78457
49, 83, 1.01129
49, 84, -0.09082
50, 51, 0.13214
50, 52, 0.50604
50, 53, 0.65843
50, 54, 0.61770
50, 55, -0.29359
50, 56, 0.14395
50, 57, 0.48094
50, 58, 0.33990
50, 59, -0.50543
50, 60, -0.54615
50, 61, -0.69927
50, 62, -0.45963
50, 63, -0.44349
50, 64, -0.61348
50, 65, -0.54824
50, 66, -0.60812
50, 67, 0.52203
50, 68, -0.61506
50, 69, 0.95195
50, 70, 0.59434
50, 71, 1.65256
50, 72, -0.56782
50, 73, -0.27804
50, 74, -0.85119
50, 75, -0.23020
50, 76, -0.15491
50, 77, 0.69489
50, 78, -0.50114
50, 79, 0.70159
50, 80, 1.94815
50, 81, -0.24374
50, 82, 0.26048
50, 83, -0.23134
50, 84, 0.09327
51, 52, 2.60372
51, 53, 0.07413
51, 54, 1.80181
51, 55, -0.09187
51, 56, -0.31708
51, 57, -0.13928
51, 58, 0.19575
51, 59, -0.59128
51, 60, -0.62891
51, 61, 1.17158
51, 62, -0.39224
51, 63, -1.58827
51, 64, -1.09341
51, 65, -0.25883
51, 66, 3.80219
51, 67, -0.90351
51, 68, -0.29434
51, 69, -0.73137
51, 70, -0.59442
51, 71, -0.94304
51, 72, 0.44896
51, 73, 0.22741
51, 74, -0.64607
51, 75, -1.41933
51, 76, -0.42893
51, 77, -0.33901
51, 78, -0.72436
51, 79, 1.32077
51, 80, 2.21252
51, 81, 1.44220
51, 82, 1.97202
51, 83, -1.16934
51, 84, -0.77425
52, 53, 0.09673
52, 54, 1.15062
52, 55, 8.83127
52, 56, 0.61900
52, 57, 0.66010
52, 58, -0.27486
52, 59, -0.30132
52, 60, -0.90381
52, 61, -0.99881
52, 62, 0.97260
52, 63, -1.88090
52, 64, -0.85704
52, 65, -0.27259
52, 66, -0.67091
52, 67, -0.66783
52, 68, 2.70706
52, 69, 1.93344
52, 70, -1.20923
52, 71, -1.31746
52, 72, 0.03443
52, 73, 0.75069
52, 74, -0.34131
52, 75, -1.04388
52, 76, 1.44869
52, 77, -1.25343
52, 78, 0.67097
52, 79, 2.48273
52, 80, 2.43957
52, 81, -0.62498
52, 82, 2.04082
52, 83, -0.21482
52, 84, -0.58791
53, 54, 1.55721
53, 55, -0.77609
53, 56, -0.10307
53, 57, -0.94380
53, 58, 0.10127
53, 59, -0.39371
53, 60, 0.22053
53, 61, 0.47815
53, 62, -0.22645
53, 63, 2.22411
53, 64, -0.60678
53, 65, -0.95571
53, 66, 1.55587
53, 67, 5.53678
53, 68, 0.32639
53, 69, 0.33840
53, 70, 3.26302
53, 71, 1.23696
53, 72, 0.21436
53, 73, -0.20998
53, 74, 1.89288
53, 75, -1.34064
53, 76, 0.65276
53, 77, 0.26297
53, 78, 0.58837
53, 79, -0.58296
53, 80, 1.69185
53, 81, -0.11919
53, 82, -1.12821
53, 83, -1.75035
53, 84, -0.90892
54, 55, 4.55872
54, 56, -0.31038
54, 57, -0.75110
54, 58, 0.17610
54, 59, -1.00293
54, 60, -1.37700
54, 61, -0.39759
54, 62, -0.05194
54, 63, 0.09215
54, 64, -0.21571
54, 65, 2.66330
54, 66, -1.63677
54, 67, 0.63366
54, 68, -1.01992
54, 69, -0.44775
54, 70, 2.09206
54, 71, 1.32753
54, 72, -0.16150
54, 73, 0.65140
54, 74, 1.82600
54, 75, -0.68758
54, 76, -0.22564
54, 77, -1.16330
54, 78, -1.15837
54, 79, 0.42055
54, 80, -1.30562
54, 81, 0.35380
54, 82, -0.94862
54, 83, -1.70387
54, 84, 0.05586
55, 56, 0.36190
55, 57, 2.28227
55, 58, 0.71978
55, 59, 1.35685
55, 60, -0.03566
55, 61, 0.43445
55, 62, -1.11766
55, 63, 3.46538
55, 64, 0.54830
55, 65, -0.72505
55, 66, -1.02741
55, 67, -1.00643
55, 68, 0.40986
55, 69, 0.68384
55, 70, -1.03205
55, 71, -1.03735
55, 72, -0.15678
55, 73, 0.30892
55, 74, -0.08648
55, 75, -0.16755
55, 76, -0.01999
55, 77, 0.64248
55, 78, -0.07628
55, 79, 0.14123
55, 80, -0.83819
55, 81, 0.73663
55, 82, 0.79564
55, 83, -1.27918
55, 84, -1.12297
56, 57, 0.18274
56, 58, -0.14270
56, 59, 0.90685
56, 60, 0.13637
56, 61, 0.33511
56, 62, -0.55487
56, 63, -0.75891
56, 64, -0.13177
56, 65, 0.72311
56, 66, -0.81349
56, 67, 1.19127
56, 68, 1.22194
56, 69, 0.76190
56, 70, 0.84947
56, 71, -0.56272
56, 72, 0.48869
56, 73, 0.62666
56, 74, -0.32967
56, 75, 0.30762
56, 76, 0.93073
56, 77, 0.52381
56, 78, 0.28989
56, 79, -0.02910
56, 80, -0.45495
56, 81, 0.29224
56, 82, 0.45347
56, 83, -0.17084
56, 84, 0.15116
57, 58, 3.07990
57, 59, 7.91196
57, 60, 5.53523
57, 61, 2.15400
57, 62, 1.84599
57, 63, -0.50532
57, 64, 2.83310
57, 65, -0.62486
57, 66, 0.38342
57, 67, -0.41883
57, 68, 0.07040
57, 69, -0.29020
57, 70, 1.63337
57, 71, -0.34084
57, 72, -0.45176
57, 73, -0.06434
57, 74, -0.87284
57, 75, -0.84129
57, 76, 0.06124
57, 77, -1.41545
57, 78, 0.27672
57, 79, -0.92179
57, 80, -0.27017
57, 81, -0.77014
57, 82, 0.15771
57, 83, 0.74002
57, 84, 1.02016
58, 59, 0.61850
58, 60, 5.58894
58, 61, 4.82662
58, 62, 1.67823
58, 63, -1.07352
58, 64, 0.42139
58, 65, 0.62213
58, 66, 6.35941
58, 67, -0.94519
58, 68, -0.02664
58, 69, 2.14528
58, 70, -0.26399
58, 71, -0.66039
58, 72, -0.48021
58, 73, -0.71135
58, 74, -0.83968
58, 75, -0.43665
58, 76, -0.78838
58, 77, -1.02200
58, 78, -0.80884
58, 79, -0.19208
58, 80, 0.13983
58, 81, -0.37538
58, 82, 0.73070
58, 83, -0.85810
58, 84, -0.60749
59, 60, 0.99017
59, 61, 0.04224
59, 62, -0.41383
59, 63, -1.05040
59, 64, 0.60667
59, 65, 0.11585
59, 66, -0.76451
59, 67, 1.72658
59, 68, -0.37734
59, 69, -0.45147
59, 70, 0.44969
59, 71, -0.56601
59, 72, 1.65493
59, 73, -0.37349
59, 74, -0.75009
59, 75, -0.38952
59, 76, 0.12991
59, 77, -0.21783
59, 78, -0.75111
59, 79, -0.00747
59, 80, -0.37946
59, 81, -0.00186
59, 82, 0.16169
59, 83, 0.95894
59, 84, 1.14439
60, 61, 6.78511
60, 62, -0.11096
60, 63, -1.23721
60, 64, -0.02028
60, 65, -0.96887
60, 66, -0.67300
60, 67, -1.55425
60, 68, -0.75857
60, 69, -0.55861
60, 70, -1.46758
60, 71, -1.05257
60, 72, -0.16339
60, 73, -0.55877
60, 74, -0.79671
60, 75, 1.85750
60, 76, 0.54351
60, 77, -1.52302
60, 78, -0.96219
60, 79, -1.00850
60, 80, 0.91413
60, 81, -1.23589
60, 82, 0.45029
60, 83, -1.96259
60, 84, -0.61548
61, 62, 1.07140
61, 63, 4.22385
61, 64, -0.05349
61, 65, 1.32677
61, 66, 3.14940
61, 67, -0.67508
61, 68, -0.00326
61, 69, 0.64476
61, 70, -0.86432
61, 71, -0.44107
61, 72, 0.03253
61, 73, -0.45015
61, 74, -0.91208
61, 75, -1.13722
61, 76, 0.26778
61, 77, -0.36967
61, 78, -0.72388
61, 79, -0.09872
61, 80, -1.16417
61, 81, 0.38102
61, 82, -0.99622
61, 83, -1.73978
61, 84, -0.47286
62, 63, -1.10769
62, 64, 3.47622
62, 65, 6.74026
62, 66, 2.73321
62, 67, -1.36967
62, 68, 1.34230
62, 69, 1.80059
62, 70, -0.32527
62, 71, -0.44592
62, 72, -0.15469
62, 73, -0.33716
62, 74, 0.47790
62, 75, -0.35469
62, 76, 0.75249
62, 77, -1.04495
62, 78, 0.18021
62, 79, -0.89761
62, 80, 0.02900
62, 81, -1.06663
62, 82, 1.54284
62, 83, -1.89489
62, 84, -0.91624
63, 64, -0.15227
63, 65, 0.38329
63, 66, -0.74173
63, 67, 18.09442
63, 68, 0.09128
63, 69, -1.08547
63, 70, -1.11751
63, 71, 4.88864
63, 72, -0.90007
63, 73, 1.09996
63, 74, 0.73032
63, 75, -1.64155
63, 76, -0.86567
63, 77, -1.79677
63, 78, -1.48630
63, 79, 0.95175
63, 80, -0.28672
63, 81, -0.62690
63, 82, -1.67565
63, 83, -2.11322
63, 84, -0.98834
64, 65, -0.48043
64, 66, -0.29930
64, 67, -0.78448
64, 68, 2.45206
64, 69, -0.79393
64, 70, -0.63299
64, 71, -0.25929
64, 72, -0.45047
64, 73, 0.34360
64, 74, -0.96069
64, 75, -0.81922
64, 76, -0.61958
64, 77, 3.36433
64, 78, -0.28605
64, 79, -0.86084
64, 80, 0.16140
64, 81, 0.19489
64, 82, -0.23722
64, 83, 2.72733
64, 84, -0.80921
65, 66, -0.87077
65, 67, -0.58951
65, 68, 2.63158
65, 69, 0.67423
65, 70, -0.20581
65, 71, -0.53261
65, 72, -0.51225
65, 73, 1.27802
65, 74, 0.43099
65, 75, -0.21205
65, 76, -0.27911
65, 77, -0.10265
65, 78, -0.91558
65, 79, 1.55278
65, 80, -0.56752
65, 81, -0.72097
65, 82, 0.27813
65, 83, -0.81108
65, 84, 1.09454
66, 67, -1.01275
66, 68, 0.58314
66, 69, 0.77805
66, 70, 3.38777
66, 71, -0.22718
66, 72, -0.26142
66, 73, 0.67424
66, 74, -1.26351
66, 75, -0.91112
66, 76, -0.67122
66, 77, -1.35539
66, 78, -0.75028
66, 79, -0.74892
66, 80, 0.45409
66, 81, -0.96664
66, 82, -0.40836
66, 83, 0.15911
66, 84, -0.78595
67, 68, -0.50913
67, 69, -0.73330
67, 70, 0.31837
67, 71, 0.19184
67, 72, -0.15183
67, 73, -0.01669
67, 74, 2.21872
67, 75, -0.56636
67, 76, -0.32411
67, 77, 0.54180
67, 78, -0.90741
67, 79, 0.36054
67, 80, 0.12340
67, 81, -0.88431
67, 82, 0.22309
67, 83, -1.45282
67, 84, -0.17329
68, 69, 1.95470
68, 70, 0.40692
68, 71, 1.08633
68, 72, 1.40961
68, 73, 1.31274
68, 74, 1.44472
68, 75, -0.32645
68, 76, 0.04403
68, 77, -0.56797
68, 78, -0.14824
68, 79, -0.23240
68, 80, -0.26044
68, 81, -0.28007
68, 82, 0.00444
68, 83, -1.14136
68, 84, -0.41347
69, 70, 0.12729
69, 71, 0.42798
69, 72, 1.16403
69, 73, 1.55557
69, 74, -0.36677
69, 75, 0.60130
69, 76, 1.71778
69, 77, 1.61149
69, 78, 0.25747
69, 79, 1.99905
69, 80, -0.33844
69, 81, -0.35526
69, 82, -0.72817
69, 83, -1.67350
69, 84, 0.97176
70, 71, 1.81772
70, 72, 0.09354
70, 73, 0.05060
70, 74, -1.17499
70, 75, 1.16717
70, 76, -0.01094
70, 77, 0.60395
70, 78, 0.80061
70, 79, 1.53428
70, 80, 1.06434
70, 81, -1.31632
70, 82, -0.85740
70, 83, -1.28493
70, 84, -0.58561
71, 72, 0.18708
71, 73, -0.66718
71, 74, -0.35701
71, 75, -0.57444
71, 76, 0.31021
71, 77, 0.14835
71, 78, -0.03334
71, 79, -0.01406
71, 80, 0.94426
71, 81, -0.43324
71, 82, -0.44279
71, 83, -1.02330
71, 84, 1.23179
72, 73, 5.32645
72, 74, 1.47439
72, 75, -0.00869
72, 76, -0.29955
72, 77, 1.15302
72, 78, -0.26227
72, 79, -0.04428
72, 80, -0.28211
72, 81, -0.21960
72, 82, -0.58587
72, 83, -0.84725
72, 84, -0.41410
73, 74, 5.66188
73, 75, 1.22373
73, 76, -0.00958
73, 77, 1.04761
73, 78, -0.27127
73, 79, -0.00142
73, 80, 0.25762
73, 81, -0.70139
73, 82, -0.87063
73, 83, -1.83143
73, 84, -0.43316
74, 75, 16.17088
74, 76, 3.01554
74, 77, 2.50446
74, 78, -0.13165
74, 79, -0.15475
74, 80, -0.22687
74, 81, -0.78091
74, 82, -0.27143
74, 83, -1.79926
74, 84, 0.08470
75, 76, 1.65211
75, 77, -0.09749
75, 78, -0.14477
75, 79, -0.67187
75, 80, -0.44164
75, 81, 2.50645
75, 82, -0.78879
75, 83, -1.24020
75, 84, -0.32872
76, 77, 0.28955
76, 78, 1.54511
76, 79, 0.00399
76, 80, 0.10017
76, 81, 0.08612
76, 82, 0.61932
76, 83, -0.91547
76, 84, 0.23456
77, 78, 0.68820
77, 79, 3.60989
77, 80, 0.18646
77, 81, -0.00781
77, 82, -0.15813
77, 83, 0.38788
77, 84, 0.87547
78, 79, 1.04018
78, 80, 1.53127
78, 81, 0.10501
78, 82, -0.96045
78, 83, 2.21232
78, 84, 0.15566
79, 80, 0.28389
79, 81, 1.52443
79, 82, 1.03823
79, 83, -0.24206
79, 84, 1.96790
80, 81, 2.26458
80, 82, 1.05892
80, 83, 2.75399
80, 84, 0.24683
81, 82, 0.95824
81, 83, 0.56441
81, 84, 3.44733
82, 83, 1.99393
82, 84, 3.97592
83, 84, 13.01541
